<TICKER>;<PER>;<DATE>;<TIME>;<OPEN>;<HIGH>;<LOW>;<CLOSE>;<VOL>
TATN;5;20160104;100500;317.5500000;317.7500000;315.1000000;316.9500000;7150
TATN;5;20160104;101000;316.8000000;317.0500000;316.7000000;317.0500000;690
TATN;5;20160104;101500;317.0500000;317.0500000;316.5500000;316.5500000;1500
TATN;5;20160104;102000;316.5500000;317.0500000;316.5500000;317.0500000;730
TATN;5;20160104;102500;317.0500000;317.5500000;317.0000000;317.3000000;12210
TATN;5;20160104;103000;317.2000000;317.3500000;316.7000000;316.7500000;5910
TATN;5;20160104;103500;316.7500000;317.1500000;316.7500000;317.0500000;3800
TATN;5;20160104;104000;316.8500000;316.8500000;315.5000000;315.5000000;9330
TATN;5;20160104;104500;315.5000000;315.8000000;315.1000000;315.7000000;6620
TATN;5;20160104;105000;315.3000000;315.6500000;315.0500000;315.0500000;3160
TATN;5;20160104;105500;315.0500000;315.0500000;314.5500000;314.8000000;3100
TATN;5;20160104;110000;314.9500000;314.9500000;313.7000000;314.7500000;6870
TATN;5;20160104;110500;314.4000000;314.4000000;312.6000000;313.3000000;6750
TATN;5;20160104;111000;313.0500000;313.3000000;312.1500000;312.3500000;14970
TATN;5;20160104;111500;312.4500000;312.6000000;311.4500000;312.3500000;35340
TATN;5;20160104;112000;312.2500000;312.6000000;311.1500000;311.1500000;26290
TATN;5;20160104;112500;311.1000000;311.3500000;310.3000000;310.5000000;10010
TATN;5;20160104;113000;310.3000000;311.2000000;309.6000000;309.6000000;57840
TATN;5;20160104;113500;310.0000000;310.8500000;309.6000000;310.0500000;18060
TATN;5;20160104;114000;309.8000000;311.0000000;309.5500000;310.0000000;28390
TATN;5;20160104;114500;310.0000000;310.1000000;309.7500000;309.9000000;6630
TATN;5;20160104;115000;309.9000000;309.9000000;309.0500000;309.1500000;27350
TATN;5;20160104;115500;309.4000000;309.4000000;308.5500000;309.0000000;18520
TATN;5;20160104;120000;309.0000000;309.3000000;308.3500000;309.3000000;11120
TATN;5;20160104;120500;309.0000000;309.0000000;308.1500000;308.6500000;14650
TATN;5;20160104;121000;308.6500000;308.6500000;307.6000000;307.6000000;12640
TATN;5;20160104;121500;307.9500000;308.1500000;307.7000000;307.7000000;7600
TATN;5;20160104;122000;307.9500000;307.9500000;307.1000000;307.1000000;19060
TATN;5;20160104;122500;307.1500000;307.7500000;307.0500000;307.7000000;9360
TATN;5;20160104;123000;307.9000000;309.3500000;307.9000000;309.1000000;12700
TATN;5;20160104;123500;309.3000000;309.3000000;308.2500000;308.8000000;9770
TATN;5;20160104;124000;309.0500000;310.0500000;309.0500000;309.8500000;4060
TATN;5;20160104;124500;310.0500000;310.1000000;309.5500000;309.6000000;7190
TATN;5;20160104;125000;309.7500000;309.8000000;308.6500000;308.6500000;4890
TATN;5;20160104;125500;308.7000000;308.7000000;308.5000000;308.5500000;2090
TATN;5;20160104;130000;308.5500000;308.7500000;308.5500000;308.7500000;410
TATN;5;20160104;130500;308.7000000;308.7000000;308.1500000;308.3000000;1470
TATN;5;20160104;131000;308.1000000;308.9000000;308.0500000;308.7500000;1640
TATN;5;20160104;131500;308.7000000;309.8000000;308.5500000;309.8000000;2430
TATN;5;20160104;132000;309.8000000;310.0000000;309.8000000;309.9000000;1460
TATN;5;20160104;132500;309.6500000;309.6500000;309.0500000;309.3000000;3230
TATN;5;20160104;133000;309.3500000;309.6000000;309.3000000;309.4000000;1650
TATN;5;20160104;133500;309.4500000;309.7500000;308.7500000;309.0000000;8790
TATN;5;20160104;134000;309.0000000;309.0000000;308.6500000;308.6500000;2780
TATN;5;20160104;134500;309.0000000;309.8000000;308.9000000;309.0000000;11620
TATN;5;20160104;135000;309.0500000;309.2500000;308.3000000;308.3000000;8910
TATN;5;20160104;135500;308.5500000;308.6000000;308.0500000;308.3000000;4680
TATN;5;20160104;140000;308.4500000;309.8500000;308.4500000;309.8500000;7320
TATN;5;20160104;140500;309.4500000;309.7500000;309.4500000;309.7000000;450
TATN;5;20160104;141000;309.7000000;310.9500000;309.6000000;310.9000000;19580
TATN;5;20160104;141500;310.7000000;311.1000000;309.2500000;309.3500000;15300
TATN;5;20160104;142000;309.4000000;309.4000000;309.4000000;309.4000000;280
TATN;5;20160104;142500;309.1500000;309.1500000;308.9500000;309.0500000;1900
TATN;5;20160104;143000;309.4000000;309.4000000;308.9500000;308.9500000;1350
TATN;5;20160104;143500;309.1500000;310.1000000;309.1000000;310.0000000;3700
TATN;5;20160104;144000;310.0500000;310.6500000;309.8000000;309.8000000;4590
TATN;5;20160104;144500;309.5500000;309.5500000;309.0500000;309.3000000;1520
TATN;5;20160104;145000;309.4000000;309.7000000;309.2500000;309.7000000;380
TATN;5;20160104;145500;309.8000000;310.8000000;309.8000000;310.6500000;11290
TATN;5;20160104;150000;310.6500000;310.7500000;310.2000000;310.4500000;4350
TATN;5;20160104;150500;310.2000000;310.5000000;310.2000000;310.5000000;410
TATN;5;20160104;151000;310.6000000;310.6000000;309.7000000;309.7000000;2980
TATN;5;20160104;151500;309.8500000;309.9000000;309.8500000;309.9000000;280
TATN;5;20160104;152000;309.7000000;309.7000000;309.1000000;309.1000000;5930
TATN;5;20160104;152500;309.1000000;309.1000000;308.9500000;308.9500000;1420
TATN;5;20160104;153000;309.1000000;309.7000000;309.0000000;309.7000000;2680
TATN;5;20160104;153500;309.7500000;310.6000000;309.6000000;310.1000000;9050
TATN;5;20160104;154500;309.6000000;309.9000000;309.5500000;309.9000000;1070
TATN;5;20160104;155000;309.7000000;309.7000000;309.7000000;309.7000000;100
TATN;5;20160104;155500;309.8000000;309.8500000;309.2500000;309.3500000;4400
TATN;5;20160104;160000;309.3500000;309.4500000;309.2000000;309.4500000;5330
TATN;5;20160104;160500;309.2500000;310.7500000;309.1000000;310.4000000;18280
TATN;5;20160104;161000;310.1000000;310.1500000;309.2000000;309.2000000;3920
TATN;5;20160104;161500;309.2000000;309.7000000;308.5000000;308.5000000;21330
TATN;5;20160104;162000;308.7500000;308.7500000;308.6000000;308.7000000;1810
TATN;5;20160104;162500;308.6500000;308.8500000;308.4000000;308.8500000;8020
TATN;5;20160104;163000;309.0000000;309.8500000;309.0000000;309.4000000;3620
TATN;5;20160104;163500;309.3000000;309.3000000;308.6000000;309.0000000;5220
TATN;5;20160104;164000;309.2000000;309.6500000;309.2000000;309.3000000;3740
TATN;5;20160104;164500;309.3000000;309.3000000;308.4000000;308.7000000;5940
TATN;5;20160104;165000;308.7000000;309.3500000;308.7000000;308.8500000;11110
TATN;5;20160104;165500;308.6000000;309.0500000;308.4500000;309.0500000;11930
TATN;5;20160104;170000;309.0500000;309.3500000;308.3500000;308.3500000;6890
TATN;5;20160104;170500;308.6000000;309.3000000;308.6000000;308.9500000;6530
TATN;5;20160104;171000;309.0000000;309.0000000;308.6500000;308.6500000;2070
TATN;5;20160104;171500;308.9000000;308.9500000;308.3000000;308.9500000;3230
TATN;5;20160104;172000;309.0000000;309.2500000;308.7500000;309.0500000;4320
TATN;5;20160104;172500;309.1000000;309.4500000;309.0500000;309.1500000;6080
TATN;5;20160104;173000;309.3000000;309.4500000;309.2500000;309.4000000;860
TATN;5;20160104;173500;309.2000000;309.2000000;308.2500000;308.4000000;15660
TATN;5;20160104;174000;308.5500000;308.9500000;308.0000000;308.1500000;20270
TATN;5;20160104;174500;308.0000000;309.1500000;307.9000000;308.8500000;33060
TATN;5;20160104;175000;308.7500000;309.0000000;308.1000000;309.0000000;12140
TATN;5;20160104;175500;308.7000000;309.1500000;308.6000000;308.8000000;7380
TATN;5;20160104;180000;309.0000000;309.0000000;308.3000000;308.4500000;4490
TATN;5;20160104;180500;308.2500000;309.3500000;308.1500000;309.0500000;21010
TATN;5;20160104;181000;309.2500000;309.4000000;309.0000000;309.3500000;20490
TATN;5;20160104;181500;309.4000000;309.6000000;309.0000000;309.1000000;4740
TATN;5;20160104;182000;309.2000000;309.8000000;308.7500000;309.8000000;7070
TATN;5;20160104;182500;309.7500000;310.0000000;309.3500000;309.6500000;5960
TATN;5;20160104;183000;309.3000000;309.5500000;308.9000000;308.9000000;2290
TATN;5;20160104;183500;308.7500000;309.1500000;308.5000000;309.1500000;11500
TATN;5;20160104;184000;309.0000000;309.2500000;308.3000000;308.4500000;8860
TATN;5;20160104;185000;307.0500000;307.0500000;307.0500000;307.0500000;57230
TATN;5;20160105;100500;307.1500000;308.3000000;306.2500000;307.6500000;17920
TATN;5;20160105;101000;307.9500000;308.2000000;307.7000000;307.8000000;11970
TATN;5;20160105;101500;307.8000000;307.8000000;307.0500000;307.1500000;8070
TATN;5;20160105;102000;307.4000000;307.7500000;307.3000000;307.6500000;3530
TATN;5;20160105;102500;307.3000000;307.7000000;307.3000000;307.7000000;1800
TATN;5;20160105;103000;307.5000000;307.8000000;307.5000000;307.7000000;9210
TATN;5;20160105;103500;307.8000000;307.8000000;307.5500000;307.6000000;9040
TATN;5;20160105;104000;307.5500000;308.0000000;307.5500000;308.0000000;11390
TATN;5;20160105;104500;308.0000000;309.5500000;307.9500000;308.5500000;29730
TATN;5;20160105;105000;308.4000000;308.5000000;307.6000000;307.8000000;11330
TATN;5;20160105;105500;307.9000000;308.2000000;307.8500000;308.0000000;4210
TATN;5;20160105;110000;308.0000000;308.3500000;307.8000000;307.8000000;7550
TATN;5;20160105;110500;307.8000000;308.6500000;307.8000000;308.0000000;7990
TATN;5;20160105;111000;308.3000000;308.8000000;308.0000000;308.0000000;7660
TATN;5;20160105;111500;308.2500000;308.6000000;308.0000000;308.1000000;29650
TATN;5;20160105;112000;308.2500000;308.5500000;308.1000000;308.1000000;14650
TATN;5;20160105;112500;308.3500000;308.6000000;307.8500000;307.8500000;67030
TATN;5;20160105;113000;307.8500000;308.0000000;307.2000000;307.7000000;33230
TATN;5;20160105;113500;307.7500000;308.4500000;307.7500000;308.2000000;14360
TATN;5;20160105;114000;308.5000000;309.0000000;308.4000000;308.4000000;10640
TATN;5;20160105;114500;308.6000000;308.9500000;308.2500000;308.9500000;3050
TATN;5;20160105;115000;308.8000000;308.9500000;307.3500000;307.6000000;18670
TATN;5;20160105;115500;307.6000000;307.6500000;307.1500000;307.5500000;14370
TATN;5;20160105;120000;307.5500000;307.8000000;307.5000000;307.6500000;1950
TATN;5;20160105;120500;307.6500000;308.5000000;307.6500000;308.0000000;21600
TATN;5;20160105;121000;308.0000000;308.3000000;308.0000000;308.1000000;3240
TATN;5;20160105;121500;308.4500000;308.5000000;307.9000000;308.1500000;27340
TATN;5;20160105;122000;308.0500000;308.1500000;308.0000000;308.0500000;1870
TATN;5;20160105;122500;308.0500000;308.6500000;308.0500000;308.5500000;1960
TATN;5;20160105;123000;308.5500000;309.2000000;308.5500000;308.6500000;11930
TATN;5;20160105;123500;308.7000000;309.4500000;308.7000000;309.2000000;14000
TATN;5;20160105;124000;309.2000000;309.4000000;309.0000000;309.0000000;3040
TATN;5;20160105;124500;309.1500000;309.4500000;308.7000000;309.4000000;8950
TATN;5;20160105;125000;309.2000000;309.4500000;308.6000000;308.9500000;7280
TATN;5;20160105;125500;309.0000000;309.1500000;308.3500000;308.3500000;2900
TATN;5;20160105;130000;308.3500000;308.9000000;308.3500000;308.7000000;1150
TATN;5;20160105;130500;308.7000000;309.2000000;308.0000000;308.0000000;7340
TATN;5;20160105;131000;308.0500000;308.2500000;308.0000000;308.0500000;8120
TATN;5;20160105;131500;308.0500000;308.1000000;307.0500000;307.2500000;21490
TATN;5;20160105;132000;307.3000000;307.7500000;307.2500000;307.3000000;13100
TATN;5;20160105;132500;307.4500000;308.8500000;307.3000000;308.3000000;19810
TATN;5;20160105;133000;308.6000000;309.1000000;308.6000000;308.9000000;16350
TATN;5;20160105;133500;308.9000000;309.0000000;308.6000000;308.7000000;8170
TATN;5;20160105;134000;308.7500000;309.2000000;308.6000000;308.8000000;7280
TATN;5;20160105;134500;308.8000000;308.8500000;308.7000000;308.7000000;1140
TATN;5;20160105;135000;308.7000000;308.7000000;308.4000000;308.4500000;4040
TATN;5;20160105;135500;308.7000000;308.9500000;308.5500000;308.8500000;2860
TATN;5;20160105;140000;308.8500000;308.8500000;308.3500000;308.4000000;5020
TATN;5;20160105;140500;308.4000000;309.2000000;308.4000000;308.8000000;6790
TATN;5;20160105;141000;309.0000000;309.3500000;308.9500000;309.2000000;14190
TATN;5;20160105;141500;309.2000000;309.2000000;308.4500000;308.5000000;8950
TATN;5;20160105;142000;308.5000000;308.5000000;307.7000000;307.8000000;20410
TATN;5;20160105;142500;307.8000000;308.1500000;307.7500000;308.0000000;1630
TATN;5;20160105;143000;308.2000000;308.2000000;307.7500000;307.7500000;1960
TATN;5;20160105;143500;307.7500000;307.9000000;307.5500000;307.7000000;4650
TATN;5;20160105;144000;307.7000000;308.4000000;307.5500000;308.1000000;6620
TATN;5;20160105;144500;308.3000000;308.4000000;308.1000000;308.1500000;1990
TATN;5;20160105;145000;308.4000000;308.4500000;308.2000000;308.2500000;3860
TATN;5;20160105;145500;308.2500000;308.4000000;308.2500000;308.2500000;190
TATN;5;20160105;150000;308.5000000;308.5000000;308.3500000;308.3500000;9890
TATN;5;20160105;150500;308.3500000;308.7500000;308.2000000;308.5500000;6110
TATN;5;20160105;151000;308.7500000;308.9500000;308.5500000;308.9000000;2850
TATN;5;20160105;151500;308.8500000;308.8500000;307.7500000;307.8000000;5800
TATN;5;20160105;152000;307.8000000;308.1500000;307.6500000;308.0500000;2780
TATN;5;20160105;152500;308.0500000;308.7500000;308.0500000;308.7500000;660
TATN;5;20160105;153000;308.6500000;308.9000000;307.8000000;307.8000000;8190
TATN;5;20160105;153500;307.8000000;308.0500000;307.7500000;307.9000000;1330
TATN;5;20160105;154000;308.1500000;308.6000000;307.9500000;308.2500000;5460
TATN;5;20160105;154500;308.7000000;309.0000000;308.5500000;308.8000000;1390
TATN;5;20160105;155000;308.8000000;309.0000000;308.2000000;308.2000000;5360
TATN;5;20160105;155500;308.2000000;308.5500000;308.2000000;308.4000000;2790
TATN;5;20160105;160000;308.4000000;308.9500000;308.3000000;308.8000000;6330
TATN;5;20160105;160500;309.0000000;309.2000000;308.7500000;309.1500000;12820
TATN;5;20160105;161000;309.1000000;310.9500000;309.1000000;310.7000000;41090
TATN;5;20160105;161500;310.8500000;311.0000000;310.0500000;310.4000000;17200
TATN;5;20160105;162000;310.6000000;311.9500000;310.5000000;311.0500000;31910
TATN;5;20160105;162500;311.1000000;311.4000000;310.6000000;310.9500000;10860
TATN;5;20160105;163000;311.2500000;312.0000000;311.0500000;311.1500000;13630
TATN;5;20160105;163500;311.0000000;311.2000000;310.8000000;310.8000000;3670
TATN;5;20160105;164000;310.9500000;311.9500000;310.7000000;311.6500000;7110
TATN;5;20160105;164500;311.6000000;311.6000000;310.6000000;310.6000000;9010
TATN;5;20160105;165000;311.0000000;311.0000000;310.6000000;310.6000000;4250
TATN;5;20160105;165500;310.6000000;311.0000000;310.3500000;310.7500000;6900
TATN;5;20160105;170000;310.8000000;311.0500000;310.7000000;310.8500000;1780
TATN;5;20160105;170500;310.9000000;310.9500000;310.3500000;310.3500000;9200
TATN;5;20160105;171000;310.3500000;310.6500000;310.0000000;310.1000000;14710
TATN;5;20160105;171500;310.1000000;310.5000000;310.1000000;310.1000000;3890
TATN;5;20160105;172000;310.4000000;310.4500000;308.7000000;309.0000000;12600
TATN;5;20160105;172500;309.0500000;310.5000000;308.9000000;310.2500000;7480
TATN;5;20160105;173000;310.2500000;310.7000000;309.1500000;309.3000000;10170
TATN;5;20160105;173500;309.7000000;310.9000000;309.3000000;310.1500000;19240
TATN;5;20160105;174000;310.5500000;310.7500000;310.2000000;310.2000000;2930
TATN;5;20160105;174500;310.5500000;311.0000000;310.2500000;310.3000000;12900
TATN;5;20160105;175000;310.6500000;310.6500000;310.2000000;310.2000000;2080
TATN;5;20160105;175500;310.2500000;310.8000000;310.2000000;310.3000000;4810
TATN;5;20160105;180000;310.3500000;310.5500000;310.0500000;310.2000000;4330
TATN;5;20160105;180500;310.4500000;310.8500000;310.0000000;310.0000000;13310
TATN;5;20160105;181000;310.3000000;310.7500000;309.5500000;309.6000000;15670
TATN;5;20160105;181500;309.9000000;311.0000000;309.9000000;310.8000000;17900
TATN;5;20160105;182000;311.0500000;311.6500000;310.9000000;311.4000000;23240
TATN;5;20160105;182500;311.3500000;311.6500000;309.7500000;310.1500000;37900
TATN;5;20160105;183000;310.3500000;310.8000000;310.1500000;310.3000000;22280
TATN;5;20160105;183500;310.5500000;311.6500000;310.4500000;311.2000000;23160
TATN;5;20160105;184000;311.5000000;312.9000000;311.4500000;312.7500000;54030
TATN;5;20160105;185000;314.0000000;314.0000000;314.0000000;314.0000000;73220
TATN;5;20160106;100500;313.0000000;313.2000000;311.5500000;312.8500000;11510
TATN;5;20160106;101000;312.6500000;313.7000000;312.6500000;313.6000000;4260
TATN;5;20160106;101500;313.5500000;313.5500000;313.1000000;313.3500000;1470
TATN;5;20160106;102000;313.3000000;313.7000000;312.6000000;312.6000000;8130
TATN;5;20160106;102500;312.5500000;312.6000000;311.9500000;312.6000000;6590
TATN;5;20160106;103000;312.6000000;313.3500000;312.6000000;313.1500000;3820
TATN;5;20160106;103500;313.1500000;313.5500000;313.1500000;313.5500000;2600
TATN;5;20160106;104000;313.6000000;313.6000000;312.3000000;312.3000000;5160
TATN;5;20160106;104500;312.6000000;312.6500000;312.3000000;312.6500000;1190
TATN;5;20160106;105000;312.6500000;313.1000000;312.6500000;313.1000000;3920
TATN;5;20160106;105500;313.3500000;313.4000000;313.0000000;313.0000000;2710
TATN;5;20160106;110000;312.8000000;313.2500000;312.8000000;313.2500000;2360
TATN;5;20160106;110500;313.2500000;313.2500000;312.0000000;312.3000000;23770
TATN;5;20160106;111000;312.0000000;312.6500000;312.0000000;312.5500000;17140
TATN;5;20160106;111500;312.5500000;312.5500000;310.5000000;311.4000000;14990
TATN;5;20160106;112000;311.5500000;312.9500000;311.2500000;312.9500000;4980
TATN;5;20160106;112500;312.7500000;312.7500000;311.7500000;312.0500000;9800
TATN;5;20160106;113000;312.4000000;312.4000000;311.7500000;312.0500000;1700
TATN;5;20160106;113500;312.1000000;313.4500000;312.1000000;313.4500000;9230
TATN;5;20160106;114000;313.2000000;313.2000000;311.4000000;312.9500000;14930
TATN;5;20160106;114500;312.6500000;313.0000000;312.0500000;312.4000000;7200
TATN;5;20160106;115000;312.3500000;313.0000000;311.0000000;312.9000000;11400
TATN;5;20160106;115500;312.9000000;313.6500000;312.9000000;313.2500000;5110
TATN;5;20160106;120000;313.5500000;314.6500000;313.5500000;314.5000000;11770
TATN;5;20160106;120500;314.5000000;314.6500000;313.9500000;313.9500000;7790
TATN;5;20160106;121000;314.3000000;314.8000000;314.3000000;314.7500000;7220
TATN;5;20160106;121500;314.6500000;314.8000000;314.4000000;314.5500000;1640
TATN;5;20160106;122000;314.8000000;315.4000000;314.5500000;315.3000000;21510
TATN;5;20160106;122500;315.0500000;316.5500000;315.0500000;316.0000000;19450
TATN;5;20160106;123000;316.0000000;316.7000000;315.9000000;316.5500000;12450
TATN;5;20160106;123500;315.9000000;316.2500000;315.4000000;315.9000000;14780
TATN;5;20160106;124000;315.9000000;315.9500000;314.0500000;314.9500000;57290
TATN;5;20160106;124500;314.8000000;314.8500000;314.1500000;314.1500000;6690
TATN;5;20160106;125000;314.2000000;314.7000000;313.2000000;313.6000000;18230
TATN;5;20160106;125500;313.6000000;315.0000000;313.6000000;314.7500000;26770
TATN;5;20160106;130000;315.0000000;315.3000000;314.7000000;314.7500000;15880
TATN;5;20160106;130500;314.5500000;315.0000000;312.8500000;313.6500000;15530
TATN;5;20160106;131000;313.4500000;314.0000000;313.3000000;314.0000000;4690
TATN;5;20160106;131500;314.2500000;314.2500000;314.1500000;314.2500000;1390
TATN;5;20160106;132000;314.4000000;315.0000000;314.1000000;314.2500000;6390
TATN;5;20160106;132500;314.2500000;314.5000000;312.3500000;312.5000000;17080
TATN;5;20160106;133000;312.4000000;312.4000000;310.8500000;311.5500000;24000
TATN;5;20160106;133500;311.1500000;312.0500000;310.6000000;311.4500000;29230
TATN;5;20160106;134000;311.4500000;312.6000000;311.2500000;311.2500000;16780
TATN;5;20160106;134500;311.1500000;311.3500000;310.7500000;311.3500000;9090
TATN;5;20160106;135000;311.3500000;311.7000000;310.6500000;311.7000000;8650
TATN;5;20160106;135500;311.7000000;312.0000000;311.4500000;311.5500000;5400
TATN;5;20160106;140000;312.0000000;312.0000000;311.9000000;311.9500000;2440
TATN;5;20160106;140500;311.9500000;313.1500000;311.9500000;312.6500000;6980
TATN;5;20160106;141000;312.5000000;312.8000000;312.5000000;312.8000000;140
TATN;5;20160106;141500;312.3500000;312.7500000;311.0500000;311.0500000;5690
TATN;5;20160106;142000;311.0000000;311.5500000;310.8000000;311.2000000;11650
TATN;5;20160106;142500;311.2000000;311.5500000;310.5000000;310.7500000;9120
TATN;5;20160106;143000;310.9000000;311.3500000;310.9000000;311.0500000;4500
TATN;5;20160106;143500;311.0000000;311.3500000;310.9000000;311.3500000;1020
TATN;5;20160106;144000;311.3500000;311.6500000;311.3500000;311.6500000;1230
TATN;5;20160106;144500;311.7000000;312.5500000;311.3500000;312.5500000;5710
TATN;5;20160106;145000;312.3000000;312.4500000;311.6500000;312.3500000;14390
TATN;5;20160106;145500;312.5500000;313.1000000;312.3500000;312.3500000;8870
TATN;5;20160106;150000;312.6000000;313.2500000;312.6000000;313.2500000;10790
TATN;5;20160106;150500;313.0000000;313.0000000;312.4000000;312.4000000;5460
TATN;5;20160106;151000;312.2500000;313.0000000;311.4000000;312.8500000;12310
TATN;5;20160106;151500;312.8500000;313.4500000;312.8500000;313.0500000;7780
TATN;5;20160106;152000;312.9500000;313.9500000;312.9500000;313.9000000;6050
TATN;5;20160106;152500;314.0000000;314.0000000;313.7000000;313.7000000;9070
TATN;5;20160106;153000;313.4000000;313.5500000;313.0500000;313.3500000;2670
TATN;5;20160106;153500;313.3000000;313.8000000;312.5000000;313.5500000;8270
TATN;5;20160106;154000;313.5000000;314.4000000;313.5000000;314.3000000;7660
TATN;5;20160106;154500;314.2500000;314.5500000;313.5000000;314.4500000;14240
TATN;5;20160106;155000;314.3000000;314.6000000;313.7000000;313.7000000;15420
TATN;5;20160106;155500;314.0000000;314.0500000;313.1000000;313.4000000;18080
TATN;5;20160106;160000;313.7500000;314.5000000;313.7500000;314.5000000;4610
TATN;5;20160106;160500;314.6000000;314.9000000;314.3000000;314.7500000;12770
TATN;5;20160106;161000;314.7500000;315.0000000;314.3000000;314.8500000;13030
TATN;5;20160106;161500;314.9000000;315.4000000;314.7000000;314.9500000;28600
TATN;5;20160106;162000;314.9500000;315.0000000;314.3500000;314.5000000;11470
TATN;5;20160106;162500;314.5000000;314.9000000;314.5000000;314.7000000;5410
TATN;5;20160106;163000;314.8500000;315.1500000;314.6500000;314.8500000;8800
TATN;5;20160106;163500;314.9500000;315.0000000;314.4000000;314.9500000;20050
TATN;5;20160106;164000;314.9000000;315.3500000;314.5500000;314.9500000;24120
TATN;5;20160106;164500;314.7000000;315.3000000;314.7000000;315.2000000;24520
TATN;5;20160106;165000;315.1500000;315.7000000;314.9000000;315.6000000;14280
TATN;5;20160106;165500;315.6000000;315.7500000;315.4500000;315.6000000;5690
TATN;5;20160106;170000;315.6500000;315.9000000;315.6500000;315.9000000;4610
TATN;5;20160106;170500;315.6500000;317.0000000;315.6500000;316.9500000;44690
TATN;5;20160106;171000;317.0000000;317.6500000;316.5500000;317.1500000;24070
TATN;5;20160106;171500;317.3000000;317.3500000;315.9000000;316.5500000;15540
TATN;5;20160106;172000;316.8500000;317.3500000;316.6000000;317.0000000;4710
TATN;5;20160106;172500;317.0500000;317.3500000;316.2500000;316.2500000;7690
TATN;5;20160106;173000;316.3500000;317.5000000;316.2000000;317.3500000;14190
TATN;5;20160106;173500;317.2500000;317.2500000;316.1500000;316.9000000;26500
TATN;5;20160106;174000;316.7500000;317.3000000;316.6000000;317.0000000;21560
TATN;5;20160106;174500;317.0000000;318.1500000;317.0000000;318.1500000;35610
TATN;5;20160106;175000;318.1000000;318.8500000;317.6000000;318.8500000;26680
TATN;5;20160106;175500;318.5500000;319.3000000;318.5000000;318.6000000;11470
TATN;5;20160106;180000;318.6000000;318.6000000;317.6000000;318.4000000;7850
TATN;5;20160106;180500;318.1000000;318.7500000;317.1000000;317.1000000;8230
TATN;5;20160106;181000;317.1000000;318.6000000;317.1000000;318.1000000;12530
TATN;5;20160106;181500;318.2000000;319.0500000;318.0500000;318.9000000;8030
TATN;5;20160106;182000;319.0500000;319.3000000;317.4500000;317.4500000;20310
TATN;5;20160106;182500;317.4500000;319.4000000;317.1000000;317.5500000;30550
TATN;5;20160106;183000;317.8000000;318.2500000;317.3500000;317.3500000;13140
TATN;5;20160106;183500;317.2000000;317.5500000;316.5500000;316.7500000;6570
TATN;5;20160106;184000;316.5500000;316.7500000;315.2000000;315.7500000;65960
TATN;5;20160106;185000;316.0000000;316.0000000;316.0000000;316.0000000;39030
TATN;5;20160111;100500;309.5000000;310.2000000;306.2500000;307.0500000;46820
TATN;5;20160111;101000;308.0000000;308.8000000;307.0500000;307.6000000;17640
TATN;5;20160111;101500;307.6500000;309.6000000;307.6000000;307.8500000;17080
TATN;5;20160111;102000;307.9000000;309.4000000;307.5500000;307.9000000;22650
TATN;5;20160111;102500;307.9500000;308.0000000;307.4500000;307.9500000;17260
TATN;5;20160111;103000;307.9500000;308.7000000;307.9500000;308.7000000;6440
TATN;5;20160111;103500;308.7000000;308.9000000;307.7500000;307.7500000;32030
TATN;5;20160111;104000;307.8000000;308.5500000;307.7500000;307.8500000;23570
TATN;5;20160111;104500;307.9500000;307.9500000;307.7500000;307.7500000;30530
TATN;5;20160111;105000;307.7500000;308.1000000;307.2000000;307.8000000;30020
TATN;5;20160111;105500;307.8000000;308.0500000;307.7500000;307.7500000;4160
TATN;5;20160111;110000;308.0500000;308.0500000;307.5000000;307.7500000;9290
TATN;5;20160111;110500;308.0500000;309.3000000;307.9000000;308.1000000;34060
TATN;5;20160111;111000;308.4500000;309.6000000;308.2000000;309.0500000;19930
TATN;5;20160111;111500;309.4000000;309.4000000;307.8000000;308.2500000;11540
TATN;5;20160111;112000;307.9500000;308.0500000;306.7000000;306.7000000;32620
TATN;5;20160111;112500;306.7000000;308.1000000;306.3000000;307.4000000;24610
TATN;5;20160111;113000;307.4000000;307.9000000;307.4000000;307.5000000;5400
TATN;5;20160111;113500;307.4500000;308.2000000;307.2500000;308.0000000;8630
TATN;5;20160111;114000;307.8500000;308.9500000;307.8500000;308.4500000;6770
TATN;5;20160111;114500;308.4500000;308.5000000;308.0000000;308.2500000;3770
TATN;5;20160111;115000;308.2500000;309.6000000;308.2500000;309.6000000;17730
TATN;5;20160111;115500;309.6000000;309.9000000;308.8500000;309.2000000;21050
TATN;5;20160111;120000;309.2000000;310.0000000;308.5000000;309.5000000;43600
TATN;5;20160111;120500;309.5000000;310.2000000;309.2500000;309.7500000;13360
TATN;5;20160111;121000;309.7500000;310.4000000;309.3000000;309.8000000;11970
TATN;5;20160111;121500;309.9000000;310.0000000;309.4500000;309.5000000;1460
TATN;5;20160111;122000;309.5000000;309.5500000;309.0000000;309.2500000;6740
TATN;5;20160111;122500;309.2000000;310.3000000;309.2000000;309.7500000;6540
TATN;5;20160111;123000;309.7500000;310.2000000;309.5000000;309.9000000;5960
TATN;5;20160111;123500;309.9500000;309.9500000;308.2000000;308.2500000;21330
TATN;5;20160111;124000;308.2500000;308.8500000;308.0000000;308.8500000;11700
TATN;5;20160111;124500;308.5500000;309.0000000;308.5500000;308.6000000;4770
TATN;5;20160111;125000;308.4500000;308.6000000;308.2500000;308.4000000;7050
TATN;5;20160111;125500;308.3000000;309.0500000;308.3000000;308.7000000;1650
TATN;5;20160111;130000;308.6000000;309.0500000;308.6000000;308.7500000;160
TATN;5;20160111;130500;309.0000000;309.0000000;308.5500000;308.8500000;1510
TATN;5;20160111;131000;308.5500000;308.8000000;308.1000000;308.1000000;3460
TATN;5;20160111;131500;308.1000000;308.7000000;307.8000000;307.8000000;12730
TATN;5;20160111;132000;307.8000000;308.1000000;307.6000000;307.7000000;6040
TATN;5;20160111;132500;307.7500000;307.7500000;307.3000000;307.3500000;17200
TATN;5;20160111;133000;307.3500000;307.9000000;307.3500000;307.4500000;15240
TATN;5;20160111;133500;307.4500000;307.6500000;307.2500000;307.3000000;5210
TATN;5;20160111;134000;307.2500000;307.4500000;306.9500000;307.2500000;13730
TATN;5;20160111;134500;307.2500000;307.6000000;307.1000000;307.3000000;1390
TATN;5;20160111;135000;307.2500000;307.3500000;306.5500000;306.7500000;36780
TATN;5;20160111;135500;306.8000000;306.9000000;306.6000000;306.6000000;8310
TATN;5;20160111;140000;306.6000000;307.0500000;306.6000000;306.8500000;2710
TATN;5;20160111;140500;306.8000000;307.2500000;306.8000000;306.9000000;470
TATN;5;20160111;141000;307.2000000;307.6500000;307.2000000;307.3000000;4110
TATN;5;20160111;141500;307.3500000;307.3500000;306.0500000;306.4500000;20760
TATN;5;20160111;142000;306.3000000;306.4000000;305.8500000;305.8500000;8710
TATN;5;20160111;142500;306.1000000;306.1000000;305.1000000;305.4000000;46810
TATN;5;20160111;143000;305.3500000;306.1500000;305.3000000;305.5000000;16990
TATN;5;20160111;143500;305.5500000;306.0500000;305.1000000;306.0500000;23230
TATN;5;20160111;144000;305.8500000;306.2000000;305.3500000;305.9500000;10030
TATN;5;20160111;144500;305.9000000;306.5000000;305.5500000;306.2500000;9170
TATN;5;20160111;145000;306.5000000;307.0000000;306.1000000;307.0000000;8980
TATN;5;20160111;145500;307.2000000;307.9500000;307.0500000;307.0500000;11480
TATN;5;20160111;150000;307.0000000;307.4000000;306.2500000;306.5000000;8310
TATN;5;20160111;150500;306.4500000;306.7500000;306.0000000;306.0500000;8850
TATN;5;20160111;151000;306.1000000;306.4500000;306.1000000;306.1500000;2960
TATN;5;20160111;151500;306.3500000;306.5000000;306.0000000;306.1000000;2510
TATN;5;20160111;152000;306.1000000;306.3500000;305.6500000;305.6500000;7870
TATN;5;20160111;152500;305.7000000;305.9500000;305.7000000;305.7000000;5680
TATN;5;20160111;153000;305.7000000;306.2500000;305.5000000;306.2500000;2740
TATN;5;20160111;153500;306.1000000;306.7500000;306.1000000;306.5000000;6940
TATN;5;20160111;154000;306.7000000;306.9500000;306.1000000;306.1000000;10810
TATN;5;20160111;154500;305.9000000;306.7500000;305.9000000;306.6500000;4570
TATN;5;20160111;155000;306.9500000;306.9500000;305.9500000;306.4500000;11800
TATN;5;20160111;155500;306.8000000;306.8000000;306.0500000;306.0500000;3460
TATN;5;20160111;160000;306.1500000;306.5500000;306.0500000;306.2000000;2350
TATN;5;20160111;160500;306.2000000;306.2000000;305.3000000;305.4500000;5110
TATN;5;20160111;161000;305.5000000;306.9000000;305.4000000;305.4000000;38900
TATN;5;20160111;161500;305.4500000;306.2000000;305.3500000;306.2000000;8220
TATN;5;20160111;162000;306.2000000;307.6500000;305.8500000;307.6000000;16750
TATN;5;20160111;162500;307.3000000;307.3000000;306.0000000;306.0000000;8310
TATN;5;20160111;163000;306.0000000;306.1000000;305.8000000;305.8500000;5130
TATN;5;20160111;163500;306.1500000;306.5000000;305.9000000;306.5000000;11450
TATN;5;20160111;164000;306.5000000;307.6000000;306.3500000;307.2500000;13300
TATN;5;20160111;164500;307.5500000;308.2000000;307.4000000;308.1500000;16790
TATN;5;20160111;165000;307.8500000;307.8500000;307.1500000;307.1500000;1710
TATN;5;20160111;165500;307.1500000;307.4500000;307.0000000;307.2000000;6370
TATN;5;20160111;170000;307.2500000;307.5000000;307.0000000;307.5000000;3660
TATN;5;20160111;170500;307.0500000;307.3000000;306.6000000;307.0500000;8230
TATN;5;20160111;171000;307.0500000;307.3500000;307.0500000;307.1500000;890
TATN;5;20160111;171500;306.9500000;307.4000000;306.7500000;307.0500000;2610
TATN;5;20160111;172000;307.4000000;308.0000000;307.1000000;307.5500000;9690
TATN;5;20160111;172500;307.5500000;307.5500000;307.2500000;307.3500000;140
TATN;5;20160111;173000;307.2500000;307.3500000;306.9500000;307.1000000;1850
TATN;5;20160111;173500;307.1000000;307.6000000;306.7500000;306.7500000;8700
TATN;5;20160111;174000;306.8000000;307.0000000;306.3500000;306.7000000;15730
TATN;5;20160111;174500;306.7000000;306.7000000;306.0000000;306.0000000;32350
TATN;5;20160111;175000;306.0000000;306.0500000;305.7000000;305.8500000;13500
TATN;5;20160111;175500;305.8500000;305.9500000;305.5000000;305.7000000;16800
TATN;5;20160111;180000;305.7000000;305.9000000;305.3500000;305.4000000;30350
TATN;5;20160111;180500;305.5000000;305.7500000;305.2000000;305.2500000;17670
TATN;5;20160111;181000;305.2500000;305.4000000;304.0500000;304.2000000;42310
TATN;5;20160111;181500;304.3000000;304.4000000;304.0000000;304.0500000;67180
TATN;5;20160111;182000;304.0500000;304.0500000;303.0000000;303.8500000;52970
TATN;5;20160111;182500;303.7500000;304.1000000;303.0000000;303.0500000;34960
TATN;5;20160111;183000;303.0500000;303.9500000;303.0000000;303.9500000;23500
TATN;5;20160111;183500;303.9000000;305.2500000;303.8000000;304.6500000;17720
TATN;5;20160111;184000;305.0000000;305.1500000;304.0500000;304.0500000;8050
TATN;5;20160111;185000;303.1000000;303.1000000;303.1000000;303.1000000;72800
TATN;5;20160112;100500;302.0500000;302.0500000;300.0000000;300.0500000;29350
TATN;5;20160112;101000;300.1000000;301.0000000;300.1000000;300.5000000;9750
TATN;5;20160112;101500;300.6000000;300.8000000;299.4000000;299.5000000;20200
TATN;5;20160112;102000;299.6500000;299.9000000;299.1500000;299.7500000;11660
TATN;5;20160112;102500;299.4000000;299.9500000;299.3000000;299.3500000;7670
TATN;5;20160112;103000;299.4000000;299.4000000;299.0000000;299.0000000;11530
TATN;5;20160112;103500;299.0000000;299.5500000;299.0000000;299.0500000;19380
TATN;5;20160112;104000;299.1000000;299.6500000;299.0000000;299.1500000;7180
TATN;5;20160112;104500;299.2500000;299.5000000;299.1000000;299.1000000;1590
TATN;5;20160112;105000;299.3500000;299.4000000;299.1000000;299.3500000;10550
TATN;5;20160112;105500;299.3500000;300.1500000;299.3500000;300.1500000;11420
TATN;5;20160112;110000;300.3000000;300.8000000;300.1500000;300.8000000;5790
TATN;5;20160112;110500;300.8000000;301.0000000;300.0500000;300.6000000;32480
TATN;5;20160112;111000;300.6000000;300.6000000;300.0500000;300.3000000;9290
TATN;5;20160112;111500;300.3000000;300.9000000;300.1000000;300.6000000;23050
TATN;5;20160112;112000;300.8000000;301.0500000;300.2500000;300.5500000;6460
TATN;5;20160112;112500;300.5500000;301.7500000;300.5500000;301.3500000;20320
TATN;5;20160112;113000;301.2000000;301.6500000;300.4500000;301.0500000;2740
TATN;5;20160112;113500;301.0500000;301.9000000;301.0500000;301.4500000;19780
TATN;5;20160112;114000;301.4500000;302.6000000;301.4500000;302.2500000;21510
TATN;5;20160112;114500;302.1500000;302.1500000;301.5500000;301.8000000;3580
TATN;5;20160112;115000;301.6000000;301.8500000;301.1500000;301.1500000;6180
TATN;5;20160112;115500;301.1000000;301.8500000;301.1000000;301.8000000;4210
TATN;5;20160112;120000;301.3500000;302.0000000;301.3500000;301.7000000;4980
TATN;5;20160112;120500;302.0000000;303.4500000;301.9000000;303.4500000;18300
TATN;5;20160112;121000;303.4500000;303.7500000;303.1500000;303.4000000;7220
TATN;5;20160112;121500;303.1000000;303.6500000;302.7500000;303.6500000;8360
TATN;5;20160112;122000;303.6000000;304.1000000;303.3000000;303.7500000;13100
TATN;5;20160112;122500;303.3000000;304.0000000;303.3000000;304.0000000;6390
TATN;5;20160112;123000;304.0000000;304.2000000;303.7500000;304.1000000;11800
TATN;5;20160112;123500;304.0500000;304.3500000;303.7500000;303.9500000;33520
TATN;5;20160112;124000;303.9000000;304.1000000;303.6000000;303.6000000;7020
TATN;5;20160112;124500;303.6000000;303.8500000;303.2000000;303.8500000;3080
TATN;5;20160112;125000;303.9500000;304.2000000;303.7000000;304.1000000;27080
TATN;5;20160112;125500;303.8500000;304.1000000;303.7500000;304.1000000;3930
TATN;5;20160112;130000;304.0000000;304.3500000;304.0000000;304.1500000;8710
TATN;5;20160112;130500;304.2000000;304.3500000;303.3000000;303.7500000;12450
TATN;5;20160112;131000;303.7500000;304.0500000;303.2000000;303.5000000;8520
TATN;5;20160112;131500;303.6500000;303.9000000;303.1500000;303.8000000;7920
TATN;5;20160112;132000;303.3000000;303.7500000;303.3000000;303.7500000;330
TATN;5;20160112;132500;303.3500000;303.7000000;303.2500000;303.7000000;670
TATN;5;20160112;133000;303.6500000;304.0000000;303.5500000;303.8500000;1090
TATN;5;20160112;133500;303.8500000;304.5000000;303.5500000;304.4000000;8880
TATN;5;20160112;134000;304.0500000;304.6000000;304.0000000;304.6000000;1070
TATN;5;20160112;134500;304.6000000;304.6000000;304.4000000;304.6000000;5230
TATN;5;20160112;135000;304.5500000;305.5500000;304.5500000;305.5500000;9180
TATN;5;20160112;135500;305.5500000;305.9000000;305.2000000;305.2000000;12440
TATN;5;20160112;140000;305.0500000;306.7000000;305.0500000;306.7000000;24690
TATN;5;20160112;140500;306.6000000;306.7000000;306.1500000;306.4500000;4220
TATN;5;20160112;141000;306.0000000;306.3000000;305.6500000;305.7000000;2540
TATN;5;20160112;141500;306.0000000;306.3500000;305.7000000;306.0500000;4530
TATN;5;20160112;142000;306.0000000;306.4500000;305.5500000;306.3000000;1840
TATN;5;20160112;142500;306.3000000;307.8000000;306.3000000;307.5500000;16370
TATN;5;20160112;143000;307.6500000;309.5500000;307.6000000;309.5500000;21890
TATN;5;20160112;143500;309.5000000;309.7000000;308.0000000;308.1000000;17060
TATN;5;20160112;144000;308.0500000;308.0500000;306.3500000;306.3500000;11220
TATN;5;20160112;144500;306.5500000;306.8000000;306.4000000;306.8000000;780
TATN;5;20160112;145000;306.8000000;307.7500000;306.5500000;307.6000000;9650
TATN;5;20160112;145500;307.2000000;307.3500000;306.4500000;306.4500000;4220
TATN;5;20160112;150000;306.5000000;306.6000000;305.1000000;305.6000000;29150
TATN;5;20160112;150500;305.1500000;306.0000000;304.7500000;305.7000000;14950
TATN;5;20160112;151000;305.6500000;305.9500000;304.5000000;304.8500000;10890
TATN;5;20160112;151500;304.9500000;304.9500000;304.3000000;304.9500000;8340
TATN;5;20160112;152000;305.1000000;305.4500000;305.1000000;305.2000000;1290
TATN;5;20160112;152500;304.6500000;305.9000000;304.6500000;305.9000000;3340
TATN;5;20160112;153000;305.8000000;306.5500000;305.8000000;306.5500000;5950
TATN;5;20160112;153500;306.5000000;306.5000000;305.5500000;305.9500000;3090
TATN;5;20160112;154000;306.0500000;306.9000000;305.7000000;306.5000000;5600
TATN;5;20160112;154500;306.7000000;307.5500000;306.7000000;306.8500000;6750
TATN;5;20160112;155000;306.4500000;307.4500000;306.4500000;307.4500000;6230
TATN;5;20160112;155500;307.3000000;307.4500000;306.8000000;307.1000000;8270
TATN;5;20160112;160000;307.1000000;307.4500000;306.6000000;307.4500000;12700
TATN;5;20160112;160500;307.4000000;307.4500000;307.1500000;307.4000000;330
TATN;5;20160112;161000;307.4000000;307.6000000;307.0500000;307.3000000;2870
TATN;5;20160112;161500;306.9000000;307.1000000;306.6000000;307.0000000;4940
TATN;5;20160112;162000;306.9500000;307.7500000;306.9000000;307.7500000;16900
TATN;5;20160112;162500;307.5500000;308.0000000;307.2000000;307.5500000;8880
TATN;5;20160112;163000;307.2500000;307.2500000;306.8000000;307.0500000;1540
TATN;5;20160112;163500;306.7500000;307.2000000;306.4000000;307.2000000;3560
TATN;5;20160112;164000;307.2500000;307.8000000;307.1500000;307.8000000;9410
TATN;5;20160112;164500;307.8000000;308.0000000;307.4500000;307.9500000;3830
TATN;5;20160112;165000;307.9000000;309.0500000;307.9000000;308.7500000;28820
TATN;5;20160112;165500;308.7500000;310.0000000;308.4000000;309.9500000;46140
TATN;5;20160112;170000;309.9500000;310.0000000;308.3500000;308.3500000;29030
TATN;5;20160112;170500;308.3000000;309.4000000;308.3000000;308.8000000;18700
TATN;5;20160112;171000;308.5000000;308.9000000;308.1000000;308.6500000;10090
TATN;5;20160112;171500;308.4500000;308.7500000;307.6000000;307.9500000;4390
TATN;5;20160112;172000;307.9500000;309.5000000;307.9500000;309.3000000;12280
TATN;5;20160112;172500;309.4000000;309.7000000;308.6000000;309.6500000;12700
TATN;5;20160112;173000;309.4500000;309.7500000;309.2000000;309.4500000;6610
TATN;5;20160112;173500;309.4500000;309.7500000;308.5000000;309.2000000;14640
TATN;5;20160112;174000;309.3500000;309.3500000;308.0000000;309.0000000;9640
TATN;5;20160112;174500;309.0000000;309.2000000;308.0000000;308.4000000;17650
TATN;5;20160112;175000;308.0000000;308.9500000;308.0000000;308.9500000;7090
TATN;5;20160112;175500;308.6000000;308.6000000;308.1500000;308.3500000;420
TATN;5;20160112;180000;308.2500000;308.7000000;308.2500000;308.3500000;1630
TATN;5;20160112;180500;308.1000000;308.9000000;307.9500000;308.4500000;5570
TATN;5;20160112;181000;308.1500000;308.3500000;307.7500000;308.3000000;8820
TATN;5;20160112;181500;308.3500000;308.6500000;308.2000000;308.2000000;6290
TATN;5;20160112;182000;308.3000000;308.3000000;306.8000000;307.4000000;15680
TATN;5;20160112;182500;307.8000000;307.9500000;306.8000000;307.0000000;8630
TATN;5;20160112;183000;307.0500000;307.7500000;306.5500000;307.4500000;18060
TATN;5;20160112;183500;307.3000000;307.4500000;306.9000000;307.0500000;7430
TATN;5;20160112;184000;307.0000000;307.5000000;306.0000000;306.0000000;54580
TATN;5;20160112;185000;305.7000000;305.7000000;305.7000000;305.7000000;52650
TATN;5;20160113;100500;307.6500000;307.7000000;305.4000000;307.0000000;95340
TATN;5;20160113;101000;307.0000000;307.0000000;306.1000000;306.7000000;12780
TATN;5;20160113;101500;306.9000000;306.9000000;306.2000000;306.7000000;5960
TATN;5;20160113;102000;306.7000000;307.0000000;306.5000000;306.6000000;5940
TATN;5;20160113;102500;306.8500000;306.9000000;306.5500000;306.7500000;1780
TATN;5;20160113;103000;306.6000000;306.9000000;306.3500000;306.8500000;11340
TATN;5;20160113;103500;306.5500000;306.8500000;306.2000000;306.3500000;9620
TATN;5;20160113;104000;306.2000000;306.5000000;306.0500000;306.5000000;4800
TATN;5;20160113;104500;306.5000000;307.5000000;306.5000000;307.5000000;11160
TATN;5;20160113;105000;307.4500000;307.5000000;307.2000000;307.5000000;9690
TATN;5;20160113;105500;307.3500000;307.4000000;306.4500000;306.7000000;2520
TATN;5;20160113;110000;306.6500000;306.8000000;306.4500000;306.8000000;3220
TATN;5;20160113;110500;306.4500000;307.5000000;306.4500000;307.5000000;27830
TATN;5;20160113;111000;307.5000000;308.0000000;307.1500000;307.9500000;30140
TATN;5;20160113;111500;307.9500000;307.9500000;306.7500000;307.1500000;26570
TATN;5;20160113;112000;307.1500000;307.1500000;306.4500000;306.4500000;11390
TATN;5;20160113;112500;306.6000000;307.4500000;306.4000000;307.2000000;16620
TATN;5;20160113;113000;307.2000000;307.6500000;307.1500000;307.4000000;7190
TATN;5;20160113;113500;307.3500000;307.6500000;306.5500000;307.2000000;29750
TATN;5;20160113;114000;307.3000000;307.8500000;307.3000000;307.6000000;8010
TATN;5;20160113;114500;307.6000000;307.9000000;306.8500000;307.2500000;18810
TATN;5;20160113;115000;307.2500000;307.9000000;307.0500000;307.4500000;22850
TATN;5;20160113;115500;307.4500000;308.9000000;306.8500000;307.5500000;50070
TATN;5;20160113;120000;307.5500000;307.9000000;306.9000000;307.1000000;20830
TATN;5;20160113;120500;307.4000000;307.5000000;306.7500000;306.8000000;15970
TATN;5;20160113;121000;306.8000000;307.2500000;306.4000000;306.5500000;11660
TATN;5;20160113;121500;306.5500000;306.9500000;306.4500000;306.6500000;6450
TATN;5;20160113;122000;306.6500000;307.0000000;306.6500000;306.6500000;5390
TATN;5;20160113;122500;306.7000000;307.0000000;306.4000000;306.4500000;6900
TATN;5;20160113;123000;306.5000000;307.0000000;306.2500000;306.4000000;10170
TATN;5;20160113;123500;306.4000000;306.4500000;306.1000000;306.2000000;5460
TATN;5;20160113;124000;306.2000000;306.5500000;306.0500000;306.0500000;6630
TATN;5;20160113;124500;306.1000000;306.2500000;305.5000000;305.5500000;19920
TATN;5;20160113;125000;305.5500000;306.0000000;305.5000000;305.7500000;8860
TATN;5;20160113;125500;305.7500000;305.8000000;305.1000000;305.1000000;9760
TATN;5;20160113;130000;305.1000000;305.5500000;305.0000000;305.0000000;7110
TATN;5;20160113;130500;305.0000000;305.2000000;304.7000000;305.0000000;10020
TATN;5;20160113;131000;305.0000000;305.7000000;304.7500000;305.3500000;7280
TATN;5;20160113;131500;305.7000000;305.7000000;304.8500000;304.8500000;5570
TATN;5;20160113;132000;304.8500000;304.9000000;304.5000000;304.5000000;11040
TATN;5;20160113;132500;304.7500000;305.0000000;304.1000000;304.1500000;16880
TATN;5;20160113;133000;304.1500000;304.4000000;303.8000000;303.9000000;16400
TATN;5;20160113;133500;303.9000000;303.9500000;303.6000000;303.8000000;10530
TATN;5;20160113;134000;303.8500000;303.9500000;303.7000000;303.8500000;10670
TATN;5;20160113;134500;303.9000000;304.0000000;303.7000000;303.8000000;8670
TATN;5;20160113;135000;303.9500000;304.1000000;303.7000000;303.7000000;18650
TATN;5;20160113;135500;303.8500000;303.9500000;303.6500000;303.7000000;16700
TATN;5;20160113;140000;303.7000000;303.8500000;303.6000000;303.7500000;6990
TATN;5;20160113;140500;303.8500000;303.9500000;303.5000000;303.5000000;16190
TATN;5;20160113;141000;303.5000000;303.6000000;303.1500000;303.1500000;20830
TATN;5;20160113;141500;303.1500000;303.3500000;303.0000000;303.0000000;12320
TATN;5;20160113;142000;303.1500000;303.8500000;303.0500000;303.6000000;17250
TATN;5;20160113;142500;303.8000000;303.9000000;303.4500000;303.7000000;6580
TATN;5;20160113;143000;303.4500000;303.8000000;303.4500000;303.5500000;9800
TATN;5;20160113;143500;303.3500000;303.5500000;303.0500000;303.3000000;14090
TATN;5;20160113;144000;303.3000000;303.4000000;303.0000000;303.0500000;10250
TATN;5;20160113;144500;303.0500000;303.4000000;302.7500000;302.9500000;11040
TATN;5;20160113;145000;302.7500000;303.0500000;302.5500000;302.7000000;12370
TATN;5;20160113;145500;302.5500000;302.9000000;302.4000000;302.4500000;9780
TATN;5;20160113;150000;302.4500000;302.6000000;301.5500000;301.5500000;24440
TATN;5;20160113;150500;301.6000000;302.2500000;301.5000000;301.9500000;25020
TATN;5;20160113;151000;301.9000000;302.2000000;301.9000000;302.1500000;7070
TATN;5;20160113;151500;302.1500000;302.1500000;301.8000000;302.0000000;6820
TATN;5;20160113;152000;302.0000000;302.3500000;302.0000000;302.3000000;6020
TATN;5;20160113;152500;302.0500000;302.3000000;302.0000000;302.0500000;18440
TATN;5;20160113;153000;302.1500000;302.9000000;302.0000000;302.0500000;9270
TATN;5;20160113;153500;302.0000000;302.2000000;301.8500000;302.0500000;17820
TATN;5;20160113;154000;301.9000000;301.9000000;301.7500000;301.9000000;15350
TATN;5;20160113;154500;302.1000000;302.1000000;301.7000000;301.7000000;11950
TATN;5;20160113;155000;301.8500000;301.9500000;301.7000000;301.8500000;11410
TATN;5;20160113;155500;301.8000000;302.7500000;301.7000000;302.4000000;28600
TATN;5;20160113;160000;302.3000000;302.4000000;302.0000000;302.0000000;5400
TATN;5;20160113;160500;302.1500000;302.3500000;302.0000000;302.3500000;9220
TATN;5;20160113;161000;302.5000000;302.5000000;301.8000000;301.9500000;8650
TATN;5;20160113;161500;301.9000000;302.1000000;301.8000000;302.0500000;4710
TATN;5;20160113;162000;302.0000000;303.4000000;301.9500000;303.1000000;20680
TATN;5;20160113;162500;303.2000000;303.6000000;302.8500000;303.0000000;13800
TATN;5;20160113;163000;303.1500000;303.9500000;302.7000000;303.2500000;22230
TATN;5;20160113;163500;303.2000000;303.9000000;302.8000000;302.8000000;15540
TATN;5;20160113;164000;303.1000000;304.8500000;303.1000000;304.4500000;28280
TATN;5;20160113;164500;304.2500000;304.4000000;303.0500000;303.3500000;16430
TATN;5;20160113;165000;303.3000000;303.6000000;302.5500000;303.0500000;13010
TATN;5;20160113;165500;302.9500000;303.1000000;302.0000000;302.3000000;12170
TATN;5;20160113;170000;302.3000000;302.9000000;302.0500000;302.5000000;8270
TATN;5;20160113;170500;302.5000000;303.3500000;302.2500000;302.5000000;15170
TATN;5;20160113;171000;302.6000000;302.6000000;302.0000000;302.0500000;7840
TATN;5;20160113;171500;302.0500000;302.6500000;302.0500000;302.5500000;5080
TATN;5;20160113;172000;302.5000000;302.7000000;302.2000000;302.7000000;7540
TATN;5;20160113;172500;302.4500000;302.4500000;301.9000000;302.0500000;18890
TATN;5;20160113;173000;302.3000000;302.9500000;302.0500000;302.9500000;11020
TATN;5;20160113;173500;302.7000000;303.2000000;302.6000000;302.8000000;15620
TATN;5;20160113;174000;302.6000000;303.8000000;302.4000000;303.8000000;35100
TATN;5;20160113;174500;303.6000000;303.8000000;302.6500000;302.6500000;18570
TATN;5;20160113;175000;302.8500000;302.8500000;302.1500000;302.3500000;13730
TATN;5;20160113;175500;302.2000000;302.4500000;302.0000000;302.2500000;27470
TATN;5;20160113;180000;302.2000000;303.3000000;302.2000000;303.3000000;22000
TATN;5;20160113;180500;303.1500000;303.8000000;302.9000000;303.5500000;19790
TATN;5;20160113;181000;303.3000000;303.3000000;302.9000000;303.1000000;9180
TATN;5;20160113;181500;302.9500000;303.3500000;302.5000000;302.9500000;21180
TATN;5;20160113;182000;302.8500000;303.2500000;302.2500000;302.8500000;21420
TATN;5;20160113;182500;302.8500000;303.6000000;302.6500000;303.6000000;23740
TATN;5;20160113;183000;303.6000000;303.6000000;302.6000000;303.3000000;16600
TATN;5;20160113;183500;303.0500000;303.0500000;300.5000000;300.7500000;136350
TATN;5;20160113;184000;300.7500000;301.2500000;300.1000000;300.1000000;90580
TATN;5;20160113;185000;301.3500000;301.3500000;301.3500000;301.3500000;21820
TATN;5;20160114;100500;299.0500000;300.0000000;298.0000000;299.4000000;21070
TATN;5;20160114;101000;299.4000000;299.9500000;298.2000000;299.6000000;29500
TATN;5;20160114;101500;299.9000000;300.4000000;299.2000000;300.4000000;32930
TATN;5;20160114;102000;300.1000000;300.4000000;300.0000000;300.1000000;12440
TATN;5;20160114;102500;300.4500000;301.0000000;300.4000000;300.4500000;14150
TATN;5;20160114;103000;300.4500000;300.4500000;300.1500000;300.3000000;2710
TATN;5;20160114;103500;300.2000000;301.2500000;300.1500000;301.1000000;31640
TATN;5;20160114;104000;301.1000000;301.5000000;301.0000000;301.4500000;7650
TATN;5;20160114;104500;301.5000000;301.6500000;301.3500000;301.4500000;4930
TATN;5;20160114;105000;301.3500000;301.5000000;301.2000000;301.4000000;3630
TATN;5;20160114;105500;301.4500000;301.4500000;301.2500000;301.2500000;4780
TATN;5;20160114;110000;301.4500000;301.6500000;301.1000000;301.3000000;6290
TATN;5;20160114;110500;301.3000000;301.3000000;298.0500000;298.0500000;79740
TATN;5;20160114;111000;298.1000000;298.5000000;297.8000000;298.2000000;38820
TATN;5;20160114;111500;298.1000000;298.8500000;297.1000000;297.1000000;45790
TATN;5;20160114;112000;297.3000000;297.7000000;296.6000000;296.6500000;33890
TATN;5;20160114;112500;296.8500000;298.4000000;296.6000000;298.4000000;27900
TATN;5;20160114;113000;298.3000000;298.3000000;297.0000000;297.1500000;23830
TATN;5;20160114;113500;297.0000000;297.8500000;296.7500000;297.8500000;22030
TATN;5;20160114;114000;297.8000000;297.9000000;297.1000000;297.4500000;7120
TATN;5;20160114;114500;297.7000000;297.7000000;296.8000000;296.9000000;6310
TATN;5;20160114;115000;296.9000000;297.7500000;296.9000000;297.1500000;8340
TATN;5;20160114;115500;297.0500000;297.9500000;297.0500000;297.6000000;5950
TATN;5;20160114;120000;297.7500000;297.7500000;297.0000000;297.5000000;6840
TATN;5;20160114;120500;297.5000000;297.9000000;297.0500000;297.1500000;13510
TATN;5;20160114;121000;297.1000000;297.6000000;297.0500000;297.5000000;5710
TATN;5;20160114;121500;297.3500000;297.8500000;297.1000000;297.4500000;12100
TATN;5;20160114;122000;297.6000000;297.6000000;297.0000000;297.3500000;5470
TATN;5;20160114;122500;297.3000000;297.9000000;297.2500000;297.9000000;5920
TATN;5;20160114;123000;297.9000000;297.9000000;297.2500000;297.6000000;11790
TATN;5;20160114;123500;297.4500000;297.8500000;296.7500000;297.6500000;25660
TATN;5;20160114;124000;297.6500000;297.9000000;297.0000000;297.8500000;6080
TATN;5;20160114;124500;297.9000000;298.1000000;297.6000000;297.8500000;13970
TATN;5;20160114;125000;297.8500000;298.0000000;297.4500000;297.4500000;4690
TATN;5;20160114;125500;297.6500000;297.6500000;297.3000000;297.5000000;3180
TATN;5;20160114;130000;297.5000000;298.6000000;297.5000000;298.3000000;8200
TATN;5;20160114;130500;298.2500000;298.4500000;298.0000000;298.4000000;8140
TATN;5;20160114;131000;298.2000000;298.3500000;297.6000000;297.9000000;4310
TATN;5;20160114;131500;297.9500000;298.0000000;297.5000000;297.6500000;3590
TATN;5;20160114;132000;297.6500000;297.7000000;297.0000000;297.2000000;4450
TATN;5;20160114;132500;297.3500000;297.5500000;297.3000000;297.3000000;3370
TATN;5;20160114;133000;297.5000000;297.8000000;297.2500000;297.5000000;3770
TATN;5;20160114;133500;297.5500000;297.5500000;297.0000000;297.0000000;10780
TATN;5;20160114;134000;297.3500000;298.1500000;297.3500000;298.1000000;5350
TATN;5;20160114;134500;298.1000000;298.2000000;297.6500000;298.1000000;1920
TATN;5;20160114;135000;298.2000000;298.2000000;297.4500000;297.4500000;2280
TATN;5;20160114;135500;297.7500000;298.1500000;297.7500000;298.1500000;1520
TATN;5;20160114;140000;298.4000000;298.4000000;297.9500000;298.2000000;3620
TATN;5;20160114;140500;298.2000000;298.3500000;298.0000000;298.3500000;980
TATN;5;20160114;141000;298.3000000;298.3000000;297.6500000;297.6500000;5060
TATN;5;20160114;141500;297.9000000;297.9000000;296.7500000;296.7500000;14140
TATN;5;20160114;142000;296.7500000;297.2000000;296.7500000;297.2000000;18840
TATN;5;20160114;142500;297.1500000;297.1500000;296.7500000;297.1500000;13320
TATN;5;20160114;143000;297.3500000;297.8000000;297.3500000;297.3500000;4030
TATN;5;20160114;143500;297.4000000;297.7000000;296.9500000;297.7000000;5090
TATN;5;20160114;144000;297.7500000;297.9500000;296.9500000;297.5500000;7560
TATN;5;20160114;144500;297.7000000;297.7000000;296.8000000;297.3000000;3720
TATN;5;20160114;145000;297.2000000;297.4500000;296.9500000;297.2500000;4010
TATN;5;20160114;145500;297.2500000;297.3000000;297.0000000;297.1500000;1890
TATN;5;20160114;150000;297.3000000;297.5500000;297.3000000;297.5000000;790
TATN;5;20160114;150500;297.6000000;297.7000000;297.4000000;297.7000000;1800
TATN;5;20160114;151000;297.7000000;297.8500000;297.5500000;297.8500000;1110
TATN;5;20160114;151500;297.8500000;298.1500000;297.7500000;298.1500000;2710
TATN;5;20160114;152000;298.0000000;298.5000000;297.9000000;298.3500000;7110
TATN;5;20160114;152500;298.4000000;298.9500000;298.3500000;298.9000000;10010
TATN;5;20160114;153000;298.9000000;299.6500000;298.9000000;299.4000000;15210
TATN;5;20160114;153500;299.4000000;299.7000000;299.4000000;299.6000000;17520
TATN;5;20160114;154000;299.6000000;300.8000000;299.5000000;300.5500000;11460
TATN;5;20160114;154500;300.7000000;300.7000000;300.1500000;300.7000000;18440
TATN;5;20160114;155000;300.7500000;300.9000000;300.3000000;300.3000000;8050
TATN;5;20160114;155500;300.4000000;300.4000000;299.5000000;299.7500000;6580
TATN;5;20160114;160000;299.9000000;300.5000000;299.9000000;300.2000000;7970
TATN;5;20160114;160500;300.0000000;300.1000000;299.5500000;300.0500000;3900
TATN;5;20160114;161000;300.0000000;300.1000000;299.7500000;299.7500000;5090
TATN;5;20160114;161500;299.8500000;299.9500000;299.3000000;299.8000000;8700
TATN;5;20160114;162000;299.9500000;300.0000000;298.6500000;299.0500000;26000
TATN;5;20160114;162500;299.2000000;300.1500000;299.2000000;299.9000000;17990
TATN;5;20160114;163000;299.9000000;300.4000000;299.7000000;300.3500000;14090
TATN;5;20160114;163500;300.3500000;300.8000000;300.2500000;300.8000000;3310
TATN;5;20160114;164000;300.7500000;301.3500000;300.6000000;301.1000000;18790
TATN;5;20160114;164500;301.2000000;301.8000000;301.2000000;301.5500000;18110
TATN;5;20160114;165000;301.5000000;301.5000000;300.3500000;301.0000000;19470
TATN;5;20160114;165500;300.8000000;300.8500000;299.6000000;300.3500000;27490
TATN;5;20160114;170000;300.3500000;300.6000000;299.8000000;300.4000000;21980
TATN;5;20160114;170500;300.4000000;300.9000000;300.3000000;300.6000000;12650
TATN;5;20160114;171000;300.6000000;300.8500000;300.2000000;300.4000000;8540
TATN;5;20160114;171500;300.4000000;300.6000000;300.2500000;300.3500000;3960
TATN;5;20160114;172000;300.2000000;300.8000000;299.9500000;300.1500000;16930
TATN;5;20160114;172500;300.1000000;301.0500000;300.0000000;300.8500000;32340
TATN;5;20160114;173000;300.4000000;300.7500000;299.8000000;299.8000000;23660
TATN;5;20160114;173500;299.9500000;300.3500000;299.7500000;300.0000000;12220
TATN;5;20160114;174000;300.1500000;300.3000000;298.2500000;298.2500000;38410
TATN;5;20160114;174500;298.5000000;300.4500000;298.4000000;300.1000000;14840
TATN;5;20160114;175000;300.0000000;300.0000000;299.0500000;299.5500000;17230
TATN;5;20160114;175500;299.8000000;300.2000000;299.0500000;299.1000000;13230
TATN;5;20160114;180000;299.1000000;299.1000000;296.5500000;297.0000000;68100
TATN;5;20160114;180500;297.0000000;297.8000000;295.4000000;295.5000000;46950
TATN;5;20160114;181000;295.8500000;297.4000000;295.8500000;297.3500000;16390
TATN;5;20160114;181500;297.1500000;298.9000000;296.8500000;298.1000000;24090
TATN;5;20160114;182000;298.1000000;298.6500000;297.6000000;297.9000000;15900
TATN;5;20160114;182500;298.1000000;298.5000000;297.9500000;298.3000000;31790
TATN;5;20160114;183000;298.3000000;298.7500000;297.0500000;298.2500000;60090
TATN;5;20160114;183500;298.0000000;298.5000000;297.8500000;298.2500000;22350
TATN;5;20160114;184000;298.0000000;299.9000000;297.3000000;299.8000000;132850
TATN;5;20160114;185000;300.6500000;300.6500000;300.6500000;300.6500000;56840
TATN;5;20160115;100500;300.0000000;300.2500000;299.0500000;300.0000000;46850
TATN;5;20160115;101000;300.0000000;300.1000000;299.4500000;300.1000000;18380
TATN;5;20160115;101500;299.7500000;300.0000000;299.0500000;299.0500000;5440
TATN;5;20160115;102000;299.0500000;299.5000000;298.6000000;299.5000000;2440
TATN;5;20160115;102500;299.8000000;299.8500000;299.8000000;299.8500000;210
TATN;5;20160115;103000;299.7000000;299.7000000;299.5500000;299.5500000;1300
TATN;5;20160115;103500;299.8000000;299.8000000;299.4500000;299.7500000;40
TATN;5;20160115;104000;299.7000000;300.7500000;299.7000000;300.7500000;9690
TATN;5;20160115;104500;300.7500000;300.8000000;299.9000000;300.7000000;5830
TATN;5;20160115;105000;300.6000000;300.7000000;300.1500000;300.4500000;2010
TATN;5;20160115;105500;300.3000000;300.5500000;300.1500000;300.5000000;1810
TATN;5;20160115;110000;300.6500000;300.9000000;300.5000000;300.8500000;4140
TATN;5;20160115;110500;300.5500000;302.3500000;300.5500000;302.1000000;29990
TATN;5;20160115;111000;302.1000000;302.2500000;301.1500000;301.6000000;27320
TATN;5;20160115;111500;301.2000000;301.5000000;298.5000000;298.5000000;46460
TATN;5;20160115;112000;298.4500000;299.0500000;296.6000000;297.1000000;60270
TATN;5;20160115;112500;297.2500000;297.9500000;296.8500000;297.6000000;17320
TATN;5;20160115;113000;297.6500000;298.0000000;297.0000000;297.4000000;27590
TATN;5;20160115;113500;297.2000000;297.9000000;297.0000000;297.4000000;44230
TATN;5;20160115;114000;297.1000000;299.0000000;297.0500000;299.0000000;23310
TATN;5;20160115;114500;299.0000000;299.1500000;297.0000000;297.0000000;25860
TATN;5;20160115;115000;297.0500000;297.9500000;297.0000000;297.3000000;29190
TATN;5;20160115;115500;297.5000000;299.1000000;297.5000000;298.0500000;19050
TATN;5;20160115;120000;297.9500000;298.1500000;297.0000000;297.6000000;31400
TATN;5;20160115;120500;297.6500000;297.8500000;297.0000000;297.7500000;18010
TATN;5;20160115;121000;297.3500000;298.5000000;297.3500000;297.3500000;9480
TATN;5;20160115;121500;297.3500000;298.1500000;297.1000000;297.9500000;34440
TATN;5;20160115;122000;297.6500000;297.7500000;297.0500000;297.6500000;22330
TATN;5;20160115;122500;297.7000000;298.2000000;297.7000000;298.1000000;9410
TATN;5;20160115;123000;298.1000000;298.5000000;297.6000000;298.5000000;12210
TATN;5;20160115;123500;298.5000000;298.6500000;297.8500000;298.5000000;4410
TATN;5;20160115;124000;298.8500000;299.3000000;298.7500000;299.1000000;13330
TATN;5;20160115;124500;299.1500000;299.3500000;298.7000000;299.3500000;2290
TATN;5;20160115;125000;299.0500000;299.0500000;298.2000000;298.8000000;8840
TATN;5;20160115;125500;298.6500000;299.1000000;298.1500000;298.3500000;6230
TATN;5;20160115;130000;298.2500000;299.3500000;298.2500000;299.0500000;3450
TATN;5;20160115;130500;298.9500000;298.9500000;297.7000000;298.0000000;7440
TATN;5;20160115;131000;298.3500000;298.4000000;297.8500000;298.0000000;2680
TATN;5;20160115;131500;298.2000000;298.5000000;297.1000000;297.1000000;11070
TATN;5;20160115;132000;297.2000000;297.4500000;295.5000000;295.5000000;90580
TATN;5;20160115;132500;295.4000000;295.9500000;294.3000000;294.3000000;41010
TATN;5;20160115;133000;294.6000000;295.0500000;294.0000000;295.0000000;65030
TATN;5;20160115;133500;294.7000000;294.7000000;294.0000000;294.1500000;103870
TATN;5;20160115;134000;294.0000000;294.8000000;294.0000000;294.1000000;20900
TATN;5;20160115;134500;294.1500000;294.8000000;294.0000000;294.6000000;36070
TATN;5;20160115;135000;294.5000000;295.0000000;292.4000000;292.6000000;90190
TATN;5;20160115;135500;293.0000000;293.0000000;290.3000000;291.2500000;100000
TATN;5;20160115;140000;291.5000000;291.5000000;290.0000000;290.7000000;43530
TATN;5;20160115;140500;290.7000000;290.8000000;290.4000000;290.4000000;16620
TATN;5;20160115;141000;290.7000000;291.2500000;290.0000000;290.5000000;33920
TATN;5;20160115;141500;290.9000000;291.2000000;290.0000000;290.0000000;54370
TATN;5;20160115;142000;290.0000000;290.4500000;290.0000000;290.0000000;47400
TATN;5;20160115;142500;290.0000000;291.0000000;290.0000000;290.4000000;38780
TATN;5;20160115;143000;290.4000000;291.0000000;290.2000000;290.8000000;55440
TATN;5;20160115;143500;290.9500000;291.8500000;290.2000000;290.9500000;56390
TATN;5;20160115;144000;291.3000000;291.5000000;290.7000000;291.1500000;8170
TATN;5;20160115;144500;291.1500000;293.2000000;291.1500000;292.2500000;92410
TATN;5;20160115;145000;292.2500000;293.2000000;292.2500000;292.5000000;43650
TATN;5;20160115;145500;292.5500000;292.7500000;292.5000000;292.6000000;21720
TATN;5;20160115;150000;292.6000000;293.8000000;292.6000000;292.6000000;48190
TATN;5;20160115;150500;292.6000000;293.0000000;292.6000000;293.0000000;11120
TATN;5;20160115;151000;292.9000000;293.1500000;292.8000000;292.8000000;34890
TATN;5;20160115;151500;292.8000000;292.8000000;291.0000000;291.5500000;29670
TATN;5;20160115;152000;291.5500000;293.2500000;291.5000000;293.0500000;36580
TATN;5;20160115;152500;293.0500000;293.7000000;290.7500000;291.5000000;60490
TATN;5;20160115;153000;291.5000000;293.5000000;290.8000000;291.6500000;102720
TATN;5;20160115;153500;291.6500000;291.6500000;290.2000000;290.4000000;52070
TATN;5;20160115;154000;290.8500000;291.9500000;290.8500000;291.5000000;32650
TATN;5;20160115;154500;291.5500000;291.7500000;291.2500000;291.5000000;26610
TATN;5;20160115;155000;291.5000000;291.5000000;290.8000000;291.0000000;32600
TATN;5;20160115;155500;290.8500000;291.8000000;290.8000000;291.5000000;56930
TATN;5;20160115;160000;291.5000000;291.5000000;290.0500000;290.5000000;30180
TATN;5;20160115;160500;290.1500000;290.7500000;289.3000000;289.6000000;24430
TATN;5;20160115;161000;289.6500000;289.7500000;289.3000000;289.5500000;6460
TATN;5;20160115;161500;289.5500000;289.5500000;287.0500000;287.3000000;36700
TATN;5;20160115;162000;287.9000000;288.4500000;287.8500000;287.9500000;5950
TATN;5;20160115;162500;288.0500000;288.4500000;287.3000000;288.0000000;15330
TATN;5;20160115;163000;288.0000000;288.4000000;287.1500000;287.4500000;17320
TATN;5;20160115;163500;287.2000000;287.9000000;286.0500000;287.7000000;39790
TATN;5;20160115;164000;287.7000000;287.7000000;285.5000000;286.5000000;35380
TATN;5;20160115;164500;286.2000000;286.2000000;285.1000000;285.3000000;19200
TATN;5;20160115;165000;285.3000000;285.9000000;285.1000000;285.1000000;29380
TATN;5;20160115;165500;285.1000000;285.8500000;285.0500000;285.4000000;12980
TATN;5;20160115;170000;285.4000000;286.3000000;285.1000000;285.1000000;17480
TATN;5;20160115;170500;285.2500000;285.8000000;283.4500000;283.5000000;102830
TATN;5;20160115;171000;283.5000000;285.6000000;283.4500000;284.2500000;32160
TATN;5;20160115;171500;284.2500000;284.9500000;283.7000000;284.9500000;8330
TATN;5;20160115;172000;284.9500000;284.9500000;283.9500000;284.2000000;17130
TATN;5;20160115;172500;284.6000000;285.4500000;284.2000000;284.6500000;19910
TATN;5;20160115;173000;284.6000000;285.4000000;284.4500000;284.5500000;21410
TATN;5;20160115;173500;284.6000000;286.0000000;284.5000000;285.9000000;30350
TATN;5;20160115;174000;285.9000000;286.4500000;285.0000000;285.3000000;60900
TATN;5;20160115;174500;285.6500000;286.0000000;284.7500000;285.3500000;14470
TATN;5;20160115;175000;286.0000000;286.4500000;285.7000000;286.1000000;31640
TATN;5;20160115;175500;286.1000000;286.6500000;285.2000000;286.1500000;24650
TATN;5;20160115;180000;286.6000000;286.6500000;285.6000000;286.0000000;20390
TATN;5;20160115;180500;285.7500000;286.8500000;285.6500000;286.7000000;33990
TATN;5;20160115;181000;286.7000000;288.2500000;286.7000000;288.2500000;21620
TATN;5;20160115;181500;288.2000000;289.5000000;288.2000000;289.3000000;35540
TATN;5;20160115;182000;288.6000000;289.4500000;287.8500000;287.8500000;12640
TATN;5;20160115;182500;288.0000000;288.2000000;287.2000000;287.8500000;22890
TATN;5;20160115;183000;287.8500000;289.0500000;287.8500000;288.7000000;17760
TATN;5;20160115;183500;288.4000000;290.9500000;288.0500000;288.1500000;24390
TATN;5;20160115;184000;288.4000000;288.8500000;286.7000000;287.2500000;45200
TATN;5;20160115;185000;284.0500000;284.0500000;284.0500000;284.0500000;221170
TATN;5;20160118;100500;282.0000000;283.9500000;281.1500000;281.7500000;121340
TATN;5;20160118;101000;281.5000000;282.0000000;281.2000000;281.2500000;52430
TATN;5;20160118;101500;281.2500000;281.4500000;279.5000000;279.5000000;28530
TATN;5;20160118;102000;279.7500000;280.2500000;277.5000000;279.0500000;36900
TATN;5;20160118;102500;279.0500000;281.2000000;278.7500000;280.8000000;40600
TATN;5;20160118;103000;280.2500000;281.1000000;280.1500000;280.7500000;10690
TATN;5;20160118;103500;280.6000000;280.6000000;279.9000000;280.5000000;12990
TATN;5;20160118;104000;280.5000000;281.2000000;279.2500000;280.6000000;59260
TATN;5;20160118;104500;280.5000000;281.1000000;280.0000000;280.8500000;12200
TATN;5;20160118;105000;280.6500000;281.3000000;280.4500000;281.3000000;11180
TATN;5;20160118;105500;281.2000000;281.3000000;280.5000000;280.8000000;14480
TATN;5;20160118;110000;281.1000000;281.1000000;280.4000000;280.9000000;10400
TATN;5;20160118;110500;280.9000000;281.8000000;279.5500000;279.8500000;46110
TATN;5;20160118;111000;279.9500000;281.6000000;279.8500000;281.2000000;39040
TATN;5;20160118;111500;281.3500000;282.4000000;281.2000000;281.8000000;77440
TATN;5;20160118;112000;281.8000000;282.4000000;281.1000000;282.3500000;126720
TATN;5;20160118;112500;282.3500000;282.3500000;280.7000000;280.7000000;30450
TATN;5;20160118;113000;280.6500000;281.9000000;280.5500000;281.8500000;18130
TATN;5;20160118;113500;281.5000000;282.9500000;281.1500000;282.7000000;76150
TATN;5;20160118;114000;282.6500000;283.1500000;282.1500000;282.8500000;50830
TATN;5;20160118;114500;282.9500000;283.3000000;282.3000000;282.9000000;25350
TATN;5;20160118;115000;283.0000000;283.4000000;282.4000000;282.4000000;13580
TATN;5;20160118;115500;282.4500000;283.3500000;282.0000000;283.2500000;11430
TATN;5;20160118;120000;283.0500000;283.3000000;281.8500000;283.0500000;50710
TATN;5;20160118;120500;283.3000000;284.2000000;282.3000000;282.5500000;31860
TATN;5;20160118;121000;282.4000000;283.2500000;281.7500000;281.9500000;20690
TATN;5;20160118;121500;281.8000000;282.9000000;281.5500000;282.9000000;13030
TATN;5;20160118;122000;282.9000000;284.1500000;282.9000000;283.3500000;22750
TATN;5;20160118;122500;283.5000000;284.1500000;283.4500000;283.4500000;24380
TATN;5;20160118;123000;283.5500000;284.6000000;283.2000000;283.9000000;23290
TATN;5;20160118;123500;283.8500000;284.1000000;283.6000000;284.0500000;8720
TATN;5;20160118;124000;283.7500000;284.0500000;282.8000000;283.1000000;21310
TATN;5;20160118;124500;283.4000000;283.4000000;282.4000000;282.9500000;9840
TATN;5;20160118;125000;282.8000000;283.7000000;282.8000000;283.7000000;12460
TATN;5;20160118;125500;283.8500000;284.9500000;283.7000000;284.7000000;29530
TATN;5;20160118;130000;284.7000000;284.8500000;283.8000000;284.6000000;10620
TATN;5;20160118;130500;284.2500000;284.7500000;284.2500000;284.4500000;3680
TATN;5;20160118;131000;284.5000000;284.5000000;283.8000000;283.8500000;7330
TATN;5;20160118;131500;283.8500000;284.1000000;283.6000000;283.7500000;6500
TATN;5;20160118;132000;284.0000000;284.6000000;283.8500000;284.0500000;8920
TATN;5;20160118;132500;284.4500000;284.7000000;283.9000000;283.9000000;7680
TATN;5;20160118;133000;284.1500000;284.4500000;282.8000000;284.4500000;22370
TATN;5;20160118;133500;284.3500000;284.7000000;283.5500000;284.2500000;13510
TATN;5;20160118;134000;283.7000000;284.5000000;283.4500000;284.2500000;13760
TATN;5;20160118;134500;284.2500000;284.8000000;284.2000000;284.7500000;10990
TATN;5;20160118;135000;284.6500000;284.8500000;284.2500000;284.5000000;24910
TATN;5;20160118;135500;284.5000000;286.0000000;284.5000000;285.2500000;18640
TATN;5;20160118;140000;285.6000000;286.7500000;285.2500000;286.7500000;19240
TATN;5;20160118;140500;286.7500000;286.9500000;286.3000000;286.3000000;6380
TATN;5;20160118;141000;286.3000000;287.0000000;286.0000000;287.0000000;22650
TATN;5;20160118;141500;287.0000000;287.5000000;286.7500000;287.2000000;3280
TATN;5;20160118;142000;287.2000000;287.2000000;285.8500000;286.4500000;15430
TATN;5;20160118;142500;286.2000000;286.5000000;286.0000000;286.5000000;2930
TATN;5;20160118;143000;286.3000000;287.2000000;286.3000000;286.6000000;7730
TATN;5;20160118;143500;286.9500000;286.9500000;285.4500000;286.1000000;9360
TATN;5;20160118;144000;286.2500000;287.7000000;286.2500000;287.3500000;10570
TATN;5;20160118;144500;287.4000000;288.8500000;287.3000000;288.0500000;22980
TATN;5;20160118;145000;288.4500000;289.6000000;288.4500000;289.0000000;17070
TATN;5;20160118;145500;288.8000000;289.8500000;288.5000000;289.4500000;21520
TATN;5;20160118;150000;289.4500000;289.9000000;288.6500000;288.8500000;9060
TATN;5;20160118;150500;288.8500000;289.3000000;288.3000000;289.1000000;12830
TATN;5;20160118;151000;288.7500000;289.4000000;288.2500000;289.1000000;17350
TATN;5;20160118;151500;288.8000000;289.2500000;288.2500000;288.9000000;9970
TATN;5;20160118;152000;288.7500000;288.7500000;288.1500000;288.3500000;7440
TATN;5;20160118;152500;288.2500000;289.1500000;287.4500000;287.6000000;45120
TATN;5;20160118;153000;287.6000000;288.1500000;285.7500000;285.8500000;34560
TATN;5;20160118;153500;285.7500000;286.7000000;285.5500000;285.9000000;19690
TATN;5;20160118;154000;285.9500000;285.9500000;285.0500000;285.2000000;42510
TATN;5;20160118;154500;285.2500000;286.1000000;285.2000000;286.1000000;29850
TATN;5;20160118;155000;285.5500000;286.1000000;285.5500000;285.8000000;13280
TATN;5;20160118;155500;285.6000000;286.0000000;285.3000000;285.7000000;8420
TATN;5;20160118;160000;285.7000000;285.7000000;284.6500000;284.8000000;17600
TATN;5;20160118;160500;285.0000000;285.0500000;284.7000000;284.8500000;5720
TATN;5;20160118;161000;284.7500000;285.7000000;284.4000000;285.4000000;15990
TATN;5;20160118;161500;285.2000000;285.2000000;284.6000000;284.6000000;4010
TATN;5;20160118;162000;284.6500000;284.8500000;284.6500000;284.6500000;540
TATN;5;20160118;162500;284.5000000;285.7000000;284.2000000;285.6500000;10320
TATN;5;20160118;163000;285.6000000;286.0500000;285.3000000;285.3500000;3210
TATN;5;20160118;163500;285.3000000;285.3000000;284.6000000;284.8000000;7160
TATN;5;20160118;164000;285.1000000;286.2000000;285.1000000;285.9500000;4370
TATN;5;20160118;164500;286.1000000;286.4500000;286.0000000;286.2500000;6430
TATN;5;20160118;165000;286.0500000;286.4000000;285.8000000;285.8000000;850
TATN;5;20160118;165500;285.8500000;286.4000000;285.5500000;285.5500000;7430
TATN;5;20160118;170000;285.4500000;285.4500000;284.2000000;284.3500000;13830
TATN;5;20160118;170500;284.2500000;285.1000000;284.2500000;284.6500000;10720
TATN;5;20160118;171000;284.4500000;286.0000000;284.4500000;285.8000000;15770
TATN;5;20160118;171500;285.8500000;285.8500000;285.6000000;285.7500000;3190
TATN;5;20160118;172000;285.5500000;286.1000000;285.2500000;285.8500000;19720
TATN;5;20160118;172500;285.7500000;286.0000000;285.4500000;285.4500000;10870
TATN;5;20160118;173000;285.6500000;286.3500000;284.9500000;285.9000000;19860
TATN;5;20160118;173500;285.6000000;285.7000000;285.2000000;285.2000000;1090
TATN;5;20160118;174000;285.0500000;285.7500000;285.0500000;285.6000000;6130
TATN;5;20160118;174500;285.6500000;286.3000000;285.3500000;285.3500000;15330
TATN;5;20160118;175000;285.6000000;286.4000000;285.6000000;286.2000000;34360
TATN;5;20160118;175500;286.2000000;286.9000000;285.8500000;286.9000000;29230
TATN;5;20160118;180000;286.8000000;287.5500000;286.8000000;287.4000000;17490
TATN;5;20160118;180500;287.3000000;288.0000000;286.8500000;287.3500000;27800
TATN;5;20160118;181000;287.2500000;287.5000000;286.2000000;286.9500000;77530
TATN;5;20160118;181500;286.9500000;287.6500000;286.7000000;287.6000000;11050
TATN;5;20160118;182000;287.6000000;287.6000000;286.8000000;286.8000000;8270
TATN;5;20160118;182500;287.0500000;287.4500000;286.6500000;286.6500000;6870
TATN;5;20160118;183000;286.4000000;286.5000000;285.3500000;285.3500000;7870
TATN;5;20160118;183500;285.4000000;287.2000000;285.4000000;285.9000000;18460
TATN;5;20160118;184000;285.9000000;286.0000000;285.2500000;285.2500000;20570
TATN;5;20160118;185000;284.6500000;284.6500000;284.6500000;284.6500000;22380
TATN;5;20160119;100500;287.0000000;291.4500000;287.0000000;289.9000000;27850
TATN;5;20160119;101000;289.9500000;294.5500000;289.4500000;294.2500000;40360
TATN;5;20160119;101500;294.4500000;295.4000000;293.7500000;294.3500000;35590
TATN;5;20160119;102000;294.2500000;294.5000000;292.0000000;292.3500000;40410
TATN;5;20160119;102500;292.3500000;292.6000000;291.5000000;291.5000000;13020
TATN;5;20160119;103000;291.7500000;291.9000000;291.1000000;291.6500000;9630
TATN;5;20160119;103500;291.3500000;294.3500000;291.2000000;294.3000000;27840
TATN;5;20160119;104000;294.0000000;294.3000000;292.6500000;293.2500000;11470
TATN;5;20160119;104500;293.4000000;293.5500000;293.1000000;293.4000000;4270
TATN;5;20160119;105000;293.5000000;293.5000000;293.0000000;293.0000000;3100
TATN;5;20160119;105500;293.0000000;294.7000000;293.0000000;294.6000000;24880
TATN;5;20160119;110000;294.7500000;294.9000000;294.2500000;294.5000000;16230
TATN;5;20160119;110500;294.3000000;294.3000000;291.9000000;292.9500000;42650
TATN;5;20160119;111000;292.8000000;292.9000000;292.0000000;292.4000000;8270
TATN;5;20160119;111500;292.5000000;293.2500000;292.5000000;292.8000000;19640
TATN;5;20160119;112000;292.7500000;293.0000000;292.4500000;292.5500000;4990
TATN;5;20160119;112500;292.7000000;292.7000000;292.1000000;292.1000000;1950
TATN;5;20160119;113000;292.1000000;292.3000000;291.1000000;291.1000000;16360
TATN;5;20160119;113500;291.2000000;291.3500000;289.3500000;290.5000000;45190
TATN;5;20160119;114000;290.5000000;292.3500000;290.4500000;291.5500000;22250
TATN;5;20160119;114500;291.6000000;292.5000000;291.6000000;292.2000000;10120
TATN;5;20160119;115000;292.4500000;292.5000000;291.8500000;292.4000000;22040
TATN;5;20160119;115500;292.1000000;292.9500000;291.7000000;292.6500000;25840
TATN;5;20160119;120000;292.5500000;293.7000000;292.4500000;293.1500000;12920
TATN;5;20160119;120500;293.3000000;293.9000000;292.9500000;293.4000000;24200
TATN;5;20160119;121000;293.4000000;293.9000000;292.8500000;293.7000000;23020
TATN;5;20160119;121500;293.6500000;294.2000000;293.2000000;293.6000000;39670
TATN;5;20160119;122000;293.9500000;294.6500000;293.7000000;293.7000000;25220
TATN;5;20160119;122500;294.0000000;294.3000000;293.6000000;293.9500000;21250
TATN;5;20160119;123000;294.0000000;294.7500000;293.5500000;294.5500000;36770
TATN;5;20160119;123500;294.5500000;294.9000000;294.2500000;294.7000000;42950
TATN;5;20160119;124000;294.8000000;295.5000000;294.5000000;295.1500000;45680
TATN;5;20160119;124500;295.1000000;295.9500000;295.1000000;295.7000000;26910
TATN;5;20160119;125000;295.7000000;295.7000000;294.9000000;295.5000000;10080
TATN;5;20160119;125500;295.6500000;296.0000000;295.2500000;295.6500000;18170
TATN;5;20160119;130000;295.8500000;296.7500000;295.5000000;296.7500000;81650
TATN;5;20160119;130500;296.7500000;296.9500000;295.8500000;296.9000000;27920
TATN;5;20160119;131000;296.9000000;298.5000000;296.4500000;298.0500000;36010
TATN;5;20160119;131500;297.8500000;299.0000000;297.7500000;298.2000000;28150
TATN;5;20160119;132000;298.2000000;298.4500000;297.8500000;297.9500000;6830
TATN;5;20160119;132500;297.8000000;298.6500000;297.8000000;298.6500000;14730
TATN;5;20160119;133000;298.6500000;299.0000000;298.1500000;298.5500000;10650
TATN;5;20160119;133500;298.2000000;299.9500000;298.0000000;299.4000000;61050
TATN;5;20160119;134000;299.4000000;300.6500000;299.4000000;299.7000000;39730
TATN;5;20160119;134500;299.7000000;300.0000000;299.3500000;300.0000000;24530
TATN;5;20160119;135000;300.2500000;300.4000000;299.6000000;300.2500000;24480
TATN;5;20160119;135500;300.4000000;300.5000000;299.9000000;300.3000000;34090
TATN;5;20160119;140000;300.3000000;300.5000000;300.0000000;300.0000000;13370
TATN;5;20160119;140500;300.0000000;300.0500000;299.0000000;299.4500000;13100
TATN;5;20160119;141000;299.4000000;299.4500000;298.6000000;298.7000000;13320
TATN;5;20160119;141500;298.7000000;299.3500000;298.6500000;299.3500000;8880
TATN;5;20160119;142000;299.1000000;299.3500000;298.8000000;298.9500000;4510
TATN;5;20160119;142500;298.9500000;299.3000000;298.6000000;298.9500000;7080
TATN;5;20160119;143000;298.9000000;299.0000000;298.5000000;298.7500000;5160
TATN;5;20160119;143500;298.7500000;299.6000000;298.6500000;299.6000000;15920
TATN;5;20160119;144000;299.7000000;300.4000000;299.3500000;300.1500000;28220
TATN;5;20160119;144500;300.3500000;300.3500000;299.6500000;299.7500000;11680
TATN;5;20160119;145000;299.7500000;300.0000000;299.4000000;299.5000000;7550
TATN;5;20160119;145500;299.5000000;300.2500000;299.4500000;299.8000000;5830
TATN;5;20160119;150000;299.8000000;300.0500000;299.4000000;299.6500000;6220
TATN;5;20160119;150500;299.6500000;300.2500000;298.5500000;298.7500000;27210
TATN;5;20160119;151000;298.7500000;298.9500000;298.0500000;298.6000000;16530
TATN;5;20160119;151500;298.5000000;298.9000000;297.8500000;297.9000000;29240
TATN;5;20160119;152000;297.9000000;298.2500000;297.6000000;297.7000000;20420
TATN;5;20160119;152500;297.7500000;298.4000000;297.6000000;297.8000000;6330
TATN;5;20160119;153000;298.1000000;298.1000000;297.8000000;297.8000000;2700
TATN;5;20160119;153500;297.8000000;298.2500000;297.4500000;298.2000000;33970
TATN;5;20160119;154000;298.0000000;298.5000000;297.8000000;298.5000000;34850
TATN;5;20160119;154500;298.5000000;298.5500000;298.1000000;298.2500000;8340
TATN;5;20160119;155000;298.2500000;298.7000000;298.1500000;298.2500000;4290
TATN;5;20160119;155500;298.2500000;298.5000000;298.0000000;298.0000000;4040
TATN;5;20160119;160000;298.1000000;298.2500000;297.5000000;297.6000000;17580
TATN;5;20160119;160500;297.6000000;298.3500000;297.4500000;297.5000000;11920
TATN;5;20160119;161000;297.8000000;297.9000000;297.3500000;297.6000000;16560
TATN;5;20160119;161500;297.5500000;297.9500000;297.3000000;297.5500000;21420
TATN;5;20160119;162000;297.6000000;298.0500000;297.0000000;297.1000000;48360
TATN;5;20160119;162500;297.4500000;297.7500000;296.8000000;297.2000000;64980
TATN;5;20160119;163000;297.3000000;297.5000000;296.8500000;297.2000000;31330
TATN;5;20160119;163500;297.2000000;297.9500000;297.1000000;297.5500000;17370
TATN;5;20160119;164000;297.5500000;298.8000000;297.5500000;297.5500000;14120
TATN;5;20160119;164500;297.5500000;297.9000000;297.5500000;297.7000000;4270
TATN;5;20160119;165000;297.7000000;298.6500000;297.7000000;298.3500000;8560
TATN;5;20160119;165500;298.6500000;298.7000000;298.2500000;298.2500000;4610
TATN;5;20160119;170000;298.2500000;298.4500000;297.7500000;298.0500000;16790
TATN;5;20160119;170500;298.4500000;298.5000000;297.6500000;297.7000000;44420
TATN;5;20160119;171000;297.7000000;298.2500000;297.4000000;297.4500000;49400
TATN;5;20160119;171500;297.7500000;298.5000000;297.3500000;298.0000000;83490
TATN;5;20160119;172000;298.2000000;298.5000000;297.3500000;297.7000000;136760
TATN;5;20160119;172500;297.7000000;298.3000000;297.6000000;298.0000000;25520
TATN;5;20160119;173000;298.0500000;298.3000000;297.7000000;298.0500000;34040
TATN;5;20160119;173500;298.0500000;298.5000000;297.5000000;298.2500000;96390
TATN;5;20160119;174000;298.4500000;299.0500000;296.3500000;296.4000000;62280
TATN;5;20160119;174500;296.4000000;296.7000000;295.2000000;296.0000000;52420
TATN;5;20160119;175000;296.0000000;296.0000000;293.7000000;294.2000000;78080
TATN;5;20160119;175500;294.2500000;294.4000000;293.0000000;294.0500000;66600
TATN;5;20160119;180000;294.2500000;294.4500000;293.4500000;294.0500000;21600
TATN;5;20160119;180500;294.4500000;294.5500000;293.0000000;293.1000000;44100
TATN;5;20160119;181000;293.4000000;294.3500000;293.0000000;293.0000000;22700
TATN;5;20160119;181500;293.0000000;294.4000000;292.2000000;293.7500000;50500
TATN;5;20160119;182000;293.7000000;294.7500000;293.5000000;293.5000000;16910
TATN;5;20160119;182500;293.5000000;294.6500000;293.2000000;294.2500000;23350
TATN;5;20160119;183000;294.3500000;296.2500000;294.3500000;296.0000000;24160
TATN;5;20160119;183500;296.2500000;296.4500000;294.2000000;294.6000000;25950
TATN;5;20160119;184000;294.6000000;297.5000000;294.2000000;296.9500000;71690
TATN;5;20160119;185000;296.7000000;296.7000000;296.7000000;296.7000000;82310
TATN;5;20160120;100500;292.1000000;292.9000000;290.2000000;292.0000000;51310
TATN;5;20160120;101000;292.0000000;292.6000000;291.7000000;292.2000000;19800
TATN;5;20160120;101500;292.4000000;292.4500000;288.0000000;288.6500000;65880
TATN;5;20160120;102000;288.5000000;290.4500000;287.8500000;289.9000000;39980
TATN;5;20160120;102500;289.4500000;292.6000000;289.4000000;291.8500000;16970
TATN;5;20160120;103000;292.1000000;292.1000000;290.0000000;290.4000000;15450
TATN;5;20160120;103500;290.1000000;290.3500000;287.9500000;288.0500000;56340
TATN;5;20160120;104000;288.3500000;289.3500000;287.5000000;289.2000000;50790
TATN;5;20160120;104500;289.2000000;289.3500000;288.2500000;288.4000000;11450
TATN;5;20160120;105000;288.4000000;289.0500000;288.0500000;288.9500000;6160
TATN;5;20160120;105500;288.9500000;289.3000000;288.3000000;288.3000000;7820
TATN;5;20160120;110000;288.3000000;288.6500000;287.0000000;287.0000000;41470
TATN;5;20160120;110500;287.0000000;287.4000000;285.1500000;287.4000000;68820
TATN;5;20160120;111000;287.4000000;287.8000000;286.3500000;286.5500000;56260
TATN;5;20160120;111500;286.7000000;288.6500000;286.0000000;288.6500000;35440
TATN;5;20160120;112000;288.2500000;289.6000000;288.1000000;288.8500000;43940
TATN;5;20160120;112500;288.6500000;289.0500000;287.5500000;288.0000000;38700
TATN;5;20160120;113000;287.6500000;288.7000000;287.1500000;287.9500000;52660
TATN;5;20160120;113500;287.8500000;288.6500000;287.0000000;288.4000000;65000
TATN;5;20160120;114000;288.2500000;289.5000000;288.1000000;289.1500000;32280
TATN;5;20160120;114500;289.1500000;289.2500000;287.8000000;288.5000000;43050
TATN;5;20160120;115000;288.7500000;288.9500000;287.9000000;288.2500000;34690
TATN;5;20160120;115500;288.1500000;289.2500000;288.1500000;288.7000000;20910
TATN;5;20160120;120000;288.6000000;289.4000000;287.5500000;288.9500000;26170
TATN;5;20160120;120500;288.8000000;289.6000000;288.2000000;289.1000000;26180
TATN;5;20160120;121000;289.0000000;289.3000000;288.7000000;288.9000000;2510
TATN;5;20160120;121500;288.7500000;289.3000000;288.6000000;289.1000000;21140
TATN;5;20160120;122000;289.2500000;289.2500000;287.7500000;288.1000000;15460
TATN;5;20160120;122500;288.2000000;288.3500000;287.5500000;288.2000000;8260
TATN;5;20160120;123000;288.3500000;288.7500000;288.1500000;288.6500000;18760
TATN;5;20160120;123500;288.8000000;289.2500000;288.5000000;288.9000000;12620
TATN;5;20160120;124000;288.9000000;288.9500000;288.6000000;288.9000000;4390
TATN;5;20160120;124500;288.9000000;290.2000000;288.9000000;290.2000000;27140
TATN;5;20160120;125000;290.2000000;290.4500000;289.3500000;289.8000000;9300
TATN;5;20160120;125500;289.8500000;290.9000000;289.6500000;290.8500000;15560
TATN;5;20160120;130000;290.8500000;291.6000000;290.3500000;290.9500000;13210
TATN;5;20160120;130500;291.0000000;291.2000000;290.5500000;291.0500000;8440
TATN;5;20160120;131000;291.2500000;291.6000000;291.1500000;291.6000000;8090
TATN;5;20160120;131500;291.4500000;292.8000000;291.4500000;292.0000000;27980
TATN;5;20160120;132000;291.7500000;291.8500000;290.8000000;291.8500000;5270
TATN;5;20160120;132500;291.8500000;291.9500000;291.5500000;291.9000000;1940
TATN;5;20160120;133000;291.9000000;292.6000000;291.9000000;292.4500000;3250
TATN;5;20160120;133500;292.5000000;292.7500000;292.2500000;292.7500000;4080
TATN;5;20160120;134000;292.7500000;292.9000000;291.4000000;291.8000000;10050
TATN;5;20160120;134500;291.8000000;292.4000000;291.7000000;292.4000000;8160
TATN;5;20160120;135000;292.4000000;292.8000000;292.2000000;292.7000000;5130
TATN;5;20160120;135500;292.4500000;292.7000000;291.5500000;291.5500000;3640
TATN;5;20160120;140000;291.5000000;291.8000000;291.3000000;291.6500000;400
TATN;5;20160120;140500;291.3500000;291.5500000;290.4000000;290.4500000;6920
TATN;5;20160120;141000;290.5000000;291.3000000;290.3000000;291.3000000;5520
TATN;5;20160120;141500;291.3000000;291.3000000;290.1000000;290.3000000;11530
TATN;5;20160120;142000;290.2500000;290.4000000;289.4000000;290.1500000;25200
TATN;5;20160120;142500;290.3000000;290.4000000;289.9000000;290.3000000;2030
TATN;5;20160120;143000;290.2500000;290.3000000;289.4500000;289.9500000;22800
TATN;5;20160120;143500;289.9500000;289.9500000;288.9000000;289.7000000;12600
TATN;5;20160120;144000;289.7500000;290.0000000;289.7500000;290.0000000;3080
TATN;5;20160120;144500;289.9500000;289.9500000;288.7000000;288.8500000;10020
TATN;5;20160120;145000;288.6500000;289.5500000;288.6000000;289.5500000;5800
TATN;5;20160120;145500;289.7000000;290.7000000;289.7000000;290.3500000;12880
TATN;5;20160120;150000;290.3500000;290.4000000;288.6000000;288.6000000;8140
TATN;5;20160120;150500;288.6500000;289.2500000;288.4500000;288.8000000;5390
TATN;5;20160120;151000;288.7000000;288.7000000;286.6000000;287.7000000;37550
TATN;5;20160120;151500;287.3000000;288.4000000;287.0000000;288.4000000;17370
TATN;5;20160120;152000;288.5000000;289.7000000;288.1500000;288.8500000;9540
TATN;5;20160120;152500;288.4000000;289.9500000;288.4000000;289.9500000;11780
TATN;5;20160120;153000;289.5000000;290.1000000;288.9000000;289.8500000;34920
TATN;5;20160120;153500;289.7000000;290.2500000;288.9000000;289.5000000;7300
TATN;5;20160120;154000;289.3000000;290.6000000;289.3000000;290.4500000;11280
TATN;5;20160120;154500;290.4500000;290.4500000;289.3500000;289.3500000;2390
TATN;5;20160120;155000;289.7500000;290.5000000;289.0500000;290.3000000;4900
TATN;5;20160120;155500;290.3500000;292.1000000;289.8000000;290.5000000;43130
TATN;5;20160120;160000;290.0500000;290.7500000;289.2500000;289.8000000;28280
TATN;5;20160120;160500;289.9000000;292.1500000;289.9000000;291.0000000;18810
TATN;5;20160120;161000;291.0500000;292.3000000;290.9000000;292.0000000;7070
TATN;5;20160120;161500;292.0000000;292.9000000;291.7500000;292.5500000;21150
TATN;5;20160120;162000;292.6000000;292.6000000;291.0000000;291.0500000;5580
TATN;5;20160120;162500;290.7500000;291.9500000;290.6500000;291.0000000;4970
TATN;5;20160120;163000;290.6500000;291.5000000;290.4000000;291.5000000;5530
TATN;5;20160120;163500;291.4500000;293.6500000;291.4500000;292.9000000;16550
TATN;5;20160120;164000;293.3000000;293.3000000;292.5000000;292.5000000;1630
TATN;5;20160120;164500;292.3500000;292.7500000;292.3000000;292.5000000;2080
TATN;5;20160120;165000;292.2500000;293.5500000;292.1000000;293.5500000;17630
TATN;5;20160120;165500;293.2000000;293.7000000;292.9000000;293.1000000;2940
TATN;5;20160120;170000;293.1000000;294.1500000;292.7000000;293.4000000;7030
TATN;5;20160120;170500;293.1500000;293.4000000;292.6000000;292.8500000;9640
TATN;5;20160120;171000;292.9500000;293.0500000;292.0500000;292.4000000;3640
TATN;5;20160120;171500;292.0500000;292.2000000;290.9500000;291.6500000;4710
TATN;5;20160120;172000;291.4000000;291.4000000;290.1500000;290.8500000;4110
TATN;5;20160120;172500;290.9500000;291.4500000;290.8500000;291.4500000;6360
TATN;5;20160120;173000;291.5500000;292.4000000;291.5500000;292.0000000;9000
TATN;5;20160120;173500;291.5000000;292.9000000;291.1500000;291.8500000;5340
TATN;5;20160120;174000;291.3000000;291.3000000;290.0500000;290.7500000;11960
TATN;5;20160120;174500;290.3500000;290.7000000;289.1000000;290.1000000;21200
TATN;5;20160120;175000;290.1500000;290.2000000;288.8000000;289.2000000;7700
TATN;5;20160120;175500;289.4000000;289.4000000;288.2500000;288.5000000;14240
TATN;5;20160120;180000;288.5000000;288.8500000;288.1500000;288.8000000;10150
TATN;5;20160120;180500;288.8500000;290.2500000;288.5500000;289.0000000;21620
TATN;5;20160120;181000;288.6000000;289.3500000;288.1000000;289.1500000;13920
TATN;5;20160120;181500;289.1500000;290.4500000;288.4000000;289.2000000;16260
TATN;5;20160120;182000;289.1000000;290.0500000;288.9000000;289.4000000;15790
TATN;5;20160120;182500;289.3500000;289.3500000;288.3000000;288.7500000;12010
TATN;5;20160120;183000;288.7500000;289.0000000;288.0500000;288.8000000;18290
TATN;5;20160120;183500;288.6500000;290.6500000;288.2500000;289.3500000;61270
TATN;5;20160120;184000;288.6000000;290.7000000;286.2500000;286.2500000;183180
TATN;5;20160120;185000;290.0000000;290.0000000;290.0000000;290.0000000;94310
TATN;5;20160121;100500;290.0500000;291.6000000;289.9000000;291.5000000;33660
TATN;5;20160121;101000;291.5000000;293.0000000;291.2000000;292.1500000;23250
TATN;5;20160121;101500;292.2000000;292.9500000;292.0000000;292.8500000;13100
TATN;5;20160121;102000;292.8500000;293.0000000;292.1500000;292.1500000;9630
TATN;5;20160121;102500;292.1500000;292.3500000;291.5000000;291.9500000;7100
TATN;5;20160121;103000;292.0000000;292.5500000;291.5000000;292.4500000;14390
TATN;5;20160121;103500;292.4500000;293.9500000;292.1000000;293.9500000;54470
TATN;5;20160121;104000;293.9000000;293.9500000;293.0000000;293.0000000;13680
TATN;5;20160121;104500;292.7000000;293.3000000;292.0500000;292.9500000;13120
TATN;5;20160121;105000;292.5500000;293.5000000;292.5000000;293.0000000;7570
TATN;5;20160121;105500;293.0000000;293.1500000;292.1000000;292.1500000;11600
TATN;5;20160121;110000;292.6000000;292.9000000;291.7500000;292.3000000;11760
TATN;5;20160121;110500;292.3500000;293.9000000;292.3500000;293.5000000;26950
TATN;5;20160121;111000;293.9500000;294.4500000;293.6000000;293.8000000;27150
TATN;5;20160121;111500;293.6500000;294.8000000;293.6500000;294.5500000;18330
TATN;5;20160121;112000;294.6500000;294.9500000;294.0000000;294.4500000;12830
TATN;5;20160121;112500;294.0500000;294.9500000;293.2500000;294.8500000;40820
TATN;5;20160121;113000;294.9000000;295.7500000;294.6000000;295.4500000;25100
TATN;5;20160121;113500;295.2000000;295.2000000;294.0000000;294.4500000;13390
TATN;5;20160121;114000;294.3500000;295.5000000;294.0000000;294.8500000;18760
TATN;5;20160121;114500;294.8000000;294.8000000;292.8000000;292.8000000;21940
TATN;5;20160121;115000;293.0500000;294.4000000;292.6000000;294.4000000;35210
TATN;5;20160121;115500;294.1500000;294.7000000;293.9000000;293.9000000;5330
TATN;5;20160121;120000;294.1500000;294.6000000;293.6000000;293.9000000;19890
TATN;5;20160121;120500;293.8500000;295.4000000;293.5500000;294.5000000;40060
TATN;5;20160121;121000;294.5500000;294.7500000;292.5000000;293.5500000;47740
TATN;5;20160121;121500;293.5500000;294.2000000;292.8000000;294.2000000;14370
TATN;5;20160121;122000;294.1500000;294.5000000;292.6000000;292.6000000;28760
TATN;5;20160121;122500;293.0000000;295.3000000;292.9500000;295.2000000;26770
TATN;5;20160121;123000;295.1500000;296.2500000;294.9000000;296.1000000;27460
TATN;5;20160121;123500;296.2000000;297.4500000;296.0500000;297.3500000;22240
TATN;5;20160121;124000;297.3500000;297.7500000;294.4500000;295.3000000;24970
TATN;5;20160121;124500;294.5000000;296.5500000;294.4500000;295.6500000;14970
TATN;5;20160121;125000;295.9000000;296.0500000;294.5500000;296.0500000;12010
TATN;5;20160121;125500;296.2000000;297.8000000;296.0500000;296.4500000;23600
TATN;5;20160121;130000;296.7500000;297.5000000;296.1000000;297.5000000;16330
TATN;5;20160121;130500;297.4500000;298.7500000;297.1500000;298.2500000;20820
TATN;5;20160121;131000;297.8000000;299.1000000;297.7000000;298.4000000;23310
TATN;5;20160121;131500;298.5000000;298.5000000;297.0500000;297.3000000;10790
TATN;5;20160121;132000;297.3000000;297.6500000;296.3500000;296.5000000;14650
TATN;5;20160121;132500;296.8000000;297.1500000;296.4000000;296.9500000;8530
TATN;5;20160121;133000;296.6000000;297.8000000;296.0000000;297.5500000;15610
TATN;5;20160121;133500;297.7500000;297.7500000;296.2000000;296.5000000;5040
TATN;5;20160121;134000;296.3500000;296.9500000;295.3500000;295.7500000;13260
TATN;5;20160121;134500;295.3500000;296.9500000;295.1500000;296.5000000;22460
TATN;5;20160121;135000;296.3500000;296.3500000;294.7500000;294.8500000;17170
TATN;5;20160121;135500;295.0500000;296.8000000;295.0500000;296.4000000;16150
TATN;5;20160121;140000;296.2500000;296.5500000;295.8500000;296.5500000;9630
TATN;5;20160121;140500;296.4000000;296.7000000;295.7000000;296.4500000;14390
TATN;5;20160121;141000;296.3500000;298.2000000;296.0500000;297.2000000;16920
TATN;5;20160121;141500;297.1000000;297.8000000;295.3000000;295.8500000;14980
TATN;5;20160121;142000;295.8500000;296.0500000;295.3000000;295.3000000;9560
TATN;5;20160121;142500;295.4000000;295.9500000;295.3000000;295.6500000;11670
TATN;5;20160121;143000;295.4000000;296.9000000;295.4000000;296.9000000;9600
TATN;5;20160121;143500;296.9000000;298.3000000;296.7000000;296.7000000;14560
TATN;5;20160121;144000;296.5500000;297.3500000;296.0500000;296.3000000;13750
TATN;5;20160121;144500;296.1500000;296.9000000;295.2000000;295.9000000;24540
TATN;5;20160121;145000;296.1000000;296.8000000;295.9000000;296.2500000;19410
TATN;5;20160121;145500;295.9500000;297.3500000;295.8500000;296.8000000;22210
TATN;5;20160121;150000;297.0500000;297.3500000;295.9000000;296.1000000;12100
TATN;5;20160121;150500;296.0000000;297.2000000;295.2500000;296.7000000;18860
TATN;5;20160121;151000;296.8000000;297.3500000;296.3000000;296.6500000;6270
TATN;5;20160121;151500;296.6500000;296.8500000;295.3000000;296.3000000;17280
TATN;5;20160121;152000;296.0000000;296.1500000;295.3000000;295.4000000;6080
TATN;5;20160121;152500;295.7000000;296.3500000;295.3000000;295.5500000;14380
TATN;5;20160121;153000;295.4000000;296.5500000;295.4000000;296.2500000;6890
TATN;5;20160121;153500;296.2500000;296.7000000;295.6000000;296.7000000;11010
TATN;5;20160121;154000;296.7500000;297.3500000;296.3000000;297.0000000;8620
TATN;5;20160121;154500;297.3500000;297.7000000;296.5500000;296.5500000;6270
TATN;5;20160121;155000;297.0000000;298.1500000;296.1500000;297.7000000;23490
TATN;5;20160121;155500;298.0000000;298.2000000;296.7000000;296.7000000;13590
TATN;5;20160121;160000;296.6500000;297.9000000;296.5000000;297.0000000;16010
TATN;5;20160121;160500;297.2500000;297.5000000;296.2500000;296.5000000;13260
TATN;5;20160121;161000;296.5000000;296.6000000;295.3000000;296.3500000;27950
TATN;5;20160121;161500;296.3500000;296.5500000;295.7000000;296.2500000;12010
TATN;5;20160121;162000;296.4500000;297.6000000;296.1000000;296.1500000;19590
TATN;5;20160121;162500;296.4500000;297.6500000;296.0500000;297.6500000;22310
TATN;5;20160121;163000;297.6500000;298.0000000;296.5000000;296.5000000;16740
TATN;5;20160121;163500;296.5000000;298.0000000;296.3500000;296.6500000;23760
TATN;5;20160121;164000;296.7000000;297.8500000;296.5000000;296.8500000;13890
TATN;5;20160121;164500;297.2000000;297.5500000;296.3500000;296.4500000;15190
TATN;5;20160121;165000;296.9000000;296.9000000;295.6000000;295.7000000;14880
TATN;5;20160121;165500;295.6500000;296.9500000;295.6000000;296.7000000;12220
TATN;5;20160121;170000;296.3000000;296.4500000;295.6000000;295.8000000;13330
TATN;5;20160121;170500;296.2500000;296.5000000;295.4000000;295.4500000;6900
TATN;5;20160121;171000;295.6500000;295.6500000;294.7000000;295.2500000;18250
TATN;5;20160121;171500;295.1500000;296.5000000;294.8000000;295.5000000;19680
TATN;5;20160121;172000;295.8000000;296.2500000;294.7000000;295.9500000;29740
TATN;5;20160121;172500;295.5000000;296.7500000;295.4500000;296.2000000;35240
TATN;5;20160121;173000;295.8500000;296.5000000;295.1500000;295.6000000;10230
TATN;5;20160121;173500;295.6000000;296.7000000;295.1000000;296.6500000;33000
TATN;5;20160121;174000;296.1500000;298.0000000;296.0000000;297.1000000;52000
TATN;5;20160121;174500;297.1000000;297.3500000;295.3500000;295.6500000;38410
TATN;5;20160121;175000;295.6500000;295.7500000;294.9000000;295.0500000;25310
TATN;5;20160121;175500;295.3000000;295.6000000;294.6500000;295.0000000;26630
TATN;5;20160121;180000;294.9500000;295.0500000;293.7000000;293.8000000;31790
TATN;5;20160121;180500;293.7500000;295.0500000;293.7000000;295.0500000;44230
TATN;5;20160121;181000;295.0000000;295.2000000;294.2500000;294.9000000;24750
TATN;5;20160121;181500;294.9500000;296.4500000;294.5500000;296.2000000;34600
TATN;5;20160121;182000;296.3500000;297.6000000;295.6000000;296.1500000;41520
TATN;5;20160121;182500;296.2000000;296.4500000;294.5000000;294.5000000;19890
TATN;5;20160121;183000;294.5000000;296.8000000;294.3500000;295.5000000;46580
TATN;5;20160121;183500;295.6500000;296.1000000;294.5000000;296.0000000;50820
TATN;5;20160121;184000;296.0500000;297.0000000;296.0000000;296.5500000;46420
TATN;5;20160121;185000;294.6000000;294.6000000;294.6000000;294.6000000;57090
TATN;5;20160122;100500;300.3000000;302.2500000;299.4500000;299.4500000;94260
TATN;5;20160122;101000;299.7500000;301.7500000;299.0500000;299.3500000;37360
TATN;5;20160122;101500;299.3000000;300.6500000;299.2000000;300.6500000;16530
TATN;5;20160122;102000;300.2500000;300.5500000;299.4500000;299.5500000;19730
TATN;5;20160122;102500;299.6000000;299.9500000;299.4500000;299.9500000;9970
TATN;5;20160122;103000;299.9500000;300.6500000;299.7000000;300.2500000;8100
TATN;5;20160122;103500;300.0000000;300.2500000;299.1500000;299.5500000;8150
TATN;5;20160122;104000;299.4000000;299.4500000;299.0000000;299.4500000;9000
TATN;5;20160122;104500;299.1000000;299.6500000;298.3000000;298.9000000;41490
TATN;5;20160122;105000;298.9000000;299.3500000;298.8000000;299.0000000;6060
TATN;5;20160122;105500;299.0000000;299.2000000;298.8000000;299.0000000;9990
TATN;5;20160122;110000;299.0000000;299.5500000;299.0000000;299.3500000;7010
TATN;5;20160122;110500;299.1000000;299.2000000;298.1500000;298.5500000;40850
TATN;5;20160122;111000;298.6000000;298.6500000;297.7000000;298.1500000;32280
TATN;5;20160122;111500;298.1500000;298.6000000;296.9000000;297.1000000;42540
TATN;5;20160122;112000;297.5000000;297.7500000;297.0000000;297.2500000;30140
TATN;5;20160122;112500;297.4500000;298.0000000;297.0000000;297.5000000;27420
TATN;5;20160122;113000;297.2500000;297.4500000;297.0000000;297.1000000;9160
TATN;5;20160122;113500;297.0500000;299.0000000;297.0000000;299.0000000;26720
TATN;5;20160122;114000;299.0500000;299.4000000;298.8500000;299.4000000;27600
TATN;5;20160122;114500;299.4500000;299.4500000;299.1000000;299.2000000;3080
TATN;5;20160122;115000;299.3500000;299.6000000;299.0000000;299.6000000;12390
TATN;5;20160122;115500;299.4500000;300.0000000;299.2000000;299.8500000;12920
TATN;5;20160122;120000;299.9500000;300.7500000;299.7000000;300.6500000;17580
TATN;5;20160122;120500;300.2500000;301.0000000;300.1000000;300.7000000;10070
TATN;5;20160122;121000;300.6500000;301.0000000;300.5000000;300.6000000;12710
TATN;5;20160122;121500;300.5000000;300.6000000;299.7000000;299.7000000;3660
TATN;5;20160122;122000;299.8500000;300.0000000;299.0000000;299.0000000;12740
TATN;5;20160122;122500;298.8500000;300.7500000;298.7500000;300.5500000;9140
TATN;5;20160122;123000;300.5500000;300.7000000;300.1000000;300.5500000;3930
TATN;5;20160122;123500;300.4500000;300.8000000;300.3000000;300.8000000;6880
TATN;5;20160122;124000;300.8000000;301.6000000;300.3500000;301.2500000;36380
TATN;5;20160122;124500;301.2000000;301.5000000;300.4000000;301.1500000;12820
TATN;5;20160122;125000;301.2500000;301.5500000;300.5500000;300.6000000;18930
TATN;5;20160122;125500;300.6000000;301.2000000;299.2000000;299.7500000;51770
TATN;5;20160122;130000;299.4500000;299.4500000;299.0000000;299.4500000;18300
TATN;5;20160122;130500;299.1000000;299.4500000;298.5500000;298.8000000;6340
TATN;5;20160122;131000;298.8000000;299.7000000;298.8000000;299.7000000;2510
TATN;5;20160122;131500;299.4500000;301.0000000;299.4500000;300.6000000;16720
TATN;5;20160122;132000;300.4500000;301.9000000;300.4500000;301.4000000;17640
TATN;5;20160122;132500;301.3500000;301.6500000;301.1000000;301.1000000;2890
TATN;5;20160122;133000;301.5000000;301.7500000;301.2000000;301.6500000;2690
TATN;5;20160122;133500;301.6500000;301.9500000;301.4000000;301.7000000;12840
TATN;5;20160122;134000;301.2500000;302.9000000;301.2500000;302.8500000;44220
TATN;5;20160122;134500;302.9000000;302.9000000;302.1000000;302.1500000;9430
TATN;5;20160122;135000;302.3500000;303.0000000;302.1000000;302.5000000;28900
TATN;5;20160122;135500;302.4500000;303.7500000;302.4500000;303.0000000;15920
TATN;5;20160122;140000;303.3000000;303.6000000;302.5000000;303.3500000;15970
TATN;5;20160122;140500;303.6500000;304.8000000;303.6500000;304.3000000;43490
TATN;5;20160122;141000;304.3500000;305.0000000;304.3000000;305.0000000;62980
TATN;5;20160122;141500;305.0000000;305.0000000;304.5500000;305.0000000;22200
TATN;5;20160122;142000;305.0000000;308.0000000;304.6500000;307.8000000;121750
TATN;5;20160122;142500;307.8000000;309.0000000;307.8000000;308.6500000;121350
TATN;5;20160122;143000;308.6500000;309.9500000;308.5000000;309.0000000;48130
TATN;5;20160122;143500;309.3500000;311.6000000;309.0000000;310.8000000;87460
TATN;5;20160122;144000;310.5500000;311.6500000;310.0000000;310.2500000;66320
TATN;5;20160122;144500;310.4500000;310.6500000;309.3000000;310.0000000;39510
TATN;5;20160122;145000;310.3000000;311.0000000;309.9500000;310.9000000;29480
TATN;5;20160122;145500;310.6000000;310.6000000;310.2500000;310.4500000;11110
TATN;5;20160122;150000;310.4500000;310.7000000;310.0000000;310.5000000;11940
TATN;5;20160122;150500;310.5000000;311.1500000;309.5000000;309.5000000;59510
TATN;5;20160122;151000;309.5000000;310.3000000;309.0000000;309.5000000;20480
TATN;5;20160122;151500;309.7500000;312.5500000;309.5500000;312.5500000;74230
TATN;5;20160122;152000;312.5500000;312.9500000;311.3000000;312.0000000;19390
TATN;5;20160122;152500;311.9500000;312.0500000;310.8000000;311.5500000;34970
TATN;5;20160122;153000;311.2000000;311.5000000;310.8000000;310.8500000;9810
TATN;5;20160122;153500;310.8500000;311.4500000;310.7500000;311.2000000;9110
TATN;5;20160122;154000;311.2000000;311.9500000;310.7500000;311.9500000;22160
TATN;5;20160122;154500;311.8500000;311.9500000;311.2500000;311.8500000;15560
TATN;5;20160122;155000;311.5000000;312.9000000;311.5000000;312.3500000;51520
TATN;5;20160122;155500;312.0500000;312.5000000;311.1500000;311.7500000;6470
TATN;5;20160122;160000;311.9000000;312.0000000;311.6000000;311.8500000;23220
TATN;5;20160122;160500;311.5500000;311.8000000;310.8500000;311.6000000;21070
TATN;5;20160122;161000;311.2000000;311.5500000;310.8500000;311.5500000;9550
TATN;5;20160122;161500;311.5500000;311.5500000;310.5500000;310.9000000;10660
TATN;5;20160122;162000;310.6500000;311.3500000;310.0000000;311.3500000;34560
TATN;5;20160122;162500;311.3500000;311.6000000;311.0000000;311.3500000;10670
TATN;5;20160122;163000;311.6000000;311.6000000;310.8500000;311.1000000;8250
TATN;5;20160122;163500;311.2000000;311.9000000;311.0000000;311.8500000;17970
TATN;5;20160122;164000;311.7000000;312.0000000;311.7000000;311.9000000;19400
TATN;5;20160122;164500;311.7000000;312.5000000;311.7000000;312.0000000;31140
TATN;5;20160122;165000;311.9500000;311.9500000;311.5500000;311.6000000;10600
TATN;5;20160122;165500;311.8500000;312.7500000;311.0000000;312.1000000;36020
TATN;5;20160122;170000;312.5500000;312.9500000;311.1500000;312.6500000;46770
TATN;5;20160122;170500;312.3000000;314.0000000;312.3000000;314.0000000;70070
TATN;5;20160122;171000;313.9500000;314.9500000;313.9000000;314.8000000;37330
TATN;5;20160122;171500;314.7500000;314.9000000;314.0500000;314.8000000;13960
TATN;5;20160122;172000;314.2500000;314.8000000;314.0500000;314.1000000;8980
TATN;5;20160122;172500;314.2500000;315.0000000;314.2500000;314.6000000;40280
TATN;5;20160122;173000;314.5500000;314.6000000;313.7000000;314.1000000;26130
TATN;5;20160122;173500;314.2000000;315.0000000;313.8000000;314.3500000;33240
TATN;5;20160122;174000;314.6500000;314.7000000;312.8000000;313.1000000;35220
TATN;5;20160122;174500;313.0500000;313.9500000;312.8000000;313.2500000;20060
TATN;5;20160122;175000;313.9000000;314.0000000;312.8500000;314.0000000;9520
TATN;5;20160122;175500;314.0000000;314.3000000;313.4000000;313.6000000;18540
TATN;5;20160122;180000;314.0000000;316.0000000;313.8500000;316.0000000;114330
TATN;5;20160122;180500;316.0000000;318.2000000;315.7000000;317.6500000;93930
TATN;5;20160122;181000;317.6000000;318.6500000;317.0000000;318.6500000;137000
TATN;5;20160122;181500;318.3000000;319.0500000;317.8500000;319.0500000;122140
TATN;5;20160122;182000;318.8500000;320.5500000;318.3500000;320.3000000;163640
TATN;5;20160122;182500;320.6500000;321.0000000;319.5500000;320.6000000;104210
TATN;5;20160122;183000;320.6000000;321.4000000;319.1000000;320.0000000;274990
TATN;5;20160122;183500;320.0000000;320.0000000;318.6000000;319.1500000;72060
TATN;5;20160122;184000;319.1000000;320.0000000;317.1500000;320.0000000;233800
TATN;5;20160122;185000;319.9000000;319.9000000;319.9000000;319.9000000;15720
TATN;5;20160125;100500;320.1500000;320.8000000;317.0000000;317.1000000;67020
TATN;5;20160125;101000;317.1000000;317.6000000;316.9500000;317.1500000;44780
TATN;5;20160125;101500;317.1500000;318.0000000;317.0000000;317.1000000;29680
TATN;5;20160125;102000;317.0500000;317.5000000;317.0000000;317.5000000;20390
TATN;5;20160125;102500;317.2000000;317.4500000;315.3000000;315.3000000;43150
TATN;5;20160125;103000;315.3000000;316.0500000;315.2000000;315.2000000;25660
TATN;5;20160125;103500;315.2000000;316.0000000;315.2000000;315.2000000;20300
TATN;5;20160125;104000;315.2000000;316.8000000;314.8000000;316.7000000;18880
TATN;5;20160125;104500;316.6500000;316.7000000;315.1000000;315.1000000;6040
TATN;5;20160125;105000;315.1500000;316.3000000;315.0500000;316.3000000;16970
TATN;5;20160125;105500;316.3000000;317.0000000;315.7000000;316.6500000;10580
TATN;5;20160125;110000;316.9500000;317.1500000;315.7500000;316.2500000;20630
TATN;5;20160125;110500;316.1000000;317.4500000;315.7500000;317.4000000;47470
TATN;5;20160125;111000;317.1500000;317.4000000;316.2500000;317.0000000;18270
TATN;5;20160125;111500;317.0500000;317.4000000;315.7000000;315.7000000;26490
TATN;5;20160125;112000;315.6500000;316.4000000;314.7000000;314.7500000;30070
TATN;5;20160125;112500;314.5500000;314.5500000;313.7000000;313.7500000;44160
TATN;5;20160125;113000;313.9500000;314.0000000;313.0500000;313.8000000;43770
TATN;5;20160125;113500;314.0000000;315.0000000;313.5000000;314.9000000;27940
TATN;5;20160125;114000;314.9000000;314.9000000;313.5500000;313.5500000;13200
TATN;5;20160125;114500;313.5500000;313.8000000;312.7000000;313.6000000;32360
TATN;5;20160125;115000;313.3000000;313.5500000;312.7500000;313.2000000;14400
TATN;5;20160125;115500;313.2500000;313.5000000;312.6500000;313.0500000;28050
TATN;5;20160125;120000;313.4500000;314.3000000;312.9000000;312.9000000;19940
TATN;5;20160125;120500;312.9500000;313.4500000;312.1500000;313.4500000;27080
TATN;5;20160125;121000;313.1500000;313.6500000;312.8500000;312.8500000;15610
TATN;5;20160125;121500;313.0000000;314.2000000;312.8000000;314.2000000;13860
TATN;5;20160125;122000;314.2000000;314.9000000;313.6000000;314.8500000;11500
TATN;5;20160125;122500;314.9000000;314.9000000;314.2500000;314.6000000;3160
TATN;5;20160125;123000;314.8500000;314.8500000;314.2500000;314.7000000;5720
TATN;5;20160125;123500;314.6500000;315.4000000;314.2500000;315.3000000;17470
TATN;5;20160125;124000;315.4000000;316.1500000;315.3000000;315.8500000;9730
TATN;5;20160125;124500;315.9000000;316.9000000;315.2500000;315.5500000;24930
TATN;5;20160125;125000;315.9000000;315.9000000;314.3500000;314.9000000;7670
TATN;5;20160125;125500;315.1000000;316.4500000;314.7500000;316.0000000;20050
TATN;5;20160125;130000;316.0000000;316.2000000;314.9000000;314.9000000;7630
TATN;5;20160125;130500;315.0000000;317.1000000;315.0000000;317.0000000;20370
TATN;5;20160125;131000;317.0000000;317.4000000;316.7000000;317.1500000;12370
TATN;5;20160125;131500;317.1500000;318.0000000;316.6500000;318.0000000;38510
TATN;5;20160125;132000;318.0000000;319.0000000;318.0000000;318.9000000;44460
TATN;5;20160125;132500;318.6000000;318.9000000;318.2500000;318.2500000;25910
TATN;5;20160125;133000;318.3000000;318.9000000;317.8500000;318.4500000;11310
TATN;5;20160125;133500;318.5000000;318.8500000;318.1000000;318.1000000;8430
TATN;5;20160125;134000;318.4500000;318.5500000;317.7000000;318.5500000;6080
TATN;5;20160125;134500;318.5500000;318.6500000;317.6000000;317.8500000;20460
TATN;5;20160125;135000;317.7000000;318.0000000;316.6500000;316.7000000;17560
TATN;5;20160125;135500;316.9500000;318.4500000;316.7000000;318.4500000;22210
TATN;5;20160125;140000;318.4000000;318.4000000;317.2500000;317.2500000;6660
TATN;5;20160125;140500;317.3000000;317.3000000;316.3000000;317.2000000;10440
TATN;5;20160125;141000;317.1500000;317.9000000;316.4000000;316.9000000;11310
TATN;5;20160125;141500;316.6500000;316.7500000;316.0500000;316.3000000;5220
TATN;5;20160125;142000;316.1500000;317.1500000;315.2000000;317.1500000;19550
TATN;5;20160125;142500;317.1000000;318.0000000;316.9500000;317.6500000;10490
TATN;5;20160125;143000;317.8000000;318.3500000;317.5000000;317.5000000;8590
TATN;5;20160125;143500;317.1500000;317.2000000;316.0000000;316.5500000;10120
TATN;5;20160125;144000;316.6500000;316.7000000;315.9500000;316.2500000;2080
TATN;5;20160125;144500;316.2500000;317.0000000;316.2500000;316.9500000;12160
TATN;5;20160125;145000;316.9000000;317.9500000;316.9000000;317.2500000;8940
TATN;5;20160125;145500;317.3500000;317.9500000;316.9500000;317.6500000;10310
TATN;5;20160125;150000;317.9000000;318.0000000;317.3500000;317.3500000;14370
TATN;5;20160125;150500;317.3500000;317.5000000;317.0000000;317.5000000;8770
TATN;5;20160125;151000;317.6500000;318.5500000;317.6000000;318.4500000;17620
TATN;5;20160125;151500;318.2000000;318.5500000;318.0500000;318.0500000;12450
TATN;5;20160125;152000;318.0500000;318.8000000;318.0000000;318.7500000;14020
TATN;5;20160125;152500;318.5000000;318.8000000;318.3000000;318.8000000;5190
TATN;5;20160125;153000;318.6500000;319.0000000;318.6000000;318.9500000;14490
TATN;5;20160125;153500;318.8000000;318.8500000;318.3000000;318.7000000;4650
TATN;5;20160125;154000;318.3000000;318.9000000;318.1500000;318.5500000;6350
TATN;5;20160125;154500;318.8000000;318.8500000;318.0000000;318.0000000;5330
TATN;5;20160125;155000;318.3000000;318.3000000;317.1500000;317.1500000;8840
TATN;5;20160125;155500;317.4500000;318.1500000;317.4500000;318.0000000;4100
TATN;5;20160125;160000;317.8000000;318.3500000;317.8000000;317.8500000;2090
TATN;5;20160125;160500;317.8500000;318.3500000;317.7000000;318.1500000;6990
TATN;5;20160125;161000;318.0000000;318.0000000;317.7500000;317.7500000;8420
TATN;5;20160125;161500;317.7500000;318.2500000;317.3000000;317.3000000;4760
TATN;5;20160125;162000;317.4500000;317.6500000;316.4000000;316.4000000;14080
TATN;5;20160125;162500;316.6500000;318.0500000;316.4000000;318.0500000;8660
TATN;5;20160125;163000;318.0500000;318.2500000;317.7500000;318.2500000;8120
TATN;5;20160125;163500;318.0000000;318.4000000;317.9000000;318.3500000;16130
TATN;5;20160125;164000;318.4000000;318.8500000;318.2000000;318.2000000;17570
TATN;5;20160125;164500;318.1500000;318.4000000;317.6000000;318.0000000;7410
TATN;5;20160125;165000;318.0000000;318.8000000;318.0000000;318.8000000;14930
TATN;5;20160125;165500;318.3500000;318.7500000;316.8000000;317.4500000;32480
TATN;5;20160125;170000;317.9500000;318.0000000;316.2500000;316.9500000;14320
TATN;5;20160125;170500;317.0000000;318.0500000;317.0000000;318.0500000;27070
TATN;5;20160125;171000;318.3500000;318.5000000;317.2500000;317.7000000;8460
TATN;5;20160125;171500;317.6500000;317.6500000;316.6500000;316.6500000;7160
TATN;5;20160125;172000;316.7500000;317.3000000;316.6500000;317.0000000;5370
TATN;5;20160125;172500;317.2500000;317.3000000;316.5000000;317.0000000;1930
TATN;5;20160125;173000;316.9500000;317.9000000;316.9000000;317.5000000;6710
TATN;5;20160125;173500;317.5000000;318.2000000;317.5000000;317.5500000;7590
TATN;5;20160125;174000;317.3500000;318.4500000;316.9000000;317.8000000;16880
TATN;5;20160125;174500;317.8500000;318.1500000;317.8000000;318.1000000;3420
TATN;5;20160125;175000;318.0500000;318.0500000;317.0500000;317.4500000;7450
TATN;5;20160125;175500;317.4500000;317.8500000;317.0000000;317.7500000;8460
TATN;5;20160125;180000;317.7500000;318.2000000;317.3500000;318.2000000;5460
TATN;5;20160125;180500;318.0000000;318.5500000;317.7500000;318.0500000;24690
TATN;5;20160125;181000;318.4500000;318.8500000;318.0000000;318.1000000;21040
TATN;5;20160125;181500;318.5000000;318.5000000;317.6500000;317.7500000;3470
TATN;5;20160125;182000;317.6500000;319.0000000;317.5500000;318.7000000;17910
TATN;5;20160125;182500;318.4500000;319.0000000;318.4500000;319.0000000;26770
TATN;5;20160125;183000;319.0000000;319.2000000;318.2500000;319.2000000;29040
TATN;5;20160125;183500;319.3000000;319.4000000;319.0000000;319.4000000;4910
TATN;5;20160125;184000;319.0500000;320.3500000;319.0500000;320.2000000;80660
TATN;5;20160125;185000;319.8500000;319.8500000;319.8500000;319.8500000;8080
TATN;5;20160126;100500;316.4500000;318.0000000;316.1000000;316.9500000;38800
TATN;5;20160126;101000;316.8000000;317.8000000;316.6000000;317.7500000;17460
TATN;5;20160126;101500;317.7500000;318.7500000;317.5000000;318.5000000;45390
TATN;5;20160126;102000;318.6500000;318.7000000;317.6500000;317.6500000;4580
TATN;5;20160126;102500;317.6500000;318.5000000;317.5500000;318.5000000;9930
TATN;5;20160126;103000;318.5000000;318.9000000;318.3500000;318.8000000;19710
TATN;5;20160126;103500;318.8000000;318.8000000;318.4500000;318.5000000;1600
TATN;5;20160126;104000;318.5500000;318.5500000;316.3500000;316.6500000;28290
TATN;5;20160126;104500;316.6500000;318.0000000;316.5000000;317.8500000;7720
TATN;5;20160126;105000;317.8000000;317.8000000;316.8500000;316.9000000;6450
TATN;5;20160126;105500;317.4000000;317.4000000;316.9000000;317.3500000;2370
TATN;5;20160126;110000;317.2500000;317.2500000;316.0500000;316.2500000;11760
TATN;5;20160126;110500;316.3500000;317.9500000;316.1000000;316.5000000;23610
TATN;5;20160126;111000;316.5500000;316.8500000;315.3000000;315.6500000;31220
TATN;5;20160126;111500;315.4000000;315.6500000;315.2000000;315.5000000;3450
TATN;5;20160126;112000;315.6500000;315.7500000;315.3000000;315.6500000;7590
TATN;5;20160126;112500;315.6000000;316.0000000;315.3500000;315.9500000;39160
TATN;5;20160126;113000;315.9500000;316.0000000;315.4000000;315.8000000;11020
TATN;5;20160126;113500;315.8000000;315.9500000;315.4500000;315.9500000;12770
TATN;5;20160126;114000;315.9500000;317.2500000;315.9000000;317.1500000;34570
TATN;5;20160126;114500;316.8000000;317.5000000;316.8000000;317.4500000;7050
TATN;5;20160126;115000;317.4500000;317.4500000;316.6500000;317.2500000;5130
TATN;5;20160126;115500;317.2500000;317.2500000;316.0000000;316.0000000;13920
TATN;5;20160126;120000;316.0000000;316.3500000;315.1500000;315.9500000;22580
TATN;5;20160126;120500;316.1000000;317.9000000;316.1000000;316.3500000;15900
TATN;5;20160126;121000;316.0000000;317.5000000;316.0000000;317.2000000;12080
TATN;5;20160126;121500;317.2000000;317.4500000;316.7500000;317.1500000;12840
TATN;5;20160126;122000;317.3500000;317.5500000;315.5000000;315.5000000;24430
TATN;5;20160126;122500;315.5000000;316.2500000;315.2000000;315.3000000;13560
TATN;5;20160126;123000;315.3000000;315.7500000;315.1000000;315.3500000;14830
TATN;5;20160126;123500;315.3000000;315.7000000;315.0500000;315.5500000;19850
TATN;5;20160126;124000;315.2000000;315.5500000;315.0500000;315.3500000;7220
TATN;5;20160126;124500;315.3500000;315.9500000;314.1500000;315.9000000;34920
TATN;5;20160126;125000;315.5500000;316.0500000;314.5500000;314.8000000;4360
TATN;5;20160126;125500;314.8000000;315.1000000;313.3000000;314.1000000;23730
TATN;5;20160126;130000;313.7500000;315.2000000;313.7500000;313.8500000;11020
TATN;5;20160126;130500;313.9000000;314.5000000;313.2500000;314.0500000;26080
TATN;5;20160126;131000;313.7500000;314.6500000;313.5500000;313.8000000;11820
TATN;5;20160126;131500;314.1500000;314.1500000;312.5500000;313.1500000;50330
TATN;5;20160126;132000;313.0000000;313.3000000;312.5500000;313.1000000;91090
TATN;5;20160126;132500;313.2500000;313.7000000;313.0000000;313.1000000;17250
TATN;5;20160126;133000;313.0500000;313.5000000;313.0000000;313.4000000;19040
TATN;5;20160126;133500;313.3500000;313.6000000;312.7000000;313.0500000;8670
TATN;5;20160126;134000;312.7000000;313.9000000;312.5500000;313.5500000;21440
TATN;5;20160126;134500;313.6000000;314.8000000;313.1500000;314.3000000;14680
TATN;5;20160126;135000;314.3000000;315.1500000;314.0000000;314.1000000;7140
TATN;5;20160126;135500;314.1000000;314.1000000;313.1000000;313.1000000;12430
TATN;5;20160126;140000;313.1000000;313.5000000;312.5500000;312.5500000;29520
TATN;5;20160126;140500;312.5500000;313.7000000;312.5000000;312.5000000;20640
TATN;5;20160126;141000;312.5000000;312.6000000;311.2500000;311.3000000;34510
TATN;5;20160126;141500;311.3500000;311.3500000;310.8000000;310.8000000;36120
TATN;5;20160126;142000;310.9000000;310.9000000;310.0000000;310.4500000;36610
TATN;5;20160126;142500;310.5000000;310.5500000;310.1000000;310.5000000;11170
TATN;5;20160126;143000;310.3000000;310.8500000;310.3000000;310.7500000;5980
TATN;5;20160126;143500;310.7500000;311.0000000;310.3500000;311.0000000;6480
TATN;5;20160126;144000;310.8500000;311.4500000;310.7500000;311.4000000;3730
TATN;5;20160126;144500;311.4000000;311.6000000;311.0000000;311.1000000;6540
TATN;5;20160126;145000;311.1000000;311.3000000;310.1500000;310.2000000;17760
TATN;5;20160126;145500;310.2000000;310.2000000;309.3500000;309.8500000;32850
TATN;5;20160126;150000;309.8500000;310.2000000;309.6000000;310.0000000;5900
TATN;5;20160126;150500;309.9000000;310.1500000;309.3000000;309.3000000;13100
TATN;5;20160126;151000;309.3000000;310.3500000;309.1500000;310.3000000;6800
TATN;5;20160126;151500;310.3500000;310.8000000;310.3500000;310.7500000;2310
TATN;5;20160126;152000;310.8000000;310.8000000;310.2000000;310.4500000;1560
TATN;5;20160126;152500;310.5000000;310.5500000;309.3500000;309.6500000;10600
TATN;5;20160126;153000;309.7000000;310.5000000;309.5500000;310.5000000;7190
TATN;5;20160126;153500;310.4500000;311.0500000;310.2500000;311.0500000;10650
TATN;5;20160126;154000;311.0500000;312.4000000;310.8500000;312.4000000;12730
TATN;5;20160126;154500;312.4000000;312.4000000;310.7500000;311.1000000;12190
TATN;5;20160126;155000;311.2500000;311.2500000;310.4500000;311.0500000;13170
TATN;5;20160126;155500;311.0500000;311.9500000;311.0500000;311.9000000;5780
TATN;5;20160126;160000;311.8500000;312.2500000;311.5500000;311.8000000;12860
TATN;5;20160126;160500;311.8000000;312.4000000;311.5500000;312.0500000;15260
TATN;5;20160126;161000;312.2500000;312.4000000;311.9500000;312.0000000;10580
TATN;5;20160126;161500;312.2000000;312.2500000;311.5500000;311.5500000;20250
TATN;5;20160126;162000;311.5500000;311.9500000;311.5500000;311.8500000;7060
TATN;5;20160126;162500;311.6000000;311.9500000;310.0000000;310.4500000;26940
TATN;5;20160126;163000;310.3000000;310.4000000;310.0500000;310.2000000;2860
TATN;5;20160126;163500;310.1000000;310.8500000;310.0500000;310.8500000;7740
TATN;5;20160126;164000;310.5000000;311.2500000;310.0000000;311.2500000;22370
TATN;5;20160126;164500;310.7500000;311.1500000;310.6000000;310.8500000;17280
TATN;5;20160126;165000;311.0500000;311.4500000;310.6000000;310.7000000;14540
TATN;5;20160126;165500;310.9000000;311.4500000;310.9000000;311.1500000;4550
TATN;5;20160126;170000;311.2000000;312.2000000;311.2000000;312.0000000;9100
TATN;5;20160126;170500;312.0500000;312.1000000;311.0000000;311.1000000;7630
TATN;5;20160126;171000;311.0500000;311.6000000;310.4000000;310.8500000;20630
TATN;5;20160126;171500;311.0000000;312.0000000;310.7000000;311.8000000;8980
TATN;5;20160126;172000;311.6000000;311.6000000;310.9500000;311.2000000;2620
TATN;5;20160126;172500;311.4000000;311.4000000;310.7500000;311.2500000;5610
TATN;5;20160126;173000;311.2500000;311.7000000;310.4500000;310.4500000;12600
TATN;5;20160126;173500;310.4500000;310.7000000;309.7000000;309.7000000;35090
TATN;5;20160126;174000;309.7500000;310.5500000;309.7500000;310.1500000;11510
TATN;5;20160126;174500;310.2000000;310.9000000;310.0000000;310.4500000;10570
TATN;5;20160126;175000;310.7000000;310.9000000;310.2500000;310.5000000;4080
TATN;5;20160126;175500;310.2500000;310.4000000;309.9000000;310.0500000;9450
TATN;5;20160126;180000;310.0000000;310.5000000;309.6000000;310.0000000;20210
TATN;5;20160126;180500;309.6500000;310.8000000;309.6500000;310.1500000;6930
TATN;5;20160126;181000;309.7500000;309.7500000;309.1500000;309.2000000;40300
TATN;5;20160126;181500;309.6500000;309.7500000;308.5000000;308.6500000;68590
TATN;5;20160126;182000;308.5000000;309.1000000;307.8500000;309.0000000;43680
TATN;5;20160126;182500;309.0000000;309.5000000;308.7000000;309.0500000;15210
TATN;5;20160126;183000;309.0500000;309.0500000;308.3000000;308.8500000;29630
TATN;5;20160126;183500;308.6500000;309.3000000;308.2000000;309.3000000;16710
TATN;5;20160126;184000;308.9000000;309.2000000;307.8500000;309.2000000;137560
TATN;5;20160126;185000;308.0500000;308.0500000;308.0500000;308.0500000;33240
TATN;5;20160127;100500;308.4000000;309.4500000;308.0500000;308.0500000;19230
TATN;5;20160127;101000;308.1000000;308.6000000;308.1000000;308.3000000;3630
TATN;5;20160127;101500;308.3000000;308.8000000;308.3000000;308.8000000;4890
TATN;5;20160127;102000;308.8000000;308.9000000;308.6000000;308.6000000;8500
TATN;5;20160127;102500;308.6000000;308.9000000;308.6000000;308.6500000;2320
TATN;5;20160127;103000;308.8500000;309.9000000;308.8500000;309.7000000;13930
TATN;5;20160127;103500;309.4000000;309.7000000;309.3500000;309.7000000;1390
TATN;5;20160127;104000;309.7000000;309.8500000;309.2500000;309.8500000;2340
TATN;5;20160127;104500;309.8500000;309.9000000;309.4000000;309.4500000;4780
TATN;5;20160127;105000;309.6500000;309.9000000;309.6500000;309.9000000;7470
TATN;5;20160127;105500;309.9000000;310.8500000;309.9000000;310.7000000;13130
TATN;5;20160127;110000;310.8000000;310.8000000;310.2000000;310.5000000;3920
TATN;5;20160127;110500;310.5000000;311.3000000;310.5000000;310.6000000;9550
TATN;5;20160127;111000;310.7000000;310.7000000;309.8500000;309.9000000;9730
TATN;5;20160127;111500;310.0500000;310.3500000;309.4000000;309.7500000;32700
TATN;5;20160127;112000;309.6500000;310.0000000;309.3500000;309.6500000;21810
TATN;5;20160127;112500;309.7000000;310.3500000;309.5500000;310.0500000;14630
TATN;5;20160127;113000;310.2000000;310.3000000;309.9500000;310.3000000;1490
TATN;5;20160127;113500;310.4500000;310.4500000;309.9000000;310.0000000;2040
TATN;5;20160127;114000;310.1000000;311.1500000;309.3500000;311.1500000;18850
TATN;5;20160127;114500;310.8500000;311.5000000;310.7000000;311.0000000;10210
TATN;5;20160127;115000;311.5000000;311.5000000;310.5500000;310.7500000;20660
TATN;5;20160127;115500;310.6000000;310.8000000;310.0000000;310.3000000;4160
TATN;5;20160127;120000;310.1000000;311.1000000;309.9000000;310.7500000;7630
TATN;5;20160127;120500;310.7500000;310.9500000;310.4000000;310.8500000;1610
TATN;5;20160127;121000;310.5500000;310.7000000;310.2000000;310.4000000;4500
TATN;5;20160127;121500;310.4000000;310.7000000;310.1500000;310.2000000;8020
TATN;5;20160127;122000;310.2000000;310.7000000;310.2000000;310.6500000;8900
TATN;5;20160127;122500;310.5500000;311.3500000;310.5000000;311.2000000;5460
TATN;5;20160127;123000;311.2500000;311.5000000;310.6500000;310.6500000;10380
TATN;5;20160127;123500;310.8000000;311.3500000;310.8000000;311.1000000;4220
TATN;5;20160127;124000;311.1000000;311.3000000;310.6500000;311.0500000;8210
TATN;5;20160127;124500;311.0500000;311.2500000;310.4000000;310.7500000;11010
TATN;5;20160127;125000;310.6500000;310.8000000;310.3500000;310.5000000;1130
TATN;5;20160127;125500;310.3500000;310.7500000;310.0000000;310.3500000;9610
TATN;5;20160127;130000;310.3000000;310.3500000;310.0000000;310.2500000;2890
TATN;5;20160127;130500;310.4000000;310.8500000;309.3000000;309.8000000;14360
TATN;5;20160127;131000;309.6500000;310.0000000;309.1000000;310.0000000;16100
TATN;5;20160127;131500;309.7000000;310.1500000;308.9000000;309.6000000;14900
TATN;5;20160127;132000;309.6000000;309.6000000;308.8500000;308.8500000;2570
TATN;5;20160127;132500;309.2000000;309.4000000;308.8500000;309.4000000;2280
TATN;5;20160127;133000;309.6000000;309.6000000;309.5500000;309.5500000;260
TATN;5;20160127;133500;309.8000000;310.8000000;309.8000000;310.4000000;5690
TATN;5;20160127;134000;310.3000000;311.1500000;310.3000000;310.9000000;13370
TATN;5;20160127;134500;311.0000000;311.0000000;310.4500000;310.7000000;2770
TATN;5;20160127;135000;310.6000000;310.7000000;310.3000000;310.6500000;1960
TATN;5;20160127;135500;310.6500000;311.5000000;310.6500000;311.5000000;10380
TATN;5;20160127;140000;311.5000000;311.7500000;311.1000000;311.5000000;10000
TATN;5;20160127;140500;311.6500000;312.5500000;311.3000000;312.2000000;24610
TATN;5;20160127;141000;312.0000000;312.4000000;311.8500000;312.1500000;5200
TATN;5;20160127;141500;311.8500000;312.1000000;311.7000000;312.0000000;150
TATN;5;20160127;142000;312.0500000;312.5000000;311.1500000;311.9500000;47120
TATN;5;20160127;142500;312.0000000;312.0000000;310.6000000;310.6000000;5800
TATN;5;20160127;143000;310.8500000;310.9500000;309.8000000;309.8500000;10390
TATN;5;20160127;143500;310.3500000;310.3500000;309.8000000;309.8000000;2920
TATN;5;20160127;144000;309.9500000;309.9500000;309.8000000;309.9000000;1030
TATN;5;20160127;144500;310.1500000;310.2500000;309.8500000;309.9000000;1280
TATN;5;20160127;145000;310.0000000;310.3000000;310.0000000;310.3000000;540
TATN;5;20160127;145500;310.4500000;310.9500000;310.4500000;310.9500000;1410
TATN;5;20160127;150000;311.0000000;311.3500000;310.3500000;310.7500000;8990
TATN;5;20160127;150500;311.0000000;312.0500000;310.6500000;311.4500000;41000
TATN;5;20160127;151000;311.5000000;312.2000000;311.1000000;311.5500000;18470
TATN;5;20160127;151500;311.4000000;311.4000000;310.8500000;311.0000000;2180
TATN;5;20160127;152000;311.4500000;311.6000000;310.7500000;310.7500000;4660
TATN;5;20160127;152500;310.7500000;311.3000000;310.7500000;310.9500000;11950
TATN;5;20160127;153000;310.8000000;311.0000000;310.7000000;310.8000000;7620
TATN;5;20160127;153500;310.8000000;312.2500000;310.4000000;310.8500000;45830
TATN;5;20160127;154000;310.5500000;310.6000000;310.1500000;310.2500000;13390
TATN;5;20160127;154500;310.3000000;311.0500000;310.3000000;311.0500000;3060
TATN;5;20160127;155000;311.0000000;311.3000000;310.6000000;311.3000000;3400
TATN;5;20160127;155500;311.2000000;311.8000000;310.7500000;311.8000000;9790
TATN;5;20160127;160000;311.8000000;312.5000000;311.8000000;312.4000000;16020
TATN;5;20160127;160500;312.4000000;312.8500000;312.2000000;312.7000000;20050
TATN;5;20160127;161000;312.8500000;313.0500000;312.5000000;313.0000000;18350
TATN;5;20160127;161500;313.0000000;313.5000000;312.4500000;312.4500000;23950
TATN;5;20160127;162000;312.5000000;312.9500000;311.9500000;312.6000000;14490
TATN;5;20160127;162500;313.0000000;313.0500000;312.4500000;312.4500000;10860
TATN;5;20160127;163000;312.8000000;312.9000000;311.5500000;311.7000000;35320
TATN;5;20160127;163500;311.7000000;311.7000000;311.0000000;311.5500000;11150
TATN;5;20160127;164000;311.6000000;312.4000000;311.3500000;312.1000000;8940
TATN;5;20160127;164500;312.0000000;312.2500000;311.8500000;311.8500000;2760
TATN;5;20160127;165000;311.9000000;312.1500000;311.4000000;312.1000000;5030
TATN;5;20160127;165500;312.1000000;312.1000000;311.5500000;311.6000000;4670
TATN;5;20160127;170000;312.0000000;312.3500000;312.0000000;312.1000000;5670
TATN;5;20160127;170500;312.3500000;312.6500000;312.0000000;312.4000000;11100
TATN;5;20160127;171000;312.4500000;312.7500000;312.1000000;312.6500000;6270
TATN;5;20160127;171500;312.6000000;312.8500000;312.4500000;312.7500000;4040
TATN;5;20160127;172000;312.7500000;312.9500000;312.3000000;312.3000000;8230
TATN;5;20160127;172500;312.7500000;313.0000000;312.1500000;312.7000000;10510
TATN;5;20160127;173000;312.8000000;313.0000000;312.2000000;312.2000000;11970
TATN;5;20160127;173500;312.6000000;312.8000000;312.3500000;312.5500000;6200
TATN;5;20160127;174000;312.5500000;312.9500000;312.0500000;312.4000000;31300
TATN;5;20160127;174500;312.4000000;313.4500000;312.4000000;313.4000000;20620
TATN;5;20160127;175000;313.4000000;313.9500000;313.4000000;313.8500000;33080
TATN;5;20160127;175500;313.8500000;313.8500000;313.2500000;313.2500000;9330
TATN;5;20160127;180000;313.5500000;313.9500000;312.7500000;312.7500000;23720
TATN;5;20160127;180500;312.8500000;313.1500000;312.1500000;312.3000000;13770
TATN;5;20160127;181000;312.6500000;312.8500000;312.0000000;312.6000000;15620
TATN;5;20160127;181500;312.3000000;312.3000000;311.7500000;311.7500000;12740
TATN;5;20160127;182000;311.8000000;312.2500000;311.7500000;312.1500000;6940
TATN;5;20160127;182500;312.1500000;313.0000000;311.8500000;312.0000000;21660
TATN;5;20160127;183000;312.2000000;312.6500000;311.8000000;311.8000000;5990
TATN;5;20160127;183500;312.2000000;313.1500000;312.0000000;312.3500000;30590
TATN;5;20160127;184000;312.6000000;313.3000000;312.0000000;313.3000000;62100
TATN;5;20160127;185000;314.0000000;314.0000000;314.0000000;314.0000000;34380
TATN;5;20160128;100500;313.6000000;314.1000000;312.8000000;313.0000000;11120
TATN;5;20160128;101000;312.6500000;313.4000000;312.0000000;313.4000000;29590
TATN;5;20160128;101500;313.3000000;313.6500000;312.7500000;312.7500000;17910
TATN;5;20160128;102000;312.8000000;312.8500000;312.5500000;312.7500000;2900
TATN;5;20160128;102500;312.6000000;313.3000000;312.5000000;313.3000000;8280
TATN;5;20160128;103000;313.3000000;313.8000000;312.7000000;313.8000000;7640
TATN;5;20160128;103500;313.5000000;313.7500000;313.2000000;313.6500000;9690
TATN;5;20160128;104000;313.3500000;313.8000000;313.3500000;313.7500000;4590
TATN;5;20160128;104500;313.5500000;315.0000000;313.5500000;314.2500000;19580
TATN;5;20160128;105000;314.3000000;315.8500000;314.1000000;315.6500000;24650
TATN;5;20160128;105500;315.7000000;318.6000000;315.7000000;317.8500000;51100
TATN;5;20160128;110000;317.7000000;318.7500000;317.6500000;318.4500000;27940
TATN;5;20160128;110500;318.4500000;318.4500000;314.3000000;315.5000000;64820
TATN;5;20160128;111000;315.1000000;315.6000000;314.1000000;314.1000000;21120
TATN;5;20160128;111500;314.1000000;315.0000000;314.0500000;314.5000000;9260
TATN;5;20160128;112000;314.9500000;315.1500000;314.7000000;315.1500000;1940
TATN;5;20160128;112500;315.0000000;315.5000000;315.0000000;315.5000000;1290
TATN;5;20160128;113000;315.2500000;315.2500000;314.5000000;314.9000000;15080
TATN;5;20160128;113500;314.9000000;315.4000000;314.4000000;314.6000000;13420
TATN;5;20160128;114000;314.4500000;314.6500000;314.2000000;314.6500000;590
TATN;5;20160128;114500;314.7500000;315.2000000;314.7000000;315.2000000;22430
TATN;5;20160128;115000;315.0000000;315.9000000;314.8000000;315.3000000;13820
TATN;5;20160128;115500;315.5500000;315.7500000;315.0500000;315.7500000;10380
TATN;5;20160128;120000;315.7000000;315.7500000;315.3500000;315.4500000;7270
TATN;5;20160128;120500;315.7000000;315.9500000;314.5500000;314.5500000;16500
TATN;5;20160128;121000;314.5500000;315.0000000;314.1500000;315.0000000;7280
TATN;5;20160128;121500;315.1000000;315.1000000;314.1500000;314.1500000;1970
TATN;5;20160128;122000;314.2000000;314.7000000;314.1000000;314.7000000;5160
TATN;5;20160128;122500;315.0000000;315.3500000;315.0000000;315.1000000;4460
TATN;5;20160128;123000;315.4500000;315.4500000;315.0500000;315.4000000;10590
TATN;5;20160128;123500;315.5000000;315.5500000;315.5000000;315.5500000;110
TATN;5;20160128;124000;315.1500000;316.0000000;314.8500000;315.7000000;16490
TATN;5;20160128;124500;315.9500000;317.8000000;315.7000000;317.4000000;38090
TATN;5;20160128;125000;317.4000000;317.5500000;316.1000000;316.7500000;13680
TATN;5;20160128;125500;316.6000000;317.5500000;315.7500000;315.9000000;17810
TATN;5;20160128;130000;315.8000000;316.0500000;315.1000000;315.6500000;4520
TATN;5;20160128;130500;316.5000000;316.9500000;316.3000000;316.9500000;1910
TATN;5;20160128;131000;317.0000000;317.0000000;316.0000000;316.4500000;13100
TATN;5;20160128;131500;316.6000000;318.0000000;316.6000000;317.3000000;11420
TATN;5;20160128;132000;317.2000000;317.6500000;317.0000000;317.6500000;3140
TATN;5;20160128;132500;317.5000000;317.8000000;317.3000000;317.7000000;4080
TATN;5;20160128;133000;317.7000000;317.7500000;317.0000000;317.4000000;8590
TATN;5;20160128;133500;317.4500000;317.8000000;317.0500000;317.6500000;12200
TATN;5;20160128;134000;317.5500000;317.9500000;317.4000000;317.9500000;4700
TATN;5;20160128;134500;317.9500000;317.9500000;317.4000000;317.8000000;7140
TATN;5;20160128;135000;317.4500000;317.8000000;317.1000000;317.1000000;2070
TATN;5;20160128;135500;317.6000000;317.6000000;317.1000000;317.5500000;440
TATN;5;20160128;140000;317.4000000;318.2000000;317.4000000;318.1500000;10730
TATN;5;20160128;140500;318.1500000;318.2000000;317.6500000;318.2000000;10040
TATN;5;20160128;141000;318.2000000;318.7000000;317.9500000;318.7000000;17820
TATN;5;20160128;141500;318.7000000;319.0000000;318.4500000;318.6500000;10290
TATN;5;20160128;142000;318.6500000;318.9500000;318.0500000;318.3500000;15080
TATN;5;20160128;142500;318.6000000;319.6500000;318.5500000;319.2000000;17940
TATN;5;20160128;143000;319.2000000;319.6500000;317.9000000;318.7000000;12360
TATN;5;20160128;143500;318.4500000;318.8500000;317.7500000;318.1500000;10160
TATN;5;20160128;144000;317.8000000;318.5500000;316.8500000;317.1000000;6480
TATN;5;20160128;144500;316.8500000;317.7000000;316.3500000;316.8500000;15590
TATN;5;20160128;145000;316.7000000;318.4000000;316.7000000;318.4000000;18640
TATN;5;20160128;145500;318.4000000;319.7500000;318.0000000;319.1500000;24560
TATN;5;20160128;150000;319.6000000;319.9500000;319.1500000;319.9500000;23230
TATN;5;20160128;150500;320.0000000;320.6000000;318.9500000;320.4500000;51180
TATN;5;20160128;151000;320.4500000;320.4500000;318.8500000;319.7500000;68460
TATN;5;20160128;151500;320.0000000;320.2500000;319.7500000;320.0500000;17770
TATN;5;20160128;152000;320.2500000;320.2500000;319.6500000;320.0500000;8730
TATN;5;20160128;152500;319.9500000;320.4000000;319.4500000;320.4000000;22440
TATN;5;20160128;153000;320.4000000;320.6500000;320.1000000;320.6000000;28530
TATN;5;20160128;153500;320.6000000;321.3500000;320.5000000;321.1500000;54860
TATN;5;20160128;154000;320.7000000;321.3500000;320.6500000;321.3500000;10460
TATN;5;20160128;154500;321.3500000;321.6500000;321.0000000;321.0000000;26340
TATN;5;20160128;155000;321.1000000;321.1000000;320.7000000;321.1000000;4160
TATN;5;20160128;155500;320.8500000;321.4000000;320.6500000;321.4000000;6220
TATN;5;20160128;160000;321.2000000;321.6000000;320.7000000;321.0000000;17410
TATN;5;20160128;160500;320.7000000;321.8000000;320.3000000;321.4500000;19730
TATN;5;20160128;161000;321.7000000;321.8500000;321.3000000;321.7500000;5190
TATN;5;20160128;161500;321.6500000;321.8500000;321.2000000;321.8000000;9010
TATN;5;20160128;162000;321.8000000;321.8500000;320.3000000;320.3000000;10680
TATN;5;20160128;162500;320.7000000;320.7000000;319.3500000;319.6000000;20450
TATN;5;20160128;163000;319.9500000;320.1000000;319.6000000;319.6500000;1790
TATN;5;20160128;163500;319.6500000;319.6500000;318.7500000;319.0500000;8660
TATN;5;20160128;164000;319.4000000;319.4500000;319.0000000;319.4500000;1630
TATN;5;20160128;164500;319.1000000;319.6500000;319.1000000;319.4000000;1190
TATN;5;20160128;165000;319.2500000;320.6500000;319.2000000;320.2000000;9270
TATN;5;20160128;165500;320.2500000;320.7000000;319.8000000;319.8000000;7590
TATN;5;20160128;170000;319.8000000;321.0000000;319.5500000;320.9500000;15660
TATN;5;20160128;170500;320.8500000;321.2000000;318.7000000;318.7000000;40990
TATN;5;20160128;171000;319.1000000;320.6000000;319.1000000;320.1000000;64170
TATN;5;20160128;171500;320.1000000;321.9500000;320.1000000;321.5000000;34700
TATN;5;20160128;172000;321.4000000;322.0000000;321.1500000;322.0000000;27700
TATN;5;20160128;172500;321.9500000;324.6500000;321.9500000;324.0000000;111400
TATN;5;20160128;173000;324.3500000;324.8000000;323.0000000;324.0500000;67200
TATN;5;20160128;173500;324.0500000;324.3000000;322.7500000;323.4500000;55940
TATN;5;20160128;174000;323.0500000;325.9000000;323.0000000;325.7500000;197880
TATN;5;20160128;174500;325.5000000;325.7500000;323.6000000;323.8000000;42240
TATN;5;20160128;175000;323.7000000;324.1000000;322.8000000;323.4500000;23050
TATN;5;20160128;175500;323.8000000;325.5000000;323.8000000;324.6500000;20050
TATN;5;20160128;180000;324.9500000;326.0000000;324.6500000;325.5000000;15340
TATN;5;20160128;180500;325.6000000;325.6500000;324.0000000;324.4500000;14770
TATN;5;20160128;181000;324.5000000;324.8000000;324.0000000;324.6500000;9760
TATN;5;20160128;181500;324.6000000;325.0000000;324.0000000;324.0500000;7670
TATN;5;20160128;182000;324.2500000;324.7500000;324.0500000;324.5000000;18960
TATN;5;20160128;182500;324.3000000;325.7000000;324.3000000;325.3000000;46390
TATN;5;20160128;183000;325.6500000;325.9500000;324.7000000;325.4500000;69470
TATN;5;20160128;183500;325.2000000;325.4500000;324.4000000;325.3500000;29140
TATN;5;20160128;184000;325.0500000;325.9000000;324.7500000;325.9000000;71330
TATN;5;20160128;185000;326.5000000;326.5000000;326.5000000;326.5000000;73580
TATN;5;20160129;100500;327.0500000;328.7000000;325.9500000;328.3000000;30920
TATN;5;20160129;101000;328.3000000;328.6500000;327.5000000;328.1000000;11420
TATN;5;20160129;101500;328.1500000;328.2000000;327.2000000;327.2000000;9550
TATN;5;20160129;102000;327.3000000;327.5500000;326.6500000;327.0000000;8990
TATN;5;20160129;102500;327.0000000;327.6000000;326.7000000;327.5500000;7130
TATN;5;20160129;103000;327.6000000;327.9000000;327.1000000;327.9000000;9170
TATN;5;20160129;103500;327.7500000;328.9000000;327.6500000;328.8000000;28540
TATN;5;20160129;104000;328.7500000;328.7500000;327.3500000;327.5500000;28330
TATN;5;20160129;104500;327.6500000;328.3000000;327.6500000;328.3000000;13750
TATN;5;20160129;105000;327.9500000;327.9500000;327.1500000;327.4000000;8240
TATN;5;20160129;105500;327.2000000;327.5500000;326.7000000;327.0000000;29150
TATN;5;20160129;110000;327.0000000;327.7000000;326.7500000;327.0000000;64910
TATN;5;20160129;110500;326.9500000;327.3500000;326.7500000;327.0000000;45470
TATN;5;20160129;111000;327.0000000;328.3500000;326.7000000;328.0500000;15640
TATN;5;20160129;111500;328.0500000;329.4500000;328.0500000;329.1000000;73650
TATN;5;20160129;112000;329.2500000;330.0000000;329.2500000;330.0000000;81380
TATN;5;20160129;112500;330.0000000;330.0000000;329.5000000;329.5000000;40340
TATN;5;20160129;113000;329.5500000;330.3500000;328.4500000;330.2500000;123320
TATN;5;20160129;113500;330.2500000;330.7000000;329.3500000;329.7000000;36240
TATN;5;20160129;114000;329.4500000;330.9500000;329.3500000;330.4500000;64300
TATN;5;20160129;114500;330.4500000;331.2500000;330.3500000;331.2500000;22100
TATN;5;20160129;115000;331.1000000;331.6000000;330.8000000;331.4500000;48090
TATN;5;20160129;115500;331.6000000;331.6000000;330.6000000;330.6000000;37600
TATN;5;20160129;120000;331.0000000;331.5000000;329.5000000;331.4500000;41670
TATN;5;20160129;120500;331.4000000;331.4500000;330.4500000;331.4500000;39640
TATN;5;20160129;121000;331.2500000;331.4000000;329.0000000;329.2500000;61210
TATN;5;20160129;121500;329.5000000;329.5000000;328.3500000;328.8500000;21930
TATN;5;20160129;122000;328.6500000;328.6500000;327.3500000;327.3500000;21040
TATN;5;20160129;122500;327.4000000;327.9000000;327.1500000;327.6000000;18830
TATN;5;20160129;123000;327.7500000;327.7500000;325.8000000;326.2000000;48630
TATN;5;20160129;123500;326.4500000;326.9000000;326.0000000;326.4000000;67790
TATN;5;20160129;124000;326.6500000;327.4000000;325.9500000;326.2500000;19570
TATN;5;20160129;124500;327.0000000;327.7000000;327.0000000;327.6500000;7490
TATN;5;20160129;125000;327.6500000;327.6500000;326.0500000;326.2000000;12620
TATN;5;20160129;125500;326.2000000;326.8000000;326.0500000;326.8000000;3260
TATN;5;20160129;130000;326.8000000;326.8000000;326.0000000;326.0000000;10640
TATN;5;20160129;130500;326.1000000;326.5000000;325.1500000;325.1500000;27320
TATN;5;20160129;131000;325.6000000;326.0000000;325.1000000;326.0000000;22580
TATN;5;20160129;131500;326.0000000;326.4500000;325.6500000;326.3000000;8840
TATN;5;20160129;132000;325.9500000;326.3500000;324.7000000;324.7000000;21640
TATN;5;20160129;132500;324.7000000;325.5000000;324.4000000;325.0500000;10230
TATN;5;20160129;133000;325.1500000;325.9500000;324.9000000;325.0000000;8150
TATN;5;20160129;133500;324.8000000;325.5000000;324.4500000;325.4000000;10160
TATN;5;20160129;134000;325.3000000;325.4000000;321.3000000;324.4000000;111030
TATN;5;20160129;134500;324.6000000;324.9000000;323.7000000;324.4000000;11990
TATN;5;20160129;135000;324.0500000;324.7000000;323.9000000;324.7000000;4710
TATN;5;20160129;135500;324.9000000;325.2500000;323.5000000;324.1000000;8410
TATN;5;20160129;140000;324.3000000;324.3500000;323.3000000;323.7500000;6470
TATN;5;20160129;140500;323.7000000;324.0000000;323.5500000;323.5500000;6840
TATN;5;20160129;141000;323.9000000;323.9000000;323.0500000;323.0500000;7510
TATN;5;20160129;141500;323.6000000;324.3000000;323.5000000;324.3000000;5130
TATN;5;20160129;142000;324.3000000;324.9500000;323.4500000;323.4500000;10230
TATN;5;20160129;142500;323.2500000;323.5000000;322.2000000;322.4500000;26030
TATN;5;20160129;143000;322.6500000;323.1500000;322.3000000;322.9000000;7890
TATN;5;20160129;143500;322.6500000;322.8000000;321.7000000;321.7000000;29670
TATN;5;20160129;144000;322.1000000;322.8500000;321.7000000;322.7000000;12370
TATN;5;20160129;144500;322.3000000;322.3000000;321.3500000;321.7000000;19040
TATN;5;20160129;145000;321.6000000;322.3000000;321.2500000;321.8000000;11750
TATN;5;20160129;145500;321.7500000;322.0000000;320.9500000;322.0000000;62020
TATN;5;20160129;150000;322.0000000;322.5000000;321.1500000;322.0000000;12660
TATN;5;20160129;150500;322.4500000;322.4500000;321.4000000;321.4000000;7810
TATN;5;20160129;151000;321.7500000;322.0000000;321.4500000;321.8000000;1130
TATN;5;20160129;151500;321.8500000;322.0000000;320.8000000;321.7000000;57100
TATN;5;20160129;152000;321.6500000;322.0000000;321.1000000;322.0000000;8470
TATN;5;20160129;152500;322.0000000;322.0000000;321.5000000;321.9000000;3520
TATN;5;20160129;153000;321.5000000;322.0000000;321.3000000;321.3000000;22970
TATN;5;20160129;153500;321.6000000;322.0000000;321.5500000;322.0000000;3740
TATN;5;20160129;154000;322.0000000;322.0000000;321.8500000;321.8500000;7480
TATN;5;20160129;154500;321.9000000;322.7500000;321.9000000;322.7500000;9550
TATN;5;20160129;155000;322.5500000;323.4000000;322.3500000;322.3500000;14470
TATN;5;20160129;155500;322.5000000;322.9000000;321.2000000;322.2000000;129530
TATN;5;20160129;160000;322.2000000;322.3500000;321.8000000;322.2500000;2410
TATN;5;20160129;160500;322.2500000;322.4500000;321.9000000;322.0000000;5400
TATN;5;20160129;161000;322.2500000;322.5000000;321.7500000;322.5000000;3560
TATN;5;20160129;161500;322.1500000;322.7500000;322.0500000;322.3000000;5500
TATN;5;20160129;162000;322.9500000;323.0000000;322.7000000;323.0000000;7840
TATN;5;20160129;162500;323.0000000;323.0000000;322.6000000;322.6000000;5980
TATN;5;20160129;163000;322.6000000;323.3500000;322.4500000;323.3500000;39140
TATN;5;20160129;163500;323.0000000;323.6500000;321.7500000;322.3500000;103070
TATN;5;20160129;164000;322.2000000;322.8000000;322.0500000;322.8000000;6230
TATN;5;20160129;164500;322.8500000;322.9500000;322.8500000;322.9500000;1680
TATN;5;20160129;165000;322.9500000;323.0000000;322.4500000;322.9000000;16590
TATN;5;20160129;165500;322.9000000;323.4500000;322.7500000;323.4500000;21780
TATN;5;20160129;170000;323.4000000;324.1000000;323.4000000;323.5000000;9100
TATN;5;20160129;170500;323.5000000;323.8500000;323.0500000;323.2000000;10240
TATN;5;20160129;171000;323.0000000;323.5000000;321.8500000;321.9000000;25010
TATN;5;20160129;171500;321.9000000;322.6500000;321.1000000;321.9500000;27060
TATN;5;20160129;172000;322.5500000;322.5500000;320.9000000;322.3000000;16920
TATN;5;20160129;172500;322.4500000;322.9000000;321.5000000;322.0500000;15320
TATN;5;20160129;173000;321.8500000;322.9000000;321.6000000;322.9000000;24370
TATN;5;20160129;173500;322.9000000;325.3500000;322.5500000;324.9000000;52630
TATN;5;20160129;174000;324.9500000;328.2000000;324.9000000;327.4500000;73750
TATN;5;20160129;174500;327.6500000;329.0000000;327.4500000;328.5000000;50940
TATN;5;20160129;175000;328.3000000;330.2500000;328.3000000;330.1500000;52140
TATN;5;20160129;175500;329.8000000;330.6000000;328.8500000;330.0500000;74930
TATN;5;20160129;180000;329.9500000;330.7500000;329.8500000;330.7000000;42470
TATN;5;20160129;180500;330.5500000;330.9500000;330.3500000;330.9500000;33000
TATN;5;20160129;181000;330.9000000;331.4500000;330.4000000;330.9500000;56030
TATN;5;20160129;181500;331.1500000;331.6000000;330.8500000;331.3500000;84160
TATN;5;20160129;182000;331.1500000;332.5000000;330.7000000;332.3500000;80120
TATN;5;20160129;182500;332.3500000;333.3000000;331.7500000;333.0000000;97160
TATN;5;20160129;183000;332.9000000;332.9000000;330.5500000;331.9000000;80130
TATN;5;20160129;183500;331.7500000;332.6000000;331.5000000;332.3000000;109480
TATN;5;20160129;184000;332.5000000;336.0000000;332.0500000;336.0000000;276890
TATN;5;20160129;185000;339.5500000;339.5500000;339.5500000;339.5500000;285800
TATN;5;20160201;100500;337.9000000;337.9000000;333.0000000;335.4500000;102460
TATN;5;20160201;101000;335.4500000;335.7500000;334.2000000;335.0000000;9180
TATN;5;20160201;101500;334.7500000;335.1500000;334.2500000;334.3500000;24620
TATN;5;20160201;102000;334.3000000;335.5000000;334.3000000;334.8500000;20680
TATN;5;20160201;102500;335.0500000;335.3500000;334.0000000;334.0000000;17680
TATN;5;20160201;103000;334.0000000;334.2500000;333.4500000;333.9000000;7540
TATN;5;20160201;103500;333.6500000;333.6500000;333.3500000;333.4500000;5830
TATN;5;20160201;104000;333.4500000;334.2500000;333.4500000;334.2000000;7740
TATN;5;20160201;104500;334.3000000;334.3500000;333.3500000;333.7500000;6360
TATN;5;20160201;105000;333.8500000;334.4000000;333.7500000;333.8000000;10560
TATN;5;20160201;105500;334.2000000;334.8500000;333.7500000;334.6000000;8000
TATN;5;20160201;110000;334.8500000;334.8500000;333.6500000;333.7000000;7220
TATN;5;20160201;110500;333.9500000;334.0000000;331.9000000;332.2000000;38340
TATN;5;20160201;111000;332.2000000;332.5000000;329.4500000;329.6500000;126440
TATN;5;20160201;111500;329.9000000;332.0000000;329.9000000;330.9000000;43090
TATN;5;20160201;112000;330.6500000;332.0000000;330.4500000;331.7000000;23090
TATN;5;20160201;112500;331.8500000;331.8500000;330.7500000;331.2000000;46400
TATN;5;20160201;113000;331.5500000;332.4500000;330.8000000;332.3500000;22980
TATN;5;20160201;113500;332.4000000;332.5500000;331.2500000;331.2500000;11870
TATN;5;20160201;114000;331.9000000;333.0000000;331.7000000;332.8000000;29060
TATN;5;20160201;114500;332.5000000;334.0000000;331.6500000;333.5000000;22410
TATN;5;20160201;115000;333.2000000;333.6500000;332.3500000;333.2500000;12300
TATN;5;20160201;115500;333.2500000;335.5500000;333.2500000;334.4000000;57960
TATN;5;20160201;120000;334.5500000;334.9500000;333.9500000;334.8000000;5610
TATN;5;20160201;120500;334.7500000;335.4000000;333.8000000;333.8000000;20610
TATN;5;20160201;121000;333.9000000;334.3500000;333.0500000;334.1500000;24420
TATN;5;20160201;121500;334.0500000;334.1000000;332.6000000;333.2000000;13020
TATN;5;20160201;122000;333.1000000;333.2000000;332.8500000;332.8500000;5150
TATN;5;20160201;122500;332.6500000;333.0000000;331.7500000;333.0000000;11560
TATN;5;20160201;123000;333.0000000;333.5500000;332.8000000;333.3500000;5650
TATN;5;20160201;123500;333.5000000;333.9000000;333.4500000;333.8500000;5810
TATN;5;20160201;124000;334.0000000;334.1000000;333.5500000;333.8500000;3990
TATN;5;20160201;124500;333.8500000;334.1500000;333.5000000;333.8000000;8740
TATN;5;20160201;125000;333.9000000;334.1000000;333.8000000;334.1000000;6190
TATN;5;20160201;125500;334.1000000;334.2500000;333.8500000;334.2000000;11590
TATN;5;20160201;130000;334.2000000;334.3000000;334.0000000;334.3000000;10290
TATN;5;20160201;130500;334.2000000;334.8000000;334.2000000;334.3500000;8460
TATN;5;20160201;131000;334.4500000;334.5500000;334.2000000;334.4000000;1400
TATN;5;20160201;131500;334.2500000;334.5500000;334.0000000;334.3000000;8510
TATN;5;20160201;132000;334.2000000;334.4500000;334.1000000;334.1000000;2460
TATN;5;20160201;132500;334.3000000;334.4500000;334.0000000;334.1500000;7810
TATN;5;20160201;133000;334.5000000;334.6500000;334.2500000;334.6500000;4140
TATN;5;20160201;133500;334.7000000;335.2500000;334.7000000;335.1500000;3610
TATN;5;20160201;134000;335.0500000;335.0500000;334.1000000;334.3500000;12750
TATN;5;20160201;134500;334.5000000;334.5000000;333.0500000;333.1000000;8850
TATN;5;20160201;135000;333.1000000;333.1000000;332.1500000;332.8500000;19500
TATN;5;20160201;135500;332.5000000;332.8500000;332.3500000;332.8500000;3260
TATN;5;20160201;140000;332.5500000;332.8500000;332.3500000;332.3500000;3460
TATN;5;20160201;140500;332.4000000;332.8500000;332.4000000;332.4500000;2350
TATN;5;20160201;141000;332.6000000;332.8500000;332.5000000;332.5000000;2530
TATN;5;20160201;141500;332.5500000;332.8500000;331.5000000;332.7000000;14080
TATN;5;20160201;142000;332.9000000;333.0000000;332.4000000;333.0000000;31980
TATN;5;20160201;142500;333.1500000;333.6000000;333.1500000;333.6000000;5740
TATN;5;20160201;143000;333.4000000;333.6000000;333.2000000;333.2000000;3670
TATN;5;20160201;143500;333.1500000;333.1500000;332.8500000;333.0500000;6760
TATN;5;20160201;144000;332.8500000;333.1500000;331.3500000;331.5500000;12730
TATN;5;20160201;144500;331.7000000;332.0500000;331.5500000;332.0500000;3650
TATN;5;20160201;145000;331.7500000;331.9000000;331.6000000;331.6000000;1280
TATN;5;20160201;145500;331.5500000;331.6000000;330.8500000;330.8500000;8580
TATN;5;20160201;150000;330.7000000;330.8500000;330.5000000;330.8000000;53250
TATN;5;20160201;150500;330.7500000;331.0000000;330.7500000;331.0000000;33960
TATN;5;20160201;151000;331.0000000;331.0000000;330.6000000;330.9000000;2230
TATN;5;20160201;151500;330.9000000;331.0000000;330.6500000;330.7000000;4120
TATN;5;20160201;152000;330.9500000;331.2000000;330.8000000;330.8000000;9070
TATN;5;20160201;152500;330.7500000;331.4000000;330.7500000;331.0000000;1820
TATN;5;20160201;153000;331.5500000;331.6500000;331.1000000;331.1000000;2390
TATN;5;20160201;153500;331.5500000;331.6000000;331.3000000;331.3500000;2070
TATN;5;20160201;154000;331.3500000;331.3500000;330.9500000;330.9500000;3560
TATN;5;20160201;154500;331.1000000;331.1500000;330.6000000;331.1500000;9340
TATN;5;20160201;155000;330.9000000;331.0000000;330.5000000;331.0000000;8940
TATN;5;20160201;155500;331.0000000;331.0000000;330.8000000;330.8000000;1750
TATN;5;20160201;160000;330.8500000;330.8500000;330.6000000;330.6000000;2620
TATN;5;20160201;160500;330.7000000;331.4500000;330.7000000;330.9000000;5620
TATN;5;20160201;161000;330.8500000;331.0000000;330.5000000;331.0000000;16900
TATN;5;20160201;161500;330.6500000;330.7000000;330.5000000;330.5500000;3050
TATN;5;20160201;162000;330.5000000;330.8500000;330.0000000;330.4000000;19940
TATN;5;20160201;162500;330.0500000;330.7000000;330.0500000;330.6000000;2570
TATN;5;20160201;163000;330.2500000;330.6000000;330.1000000;330.1000000;2320
TATN;5;20160201;163500;330.0500000;330.3500000;329.8000000;329.8000000;11670
TATN;5;20160201;164000;329.8000000;330.2500000;329.7500000;329.8000000;3280
TATN;5;20160201;164500;329.8000000;330.4000000;329.6500000;330.1000000;3460
TATN;5;20160201;165000;330.1000000;330.3500000;329.6500000;330.0000000;8560
TATN;5;20160201;165500;329.7500000;330.0000000;329.6000000;329.6500000;5710
TATN;5;20160201;170000;329.6500000;330.0000000;329.6000000;330.0000000;15470
TATN;5;20160201;170500;329.8500000;330.0000000;329.5000000;329.6000000;26370
TATN;5;20160201;171000;329.5000000;329.7500000;328.7500000;328.9000000;22730
TATN;5;20160201;171500;328.7000000;329.4000000;328.7000000;329.2500000;8530
TATN;5;20160201;172000;329.3000000;329.3500000;328.6000000;328.9000000;18300
TATN;5;20160201;172500;328.7000000;329.1000000;328.7000000;329.0500000;4450
TATN;5;20160201;173000;328.8500000;329.3000000;328.7500000;329.0500000;2410
TATN;5;20160201;173500;328.9000000;328.9500000;327.2000000;327.3500000;35810
TATN;5;20160201;174000;327.1500000;327.9500000;327.1500000;327.9500000;14410
TATN;5;20160201;174500;327.7000000;328.2000000;327.3000000;327.3500000;9970
TATN;5;20160201;175000;327.3500000;327.6000000;327.1000000;327.5000000;10720
TATN;5;20160201;175500;327.4500000;327.4500000;325.0000000;326.8500000;275470
TATN;5;20160201;180000;326.8500000;327.8500000;326.8500000;327.5500000;10920
TATN;5;20160201;180500;327.5500000;328.9000000;325.7500000;328.9000000;100540
TATN;5;20160201;181000;328.9000000;328.9000000;326.7000000;327.3500000;37080
TATN;5;20160201;181500;327.2000000;327.6000000;326.8000000;327.6000000;4970
TATN;5;20160201;182000;327.6000000;327.6000000;326.5000000;326.6000000;10920
TATN;5;20160201;182500;326.7000000;327.6500000;326.6500000;327.2500000;4990
TATN;5;20160201;183000;327.2500000;327.3500000;326.2500000;326.2500000;25210
TATN;5;20160201;183500;326.2500000;326.5000000;326.0500000;326.2500000;13420
TATN;5;20160201;184000;326.5500000;331.3500000;326.2500000;330.0000000;286620
TATN;5;20160201;185000;332.0000000;332.0000000;332.0000000;332.0000000;109670
TATN;5;20160202;100500;330.3000000;330.4000000;328.1500000;330.1500000;37700
TATN;5;20160202;101000;330.1500000;330.8500000;329.5000000;330.5000000;14680
TATN;5;20160202;101500;330.7000000;331.0000000;330.2500000;330.6000000;5990
TATN;5;20160202;102000;330.9500000;331.6500000;330.9500000;331.0000000;9620
TATN;5;20160202;102500;331.3000000;331.7500000;330.6000000;331.0000000;14780
TATN;5;20160202;103000;331.0000000;331.0000000;329.6500000;330.7000000;14390
TATN;5;20160202;103500;330.9000000;331.0000000;330.2500000;330.9500000;8920
TATN;5;20160202;104000;330.6500000;330.9000000;330.6500000;330.7000000;790
TATN;5;20160202;104500;330.6500000;330.7000000;330.0500000;330.3500000;3530
TATN;5;20160202;105000;330.3500000;330.6500000;330.1000000;330.6000000;3070
TATN;5;20160202;105500;330.5500000;331.9500000;330.2500000;331.9500000;15640
TATN;5;20160202;110000;331.9000000;332.3000000;331.5000000;332.3000000;23540
TATN;5;20160202;110500;332.1500000;333.0000000;331.9500000;331.9500000;21660
TATN;5;20160202;111000;331.8500000;332.3500000;330.9500000;331.1000000;42370
TATN;5;20160202;111500;330.7500000;331.4000000;330.6500000;331.2500000;3440
TATN;5;20160202;112000;331.4000000;331.9000000;330.9500000;331.2500000;10070
TATN;5;20160202;112500;331.2000000;331.7500000;330.6500000;330.9000000;13840
TATN;5;20160202;113000;331.0500000;331.2500000;330.3500000;330.4000000;14450
TATN;5;20160202;113500;330.2000000;330.7500000;329.6500000;330.2500000;19230
TATN;5;20160202;114000;330.0000000;330.8500000;329.9000000;330.4500000;5390
TATN;5;20160202;114500;330.5000000;330.6000000;329.8500000;330.0000000;7510
TATN;5;20160202;115000;330.0000000;330.7000000;329.9500000;330.7000000;9530
TATN;5;20160202;115500;330.7500000;331.0000000;330.0500000;330.3000000;7710
TATN;5;20160202;120000;330.3500000;330.5000000;329.1000000;329.3500000;10910
TATN;5;20160202;120500;329.1000000;329.6500000;329.0000000;329.4500000;8190
TATN;5;20160202;121000;329.1500000;329.8000000;329.1500000;329.1500000;1700
TATN;5;20160202;121500;329.1500000;329.7000000;328.9000000;329.7000000;6370
TATN;5;20160202;122000;329.5000000;329.5000000;328.6500000;328.9500000;9450
TATN;5;20160202;122500;328.7000000;329.4000000;328.2500000;328.7500000;10680
TATN;5;20160202;123000;328.5000000;329.9000000;328.5000000;329.5500000;7160
TATN;5;20160202;123500;329.3000000;330.4500000;328.7000000;329.6500000;13770
TATN;5;20160202;124000;329.3500000;330.0000000;329.3500000;330.0000000;17160
TATN;5;20160202;124500;329.9500000;330.0000000;329.5000000;329.8500000;4320
TATN;5;20160202;125000;329.7000000;329.9500000;328.9000000;328.9000000;19090
TATN;5;20160202;125500;328.9000000;329.5000000;328.7500000;329.4500000;40170
TATN;5;20160202;130000;329.4500000;329.4500000;328.8000000;328.8000000;3800
TATN;5;20160202;130500;328.8500000;329.3000000;328.6000000;328.6000000;12160
TATN;5;20160202;131000;328.6000000;328.9500000;328.2000000;328.6000000;5740
TATN;5;20160202;131500;328.6000000;328.9000000;328.1500000;328.2000000;4360
TATN;5;20160202;132000;328.2000000;328.7500000;328.1500000;328.3500000;3370
TATN;5;20160202;132500;328.4000000;328.7500000;327.6500000;327.7000000;9130
TATN;5;20160202;133000;327.8000000;328.3000000;327.7000000;328.3000000;6180
TATN;5;20160202;133500;328.0000000;328.1500000;327.4000000;327.6000000;20480
TATN;5;20160202;134000;327.6000000;328.0500000;327.2000000;327.3000000;16160
TATN;5;20160202;134500;327.3000000;327.7500000;327.1000000;327.1000000;3470
TATN;5;20160202;135000;327.1000000;327.6000000;326.3500000;326.5500000;19490
TATN;5;20160202;135500;326.5500000;326.9000000;326.0000000;326.0500000;14290
TATN;5;20160202;140000;326.1500000;326.5000000;326.0000000;326.3000000;8430
TATN;5;20160202;140500;326.1000000;326.5000000;326.0000000;326.0000000;8520
TATN;5;20160202;141000;326.0000000;326.4000000;325.5000000;325.5500000;22720
TATN;5;20160202;141500;325.5500000;325.9500000;325.3000000;325.7000000;18310
TATN;5;20160202;142000;325.3000000;325.8500000;325.2500000;325.3500000;20610
TATN;5;20160202;142500;325.4000000;325.8000000;325.2500000;325.5500000;10030
TATN;5;20160202;143000;325.5500000;326.0500000;325.2500000;325.3000000;17420
TATN;5;20160202;143500;325.3000000;325.3000000;324.2000000;324.8500000;63190
TATN;5;20160202;144000;324.4000000;325.2000000;324.2000000;324.9000000;18340
TATN;5;20160202;144500;325.2500000;326.1000000;324.9000000;325.2000000;13400
TATN;5;20160202;145000;325.2000000;325.2000000;324.0000000;324.0000000;39850
TATN;5;20160202;145500;324.0000000;324.5500000;323.3500000;323.3500000;26690
TATN;5;20160202;150000;323.7500000;323.8500000;323.3500000;323.4500000;8250
TATN;5;20160202;150500;323.7500000;323.9500000;322.4500000;322.4500000;28800
TATN;5;20160202;151000;322.4500000;322.9000000;322.1000000;322.1000000;16300
TATN;5;20160202;151500;322.3000000;322.5000000;321.5000000;321.5000000;23720
TATN;5;20160202;152000;321.8000000;322.9500000;321.8000000;322.9500000;13810
TATN;5;20160202;152500;322.9000000;323.5500000;322.6500000;323.2500000;4140
TATN;5;20160202;153000;323.1000000;323.5500000;322.8500000;323.0000000;6320
TATN;5;20160202;153500;323.1500000;323.5000000;322.9000000;323.4500000;3730
TATN;5;20160202;154000;323.3000000;323.4500000;322.7000000;322.7000000;5260
TATN;5;20160202;154500;323.2500000;323.6000000;322.7000000;323.0500000;2630
TATN;5;20160202;155000;323.0500000;324.5000000;322.9000000;324.4500000;33220
TATN;5;20160202;155500;324.6000000;325.3000000;324.6000000;325.3000000;11490
TATN;5;20160202;160000;325.3000000;326.0000000;325.3000000;326.0000000;18790
TATN;5;20160202;160500;326.0000000;326.2500000;324.4000000;324.8000000;29990
TATN;5;20160202;161000;324.9500000;326.3500000;324.9500000;326.3000000;14050
TATN;5;20160202;161500;326.3000000;326.5000000;325.3000000;325.6500000;16560
TATN;5;20160202;162000;325.3500000;325.3500000;324.9000000;325.1500000;4800
TATN;5;20160202;162500;325.3500000;325.7500000;325.1000000;325.5000000;8600
TATN;5;20160202;163000;325.2000000;325.7000000;325.0000000;325.2500000;7270
TATN;5;20160202;163500;325.5500000;325.6500000;325.1000000;325.5500000;3910
TATN;5;20160202;164000;325.3000000;326.0000000;325.0000000;325.0000000;102050
TATN;5;20160202;164500;324.7500000;324.9000000;324.6000000;324.9000000;6410
TATN;5;20160202;165000;324.8000000;325.2500000;324.7000000;325.2500000;3750
TATN;5;20160202;165500;325.0500000;325.0500000;324.6000000;325.0500000;2360
TATN;5;20160202;170000;325.0500000;325.5000000;325.0000000;325.5000000;6190
TATN;5;20160202;170500;325.3500000;326.8500000;324.8000000;326.8000000;25730
TATN;5;20160202;171000;326.6000000;327.0000000;326.6000000;327.0000000;7500
TATN;5;20160202;171500;326.9000000;327.2000000;326.7500000;327.1000000;3920
TATN;5;20160202;172000;327.1000000;327.8500000;327.1000000;327.6500000;11190
TATN;5;20160202;172500;327.6500000;327.8000000;327.2000000;327.5000000;9520
TATN;5;20160202;173000;327.3000000;327.7500000;326.0000000;326.2000000;16980
TATN;5;20160202;173500;326.2000000;326.4500000;325.2000000;325.2500000;11480
TATN;5;20160202;174000;325.3000000;325.4500000;324.5500000;324.5500000;6910
TATN;5;20160202;174500;324.8500000;324.9500000;323.6000000;323.8500000;14160
TATN;5;20160202;175000;323.9000000;324.3500000;323.8500000;323.8500000;13100
TATN;5;20160202;175500;323.8000000;323.8500000;323.1000000;323.1500000;18380
TATN;5;20160202;180000;323.1000000;324.1500000;322.7500000;323.9000000;17250
TATN;5;20160202;180500;323.5500000;323.5500000;322.8500000;323.0000000;11190
TATN;5;20160202;181000;323.1000000;323.9500000;322.8500000;323.8000000;13600
TATN;5;20160202;181500;323.8500000;324.5000000;323.8000000;324.3500000;10920
TATN;5;20160202;182000;324.1500000;324.4500000;324.0000000;324.2500000;4810
TATN;5;20160202;182500;324.1500000;324.5500000;323.8000000;324.5500000;7350
TATN;5;20160202;183000;324.6000000;325.2000000;324.1000000;325.2000000;13450
TATN;5;20160202;183500;324.7000000;324.7000000;322.6000000;322.7000000;32870
TATN;5;20160202;184000;323.0000000;323.9500000;322.6000000;323.0000000;47790
TATN;5;20160202;185000;324.9500000;324.9500000;324.9500000;324.9500000;72680
TATN;5;20160203;100500;322.0500000;322.9000000;320.0500000;322.7500000;31810
TATN;5;20160203;101000;322.7000000;322.8000000;322.5000000;322.7000000;4190
TATN;5;20160203;101500;322.6500000;323.5000000;322.6000000;323.1000000;5300
TATN;5;20160203;102000;323.1500000;323.4500000;322.8000000;322.9000000;10410
TATN;5;20160203;102500;322.8000000;323.0500000;322.2500000;323.0500000;8250
TATN;5;20160203;103000;323.0000000;323.3000000;323.0000000;323.2000000;4510
TATN;5;20160203;103500;323.2000000;324.7000000;323.1500000;324.5000000;15230
TATN;5;20160203;104000;324.5500000;324.7000000;323.6500000;323.6500000;6180
TATN;5;20160203;104500;324.1500000;324.7000000;323.8000000;324.7000000;4030
TATN;5;20160203;105000;324.7000000;325.1500000;322.6500000;323.1000000;16340
TATN;5;20160203;105500;323.6000000;323.6000000;322.2000000;322.3000000;6490
TATN;5;20160203;110000;322.3000000;323.0000000;321.6500000;322.2500000;13450
TATN;5;20160203;110500;322.2500000;322.7000000;321.5000000;322.5000000;13390
TATN;5;20160203;111000;322.7000000;323.1000000;321.6500000;322.8000000;19020
TATN;5;20160203;111500;322.8000000;322.8000000;321.5000000;321.5500000;28830
TATN;5;20160203;112000;321.5000000;321.7500000;321.2000000;321.3500000;14330
TATN;5;20160203;112500;321.4000000;323.2500000;321.3000000;322.8000000;6540
TATN;5;20160203;113000;322.9000000;323.7000000;322.8000000;323.7000000;2830
TATN;5;20160203;113500;323.7000000;323.8000000;323.2000000;323.3000000;6230
TATN;5;20160203;114000;323.3000000;323.7500000;323.1500000;323.3500000;5270
TATN;5;20160203;114500;323.4500000;323.6000000;322.6500000;322.9000000;25200
TATN;5;20160203;115000;323.0500000;323.5000000;322.7000000;323.2000000;15950
TATN;5;20160203;115500;323.3000000;323.5000000;322.8500000;322.8500000;9850
TATN;5;20160203;120000;323.2000000;323.5000000;322.8000000;323.3500000;6740
TATN;5;20160203;120500;323.4500000;323.4500000;322.7000000;323.2500000;5590
TATN;5;20160203;121000;323.0500000;323.7500000;323.0500000;323.7500000;7510
TATN;5;20160203;121500;323.7500000;324.5500000;323.7500000;324.3500000;21360
TATN;5;20160203;122000;324.6000000;324.6000000;323.9000000;324.1500000;15130
TATN;5;20160203;122500;324.2500000;324.4000000;323.7500000;324.2000000;22880
TATN;5;20160203;123000;324.2500000;324.8000000;324.2500000;324.6500000;3380
TATN;5;20160203;123500;324.8000000;324.8000000;323.8500000;323.9500000;11200
TATN;5;20160203;124000;324.0000000;324.5000000;323.8500000;324.1000000;5300
TATN;5;20160203;124500;323.9500000;324.8000000;323.7500000;324.7500000;11340
TATN;5;20160203;125000;324.7500000;324.7500000;324.2500000;324.3500000;430
TATN;5;20160203;125500;324.4500000;324.4500000;324.0000000;324.1000000;2460
TATN;5;20160203;130000;324.2500000;324.2500000;322.7500000;323.3000000;35890
TATN;5;20160203;130500;323.4500000;323.5000000;322.9500000;323.0500000;3120
TATN;5;20160203;131000;323.2500000;323.5000000;322.8000000;323.2500000;3200
TATN;5;20160203;131500;323.4000000;324.3500000;323.4000000;323.9000000;1990
TATN;5;20160203;132000;324.0500000;324.4500000;324.0000000;324.2000000;3890
TATN;5;20160203;132500;324.4000000;324.4000000;323.9500000;324.1500000;1110
TATN;5;20160203;133000;324.1500000;324.6500000;324.1500000;324.5500000;1870
TATN;5;20160203;133500;324.5500000;324.8500000;324.2500000;324.7500000;1220
TATN;5;20160203;134000;324.5500000;324.6500000;324.3500000;324.6500000;420
TATN;5;20160203;134500;324.6000000;324.7000000;324.3000000;324.4000000;1850
TATN;5;20160203;135000;324.4000000;324.4000000;323.7000000;324.3000000;3490
TATN;5;20160203;135500;324.0500000;324.3500000;323.7500000;324.0000000;2020
TATN;5;20160203;140000;323.9000000;324.0000000;323.7500000;324.0000000;1560
TATN;5;20160203;140500;323.9000000;323.9000000;323.6500000;323.6500000;1370
TATN;5;20160203;141000;323.9500000;323.9500000;323.9500000;323.9500000;100
TATN;5;20160203;141500;324.0000000;324.8000000;324.0000000;324.6500000;5140
TATN;5;20160203;142000;324.6500000;325.4500000;324.6500000;324.7000000;16790
TATN;5;20160203;142500;324.7000000;324.7000000;323.8500000;324.2000000;5330
TATN;5;20160203;143000;324.2500000;324.2500000;323.5000000;323.9000000;1050
TATN;5;20160203;143500;323.5500000;323.5500000;323.5500000;323.5500000;20
TATN;5;20160203;144000;323.9500000;324.1500000;323.8000000;323.8000000;210
TATN;5;20160203;144500;323.8000000;324.2000000;323.7500000;324.1000000;850
TATN;5;20160203;145000;324.1500000;324.1500000;323.8000000;323.8500000;350
TATN;5;20160203;145500;323.8500000;324.1000000;323.8000000;323.8500000;1170
TATN;5;20160203;150000;324.0000000;324.0000000;323.7000000;323.7000000;1850
TATN;5;20160203;150500;324.2000000;325.2500000;324.0500000;325.2500000;4030
TATN;5;20160203;151000;325.2500000;325.6000000;324.8500000;324.8500000;5810
TATN;5;20160203;151500;325.2500000;325.4500000;324.6500000;324.6500000;2940
TATN;5;20160203;152000;325.0000000;325.4500000;324.3000000;325.0500000;2830
TATN;5;20160203;152500;325.0500000;325.4000000;325.0500000;325.0500000;860
TATN;5;20160203;153000;324.7000000;324.7000000;324.3000000;324.3500000;4860
TATN;5;20160203;153500;324.3500000;325.0000000;324.3000000;324.4000000;3080
TATN;5;20160203;154000;324.4000000;324.4000000;324.1000000;324.1000000;350
TATN;5;20160203;154500;324.1000000;324.1000000;323.9000000;323.9000000;610
TATN;5;20160203;155000;324.4000000;324.6000000;323.8500000;324.0500000;2750
TATN;5;20160203;155500;324.0500000;324.1500000;323.5500000;323.7500000;11980
TATN;5;20160203;160000;323.4000000;323.8500000;323.4000000;323.7500000;5370
TATN;5;20160203;160500;323.7500000;324.0500000;323.5000000;323.6000000;1750
TATN;5;20160203;161000;323.6000000;323.9000000;323.4000000;323.4000000;3160
TATN;5;20160203;161500;323.4500000;323.7000000;323.1000000;323.1000000;2630
TATN;5;20160203;162000;323.1000000;323.9500000;323.0500000;323.3500000;2460
TATN;5;20160203;162500;323.3500000;324.6000000;323.1500000;324.0000000;7030
TATN;5;20160203;163000;323.8000000;324.5500000;323.7500000;324.1000000;3150
TATN;5;20160203;163500;324.0000000;324.8000000;324.0000000;324.1500000;3500
TATN;5;20160203;164000;324.1500000;325.0000000;324.1500000;324.4000000;4500
TATN;5;20160203;164500;324.4000000;324.4000000;324.2500000;324.2500000;440
TATN;5;20160203;165000;324.2500000;324.7000000;324.2500000;324.4000000;860
TATN;5;20160203;165500;324.8000000;325.2500000;324.0500000;324.0500000;5810
TATN;5;20160203;170000;324.4000000;324.8500000;324.0500000;324.3500000;5110
TATN;5;20160203;170500;324.8000000;325.5000000;324.6000000;325.1500000;10220
TATN;5;20160203;171000;325.2000000;325.4000000;324.9500000;325.0500000;4260
TATN;5;20160203;171500;325.0500000;325.6000000;325.0500000;325.2000000;4180
TATN;5;20160203;172000;325.2000000;325.8500000;325.2000000;325.6500000;6260
TATN;5;20160203;172500;325.8500000;326.1000000;325.4000000;325.5500000;3710
TATN;5;20160203;173000;325.5000000;325.6500000;325.0500000;325.1500000;6140
TATN;5;20160203;173500;325.4000000;326.0000000;325.1000000;325.3500000;11370
TATN;5;20160203;174000;325.5500000;325.7500000;325.1000000;325.2500000;7300
TATN;5;20160203;174500;325.3500000;325.3500000;325.0500000;325.2000000;2070
TATN;5;20160203;175000;325.1500000;325.3000000;324.1500000;324.9000000;8830
TATN;5;20160203;175500;325.0000000;325.7500000;325.0000000;325.0500000;1850
TATN;5;20160203;180000;325.0500000;325.0500000;324.1500000;324.3000000;3970
TATN;5;20160203;180500;324.1500000;324.1500000;322.8000000;322.9000000;16420
TATN;5;20160203;181000;323.0000000;323.0500000;321.1500000;321.2000000;56240
TATN;5;20160203;181500;321.2000000;321.4000000;320.6500000;321.1500000;40880
TATN;5;20160203;182000;321.1500000;321.5000000;320.5500000;321.2500000;31020
TATN;5;20160203;182500;321.2500000;321.4500000;320.5500000;320.5500000;21170
TATN;5;20160203;183000;320.5500000;320.9500000;320.2000000;320.9000000;27610
TATN;5;20160203;183500;320.9000000;320.9000000;319.5500000;320.2500000;113110
TATN;5;20160203;184000;320.2000000;320.2000000;316.6500000;317.2000000;110640
TATN;5;20160203;185000;317.4500000;317.4500000;317.4500000;317.4500000;81010
TATN;5;20160204;100500;322.8500000;324.9500000;322.6500000;323.9500000;52570
TATN;5;20160204;101000;323.9500000;324.0000000;323.7500000;324.0000000;42130
TATN;5;20160204;101500;323.8000000;325.7000000;323.7500000;325.7000000;40300
TATN;5;20160204;102000;325.6500000;325.9500000;325.1000000;325.1000000;20960
TATN;5;20160204;102500;325.0500000;325.5500000;325.0500000;325.1500000;45820
TATN;5;20160204;103000;325.2000000;325.5500000;324.5500000;325.5500000;32210
TATN;5;20160204;103500;325.5000000;326.0000000;325.0500000;325.1000000;39170
TATN;5;20160204;104000;325.3000000;325.9500000;325.2500000;325.8500000;4910
TATN;5;20160204;104500;325.6500000;326.0500000;325.5500000;326.0000000;13680
TATN;5;20160204;105000;325.9500000;326.0500000;325.3000000;325.8000000;17410
TATN;5;20160204;105500;325.8000000;326.9000000;325.5000000;326.9000000;21770
TATN;5;20160204;110000;326.9000000;329.0000000;326.8000000;328.5500000;43630
TATN;5;20160204;110500;328.6000000;328.7000000;328.1500000;328.6000000;8110
TATN;5;20160204;111000;328.3000000;329.5000000;327.9500000;329.5000000;30070
TATN;5;20160204;111500;329.5000000;329.8500000;328.3500000;329.2500000;33400
TATN;5;20160204;112000;329.2500000;330.0000000;329.1000000;329.6000000;33260
TATN;5;20160204;112500;329.6500000;330.0000000;329.4000000;329.7000000;8380
TATN;5;20160204;113000;329.6000000;329.7000000;328.4000000;329.3500000;11440
TATN;5;20160204;113500;329.3500000;329.4500000;328.8500000;329.3500000;5340
TATN;5;20160204;114000;329.0500000;329.9500000;329.0500000;329.7500000;17050
TATN;5;20160204;114500;329.9000000;330.0000000;329.6500000;329.8500000;12490
TATN;5;20160204;115000;329.5500000;329.8000000;328.8000000;328.8000000;5800
TATN;5;20160204;115500;329.1000000;329.1500000;328.3500000;328.3500000;8520
TATN;5;20160204;120000;328.6000000;329.6000000;328.6000000;329.6000000;24240
TATN;5;20160204;120500;329.0000000;329.0000000;328.2000000;328.2500000;2350
TATN;5;20160204;121000;328.2500000;329.2500000;328.2500000;329.2500000;3330
TATN;5;20160204;121500;328.6500000;328.8000000;328.2000000;328.2500000;8740
TATN;5;20160204;122000;328.2500000;328.3500000;326.6000000;327.2500000;28340
TATN;5;20160204;122500;327.6000000;328.0000000;327.0000000;327.3500000;11090
TATN;5;20160204;123000;327.4000000;328.9500000;327.3500000;328.7500000;21000
TATN;5;20160204;123500;328.9000000;329.7000000;328.6500000;329.1000000;21220
TATN;5;20160204;124000;329.1000000;329.7500000;329.1000000;329.3000000;7990
TATN;5;20160204;124500;329.6000000;330.0000000;329.5000000;330.0000000;29510
TATN;5;20160204;125000;329.9500000;330.0000000;329.6500000;329.6500000;18460
TATN;5;20160204;125500;329.9000000;330.0000000;329.5500000;329.9500000;15070
TATN;5;20160204;130000;329.9000000;331.0000000;329.6500000;330.7000000;22640
TATN;5;20160204;130500;331.0000000;331.3500000;330.5000000;330.6000000;17790
TATN;5;20160204;131000;330.6500000;330.6500000;330.0000000;330.3000000;5400
TATN;5;20160204;131500;330.6000000;331.0000000;330.0500000;330.0500000;21420
TATN;5;20160204;132000;330.0500000;331.1500000;330.0500000;330.3500000;11260
TATN;5;20160204;132500;330.7500000;331.4500000;330.7500000;331.1500000;3680
TATN;5;20160204;133000;331.0000000;331.5500000;330.9000000;331.3000000;13930
TATN;5;20160204;133500;331.3500000;331.8000000;331.3000000;331.8000000;5520
TATN;5;20160204;134000;331.8000000;331.9000000;331.3000000;331.3500000;5640
TATN;5;20160204;134500;331.3500000;331.7500000;331.2500000;331.6000000;5650
TATN;5;20160204;135000;331.3500000;331.9000000;331.3000000;331.3500000;7660
TATN;5;20160204;135500;331.5000000;331.8000000;331.1000000;331.1000000;8610
TATN;5;20160204;140000;331.1000000;331.1000000;330.9000000;330.9500000;2550
TATN;5;20160204;140500;330.9000000;331.4000000;329.5000000;330.4500000;25960
TATN;5;20160204;141000;329.9000000;330.9000000;329.8000000;330.2000000;10710
TATN;5;20160204;141500;330.5000000;331.2500000;330.1000000;331.1500000;9730
TATN;5;20160204;142000;331.1500000;332.4000000;331.1500000;331.8500000;24720
TATN;5;20160204;142500;332.1000000;332.4000000;331.6000000;331.9000000;8900
TATN;5;20160204;143000;332.2000000;332.4000000;331.6000000;331.6500000;9740
TATN;5;20160204;143500;331.6500000;332.2000000;331.6500000;332.1000000;7690
TATN;5;20160204;144000;331.6500000;331.7500000;331.5500000;331.5500000;1710
TATN;5;20160204;144500;331.6000000;332.1000000;330.6500000;331.9000000;16870
TATN;5;20160204;145000;331.6000000;332.0000000;331.1500000;331.5500000;5480
TATN;5;20160204;145500;331.4500000;332.1000000;331.3000000;332.0000000;12820
TATN;5;20160204;150000;332.0000000;332.0000000;331.1000000;331.1000000;1970
TATN;5;20160204;150500;331.1000000;332.1000000;331.1000000;331.8500000;12000
TATN;5;20160204;151000;331.5500000;332.0000000;331.1000000;331.1500000;6930
TATN;5;20160204;151500;331.1500000;331.9000000;331.1000000;331.3500000;3240
TATN;5;20160204;152000;331.3500000;331.9500000;331.3000000;331.8000000;7010
TATN;5;20160204;152500;331.5500000;331.9000000;331.0000000;331.0000000;17620
TATN;5;20160204;153000;331.0000000;331.4500000;330.8000000;330.9000000;6870
TATN;5;20160204;153500;330.9000000;331.2500000;330.2500000;330.6000000;28370
TATN;5;20160204;154000;330.5500000;331.0500000;330.2500000;330.8500000;17140
TATN;5;20160204;154500;330.6000000;331.3500000;330.6000000;331.3500000;10750
TATN;5;20160204;155000;331.3000000;331.4500000;330.7000000;330.7000000;5840
TATN;5;20160204;155500;330.8000000;331.3000000;330.7000000;330.7000000;6840
TATN;5;20160204;160000;330.7000000;331.2500000;330.3000000;330.9500000;9310
TATN;5;20160204;160500;330.7000000;331.3000000;329.9500000;329.9500000;12370
TATN;5;20160204;161000;329.9500000;331.1000000;329.9000000;330.5000000;18550
TATN;5;20160204;161500;330.5000000;330.8000000;330.1000000;330.1000000;3670
TATN;5;20160204;162000;330.3500000;331.0000000;330.3500000;330.6000000;12700
TATN;5;20160204;162500;330.9000000;331.8500000;330.6000000;331.6500000;27920
TATN;5;20160204;163000;331.4000000;331.6500000;331.2500000;331.5500000;15340
TATN;5;20160204;163500;331.6000000;332.0000000;331.4000000;331.7500000;16930
TATN;5;20160204;164000;331.5000000;331.8000000;331.4500000;331.8000000;3550
TATN;5;20160204;164500;331.5500000;332.1000000;331.4500000;331.4500000;14390
TATN;5;20160204;165000;331.4000000;331.4000000;330.7500000;331.0000000;13580
TATN;5;20160204;165500;330.8000000;331.3000000;330.8000000;331.3000000;1630
TATN;5;20160204;170000;331.1000000;331.6000000;330.8500000;331.0000000;4810
TATN;5;20160204;170500;331.2000000;332.2000000;330.9500000;332.2000000;29230
TATN;5;20160204;171000;332.1000000;334.0000000;331.6500000;333.3000000;114380
TATN;5;20160204;171500;333.6500000;334.0000000;333.6500000;333.6500000;25370
TATN;5;20160204;172000;333.5500000;333.9000000;332.6000000;333.9000000;16730
TATN;5;20160204;172500;333.8000000;334.7000000;333.5500000;333.6000000;17670
TATN;5;20160204;173000;333.6000000;334.7000000;333.5500000;334.5000000;17060
TATN;5;20160204;173500;334.3000000;336.0000000;334.1000000;335.7000000;146010
TATN;5;20160204;174000;335.9000000;336.0000000;333.8500000;335.5500000;80420
TATN;5;20160204;174500;335.7500000;336.5000000;335.2500000;335.2500000;62530
TATN;5;20160204;175000;335.2500000;339.5000000;335.2500000;339.4500000;148150
TATN;5;20160204;175500;339.2000000;339.8500000;338.6000000;339.3000000;133000
TATN;5;20160204;180000;339.1000000;339.9000000;338.7500000;339.6500000;55130
TATN;5;20160204;180500;339.2000000;339.6000000;338.3000000;338.9000000;24150
TATN;5;20160204;181000;338.9000000;340.0000000;338.8000000;339.8000000;69920
TATN;5;20160204;181500;339.6500000;340.0000000;339.1500000;339.8000000;53800
TATN;5;20160204;182000;339.8500000;340.7000000;339.5000000;340.6000000;85350
TATN;5;20160204;182500;340.6500000;340.7500000;339.1000000;339.8500000;50630
TATN;5;20160204;183000;339.9000000;341.3500000;339.2500000;339.9000000;66610
TATN;5;20160204;183500;339.6500000;340.9000000;339.4500000;339.8000000;23430
TATN;5;20160204;184000;339.6000000;342.1000000;339.3500000;341.6000000;118340
TATN;5;20160204;185000;340.5500000;340.5500000;340.5500000;340.5500000;44980
TATN;5;20160205;100500;338.0000000;339.4000000;337.5000000;337.5000000;34500
TATN;5;20160205;101000;337.6000000;337.7500000;336.8500000;336.9000000;56870
TATN;5;20160205;101500;336.9000000;337.8000000;336.8000000;336.8500000;56640
TATN;5;20160205;102000;337.0000000;337.0500000;336.3000000;336.4500000;15430
TATN;5;20160205;102500;336.5000000;337.2500000;336.3500000;336.5500000;22050
TATN;5;20160205;103000;336.7000000;336.9500000;336.6000000;336.6000000;1890
TATN;5;20160205;103500;336.6000000;336.6500000;335.6000000;335.7000000;25020
TATN;5;20160205;104000;335.7500000;336.0500000;335.7000000;335.8500000;6070
TATN;5;20160205;104500;335.8500000;336.9000000;335.8500000;336.9000000;6410
TATN;5;20160205;105000;336.4500000;336.8500000;335.8000000;335.9500000;7070
TATN;5;20160205;105500;335.9000000;336.0500000;335.6500000;335.6500000;9080
TATN;5;20160205;110000;335.6500000;336.1500000;335.5500000;336.1500000;2920
TATN;5;20160205;110500;335.8500000;336.4500000;334.7500000;335.0000000;35610
TATN;5;20160205;111000;334.8000000;335.9000000;334.6500000;335.5500000;26250
TATN;5;20160205;111500;335.2500000;335.8500000;335.0000000;335.6500000;25140
TATN;5;20160205;112000;335.4000000;335.8000000;334.9000000;334.9500000;18990
TATN;5;20160205;112500;335.0000000;335.8000000;335.0000000;335.4500000;18930
TATN;5;20160205;113000;335.2500000;335.6500000;334.9500000;334.9500000;20130
TATN;5;20160205;113500;335.0000000;335.4000000;334.9500000;335.0000000;5260
TATN;5;20160205;114000;335.0500000;335.4500000;334.5500000;334.5500000;12280
TATN;5;20160205;114500;334.6500000;334.9500000;334.5000000;334.5500000;4710
TATN;5;20160205;115000;334.5500000;335.3500000;334.5500000;335.2000000;3340
TATN;5;20160205;115500;335.1500000;336.0000000;334.7500000;335.6000000;5280
TATN;5;20160205;120000;335.4000000;335.4000000;334.8500000;335.3500000;4520
TATN;5;20160205;120500;335.1500000;336.0000000;334.8000000;336.0000000;13350
TATN;5;20160205;121000;335.6500000;336.5000000;335.6500000;336.0500000;9810
TATN;5;20160205;121500;336.4500000;336.9500000;336.2000000;336.9000000;10660
TATN;5;20160205;122000;336.6500000;337.3000000;335.8500000;336.0000000;16840
TATN;5;20160205;122500;336.0000000;337.2500000;336.0000000;336.6000000;5720
TATN;5;20160205;123000;336.3000000;336.7000000;336.0000000;336.7000000;11520
TATN;5;20160205;123500;336.2500000;337.3000000;336.2500000;337.3000000;4040
TATN;5;20160205;124000;337.1000000;337.8000000;336.8500000;337.3000000;15120
TATN;5;20160205;124500;337.0000000;338.0000000;337.0000000;337.5500000;11770
TATN;5;20160205;125000;337.8000000;338.7000000;337.7000000;338.6500000;25080
TATN;5;20160205;125500;338.4500000;339.1000000;338.1000000;339.1000000;25860
TATN;5;20160205;130000;339.1500000;339.8500000;338.9000000;339.5000000;19670
TATN;5;20160205;130500;339.5500000;339.8500000;339.3500000;339.7500000;8070
TATN;5;20160205;131000;339.6000000;339.8000000;339.6000000;339.8000000;6500
TATN;5;20160205;131500;339.8000000;339.8000000;339.1500000;339.3500000;11540
TATN;5;20160205;132000;339.5500000;339.5500000;338.5500000;339.4500000;10050
TATN;5;20160205;132500;339.2500000;339.5500000;338.9000000;339.1000000;2210
TATN;5;20160205;133000;338.7500000;338.7500000;338.1000000;338.1000000;6230
TATN;5;20160205;133500;338.1000000;338.2500000;337.7500000;338.2500000;6350
TATN;5;20160205;134000;338.3000000;338.9000000;338.3000000;338.8000000;5120
TATN;5;20160205;134500;338.6000000;338.7000000;338.6000000;338.7000000;370
TATN;5;20160205;135000;338.7000000;339.0000000;338.5000000;339.0000000;7040
TATN;5;20160205;135500;339.0000000;339.1000000;338.8500000;338.9500000;5980
TATN;5;20160205;140000;338.7000000;338.9000000;338.4500000;338.4500000;1030
TATN;5;20160205;140500;338.8500000;338.8500000;338.1000000;338.1000000;3260
TATN;5;20160205;141000;338.6500000;338.6500000;338.0500000;338.4500000;620
TATN;5;20160205;141500;338.1000000;338.4500000;337.7500000;337.7500000;4980
TATN;5;20160205;142000;337.9000000;337.9500000;337.4000000;337.4000000;2410
TATN;5;20160205;142500;337.6000000;337.9500000;337.3000000;337.9500000;3520
TATN;5;20160205;143000;337.9000000;338.4500000;337.8500000;338.2500000;1180
TATN;5;20160205;143500;338.1500000;338.7500000;338.1500000;338.7500000;2740
TATN;5;20160205;144000;338.7500000;339.0000000;338.5000000;338.8500000;6250
TATN;5;20160205;144500;339.0000000;339.8000000;338.5000000;338.7500000;14460
TATN;5;20160205;145000;339.1000000;339.3500000;338.2500000;338.4500000;12110
TATN;5;20160205;145500;338.7500000;339.6500000;338.5000000;339.5500000;6540
TATN;5;20160205;150000;339.5500000;339.5500000;338.6000000;339.3000000;2110
TATN;5;20160205;150500;339.3500000;339.6500000;338.7500000;339.0000000;2290
TATN;5;20160205;151000;339.0000000;339.1000000;338.5500000;339.1000000;1860
TATN;5;20160205;151500;339.1500000;339.2000000;338.6500000;339.1500000;2610
TATN;5;20160205;152000;339.1500000;339.2000000;338.5000000;338.9000000;1230
TATN;5;20160205;152500;338.9500000;338.9500000;338.0000000;338.5500000;5830
TATN;5;20160205;153000;338.5500000;338.9500000;338.2000000;338.9500000;1790
TATN;5;20160205;153500;338.9000000;338.9000000;338.8500000;338.8500000;50
TATN;5;20160205;154000;338.7500000;338.7500000;337.6500000;337.9500000;9920
TATN;5;20160205;154500;338.0000000;338.2000000;337.6000000;338.2000000;3670
TATN;5;20160205;155000;338.0000000;338.6500000;337.9000000;337.9000000;1220
TATN;5;20160205;155500;337.9500000;337.9500000;337.6000000;337.6000000;5000
TATN;5;20160205;160000;337.6000000;337.8500000;337.4000000;337.8000000;1560
TATN;5;20160205;160500;337.8000000;338.0000000;337.7000000;337.7000000;2410
TATN;5;20160205;161000;338.0000000;338.0500000;337.5000000;337.6000000;3580
TATN;5;20160205;161500;337.6000000;338.9000000;337.5000000;338.4000000;8610
TATN;5;20160205;162000;338.6000000;338.6500000;337.3500000;338.2000000;14910
TATN;5;20160205;162500;338.2000000;339.5000000;338.1000000;339.2000000;17990
TATN;5;20160205;163000;339.2000000;339.6000000;338.2500000;339.5000000;21240
TATN;5;20160205;163500;339.6000000;339.9000000;337.8500000;337.8500000;45700
TATN;5;20160205;164000;337.8500000;338.7500000;337.6000000;338.0000000;16410
TATN;5;20160205;164500;337.8500000;338.1500000;336.9000000;336.9000000;18380
TATN;5;20160205;165000;336.9000000;337.5000000;336.3000000;336.3500000;12000
TATN;5;20160205;165500;336.3500000;337.9000000;336.2000000;336.6000000;10130
TATN;5;20160205;170000;336.4000000;336.9000000;336.0000000;336.6500000;27520
TATN;5;20160205;170500;336.1500000;336.8500000;335.5000000;336.5000000;15020
TATN;5;20160205;171000;336.8500000;336.9000000;336.0500000;336.9000000;3440
TATN;5;20160205;171500;336.8500000;337.2500000;336.4500000;337.2500000;6900
TATN;5;20160205;172000;337.2500000;337.3000000;335.6000000;335.6000000;10390
TATN;5;20160205;172500;335.5500000;336.2500000;335.5500000;336.1000000;4190
TATN;5;20160205;173000;336.3000000;336.6000000;335.5000000;336.3000000;35030
TATN;5;20160205;173500;336.3500000;336.8000000;336.1000000;336.8000000;12240
TATN;5;20160205;174000;336.3500000;336.5000000;335.0500000;336.5000000;38240
TATN;5;20160205;174500;336.1500000;336.2000000;335.0000000;335.5000000;12940
TATN;5;20160205;175000;335.4000000;335.7500000;335.0500000;335.1000000;4760
TATN;5;20160205;175500;335.0000000;335.5500000;334.8500000;335.0500000;5740
TATN;5;20160205;180000;335.1500000;335.3500000;334.8000000;334.8000000;6770
TATN;5;20160205;180500;335.1500000;335.6500000;334.9000000;335.1500000;13150
TATN;5;20160205;181000;335.2000000;335.5500000;335.0000000;335.0000000;6710
TATN;5;20160205;181500;335.3500000;335.7500000;335.1000000;335.1000000;7370
TATN;5;20160205;182000;335.3000000;335.4500000;335.0000000;335.0000000;8990
TATN;5;20160205;182500;335.1500000;335.4000000;334.0500000;334.0500000;16290
TATN;5;20160205;183000;334.0500000;335.2000000;334.0000000;335.1000000;16820
TATN;5;20160205;183500;334.7500000;335.7500000;334.5000000;335.4500000;11720
TATN;5;20160205;184000;335.7500000;336.9000000;335.3000000;336.8500000;46420
TATN;5;20160205;185000;335.3000000;335.3000000;335.3000000;335.3000000;8430
TATN;5;20160208;100500;334.0500000;335.8500000;334.0500000;335.8500000;35860
TATN;5;20160208;101000;335.6000000;335.9000000;335.2000000;335.8000000;5270
TATN;5;20160208;101500;335.5500000;335.6500000;334.9500000;335.2000000;8100
TATN;5;20160208;102000;334.9500000;335.1500000;334.6500000;334.9500000;3790
TATN;5;20160208;102500;334.6500000;334.9000000;334.6000000;334.7000000;520
TATN;5;20160208;103000;334.6000000;335.0000000;334.2000000;334.9500000;13170
TATN;5;20160208;103500;334.9500000;335.1500000;334.7500000;335.0000000;3460
TATN;5;20160208;104000;335.0000000;335.1500000;334.6000000;334.9000000;3690
TATN;5;20160208;104500;334.9500000;335.1000000;334.6000000;335.1000000;4240
TATN;5;20160208;105000;335.1000000;335.5000000;334.7500000;335.0000000;10330
TATN;5;20160208;105500;335.0000000;335.1000000;334.1500000;334.4500000;4700
TATN;5;20160208;110000;334.5000000;334.7500000;333.6000000;333.9500000;8410
TATN;5;20160208;110500;334.0000000;334.1500000;331.9000000;332.5500000;36970
TATN;5;20160208;111000;332.3000000;333.1000000;332.3000000;333.1000000;6850
TATN;5;20160208;111500;332.9000000;333.9000000;332.7000000;333.9000000;9500
TATN;5;20160208;112000;333.6000000;336.5500000;333.3500000;336.3000000;33460
TATN;5;20160208;112500;336.5000000;336.5500000;334.8500000;336.3000000;33350
TATN;5;20160208;113000;336.3000000;336.6500000;335.7000000;336.0000000;10430
TATN;5;20160208;113500;336.0000000;336.3500000;335.1000000;336.0500000;8570
TATN;5;20160208;114000;335.7500000;336.2500000;335.6500000;336.2500000;4460
TATN;5;20160208;114500;336.2500000;337.6500000;336.1500000;337.6500000;21990
TATN;5;20160208;115000;337.6500000;337.9000000;336.9000000;337.2000000;12090
TATN;5;20160208;115500;337.1500000;337.6000000;336.5000000;336.7000000;9330
TATN;5;20160208;120000;336.7000000;338.0000000;336.5000000;338.0000000;15130
TATN;5;20160208;120500;338.0000000;338.3500000;336.9500000;337.4000000;15000
TATN;5;20160208;121000;337.6000000;337.8500000;336.4500000;337.4500000;12970
TATN;5;20160208;121500;337.2500000;337.5000000;336.4500000;337.3500000;17210
TATN;5;20160208;122000;337.2500000;337.8000000;336.3500000;336.3500000;9380
TATN;5;20160208;122500;336.6000000;336.6500000;335.5000000;335.6500000;18520
TATN;5;20160208;123000;335.9500000;336.6000000;335.1000000;335.9000000;16980
TATN;5;20160208;123500;335.9000000;336.3500000;332.0000000;332.1500000;108890
TATN;5;20160208;124000;332.3000000;333.8000000;331.6000000;332.5000000;69030
TATN;5;20160208;124500;332.5000000;333.2500000;331.8000000;331.8500000;49220
TATN;5;20160208;125000;332.1000000;333.5000000;331.8000000;332.9500000;31130
TATN;5;20160208;125500;332.9000000;333.3000000;332.1000000;332.1500000;16580
TATN;5;20160208;130000;332.1000000;332.6500000;331.4000000;331.9000000;47190
TATN;5;20160208;130500;331.9000000;332.2500000;330.5500000;332.2500000;57370
TATN;5;20160208;131000;331.9500000;332.8500000;331.2500000;332.5000000;27100
TATN;5;20160208;131500;332.3000000;332.3000000;330.5500000;331.5000000;47690
TATN;5;20160208;132000;331.4500000;331.4500000;330.2000000;330.2000000;38280
TATN;5;20160208;132500;330.2500000;331.1500000;330.0500000;331.1500000;34680
TATN;5;20160208;133000;331.0000000;331.2000000;330.5000000;330.8500000;17330
TATN;5;20160208;133500;330.8000000;332.6000000;330.6500000;332.4000000;21960
TATN;5;20160208;134000;332.1500000;332.7500000;332.0000000;332.7500000;3610
TATN;5;20160208;134500;332.8500000;333.2000000;332.3500000;332.4000000;10780
TATN;5;20160208;135000;332.6000000;332.7000000;331.8000000;331.8000000;12720
TATN;5;20160208;135500;331.9000000;332.4500000;331.8000000;332.0000000;14890
TATN;5;20160208;140000;332.0000000;333.8000000;332.0000000;333.6000000;30610
TATN;5;20160208;140500;333.7500000;333.8000000;333.0500000;333.5000000;2110
TATN;5;20160208;141000;333.4500000;333.8000000;333.2000000;333.8000000;2060
TATN;5;20160208;141500;333.4000000;333.5500000;332.5500000;333.1500000;12240
TATN;5;20160208;142000;332.5500000;332.9500000;332.2500000;332.4500000;9940
TATN;5;20160208;142500;332.5000000;332.9500000;332.4500000;332.7500000;4500
TATN;5;20160208;143000;332.4500000;332.7500000;332.2000000;332.7500000;780
TATN;5;20160208;143500;332.7500000;332.7500000;332.1500000;332.5000000;11090
TATN;5;20160208;144000;332.5000000;332.7500000;332.3000000;332.6500000;2760
TATN;5;20160208;144500;332.8000000;332.8000000;332.5000000;332.7500000;440
TATN;5;20160208;145000;332.4500000;332.4500000;330.5000000;331.1500000;28400
TATN;5;20160208;145500;331.4500000;331.8000000;331.3000000;331.8000000;4570
TATN;5;20160208;150000;331.8000000;331.8000000;331.4000000;331.4500000;2090
TATN;5;20160208;150500;331.6500000;331.6500000;330.9000000;331.2000000;2020
TATN;5;20160208;151000;330.9000000;330.9000000;330.0000000;330.0500000;14760
TATN;5;20160208;151500;330.0500000;330.2000000;329.1500000;329.6000000;25290
TATN;5;20160208;152000;329.7000000;330.3500000;329.7000000;330.3000000;4630
TATN;5;20160208;152500;330.2500000;330.3500000;329.9500000;329.9500000;5260
TATN;5;20160208;153000;330.0000000;330.6000000;329.8000000;330.5000000;8640
TATN;5;20160208;153500;330.5000000;330.6500000;330.2000000;330.3000000;3870
TATN;5;20160208;154000;330.2500000;330.8500000;330.0000000;330.4000000;11580
TATN;5;20160208;154500;330.4000000;330.5000000;329.6500000;329.7000000;35000
TATN;5;20160208;155000;329.7000000;330.1500000;329.7000000;329.7500000;2810
TATN;5;20160208;155500;329.8000000;330.1500000;329.7500000;329.7500000;1850
TATN;5;20160208;160000;329.7500000;329.9000000;329.2000000;329.5000000;8770
TATN;5;20160208;160500;329.3000000;330.7000000;328.9000000;330.7000000;23620
TATN;5;20160208;161000;330.4500000;330.4500000;329.9500000;330.3500000;7520
TATN;5;20160208;161500;330.1000000;330.1500000;330.0000000;330.0000000;1690
TATN;5;20160208;162000;330.1000000;330.1500000;329.7500000;329.9500000;5400
TATN;5;20160208;162500;329.8000000;329.8000000;329.0000000;329.0000000;8980
TATN;5;20160208;163000;329.4000000;329.5000000;329.0000000;329.2000000;4310
TATN;5;20160208;163500;329.1000000;329.4000000;328.8000000;329.2500000;9550
TATN;5;20160208;164000;329.2000000;329.3500000;329.2000000;329.2500000;6020
TATN;5;20160208;164500;329.3000000;330.1500000;328.9500000;329.7500000;32850
TATN;5;20160208;165000;329.4000000;329.4000000;329.0000000;329.0000000;6090
TATN;5;20160208;165500;329.4000000;329.5000000;329.4000000;329.4500000;3190
TATN;5;20160208;170000;330.0000000;330.0000000;330.0000000;330.0000000;100
TATN;5;20160208;170500;330.0000000;330.8000000;329.7500000;329.7500000;29780
TATN;5;20160208;171000;329.9500000;330.1500000;329.2500000;329.5500000;2710
TATN;5;20160208;171500;329.3000000;329.9500000;329.2500000;329.3500000;5520
TATN;5;20160208;172000;329.3500000;329.7000000;329.1000000;329.7000000;11260
TATN;5;20160208;172500;329.6000000;329.7000000;329.2500000;329.2500000;1330
TATN;5;20160208;173000;329.5500000;330.3000000;329.2500000;329.9000000;8970
TATN;5;20160208;173500;330.2000000;330.4500000;329.9000000;330.0000000;35230
TATN;5;20160208;174000;330.0000000;330.3500000;329.0500000;329.1500000;79110
TATN;5;20160208;174500;329.1500000;329.4500000;328.2000000;328.7500000;34730
TATN;5;20160208;175000;328.4500000;328.5500000;327.1000000;327.3500000;45010
TATN;5;20160208;175500;327.4000000;327.7000000;325.7500000;326.2000000;68250
TATN;5;20160208;180000;326.0500000;326.0500000;325.0000000;325.6500000;67540
TATN;5;20160208;180500;325.5500000;327.2500000;325.5000000;326.6500000;20680
TATN;5;20160208;181000;326.4500000;326.7000000;325.6000000;326.1000000;15330
TATN;5;20160208;181500;325.6500000;325.8500000;325.0000000;325.3500000;19750
TATN;5;20160208;182000;325.6500000;326.0500000;324.6000000;325.1000000;36200
TATN;5;20160208;182500;325.0500000;325.7500000;324.7000000;325.0000000;35820
TATN;5;20160208;183000;324.7500000;325.3000000;324.5000000;325.1500000;47750
TATN;5;20160208;183500;324.8500000;325.9000000;324.8500000;325.9000000;14520
TATN;5;20160208;184000;325.9000000;326.4500000;325.8000000;325.8500000;24180
TATN;5;20160208;185000;326.4000000;326.4000000;326.4000000;326.4000000;11220
TATN;5;20160209;100500;324.3000000;326.0000000;323.6500000;325.8000000;23870
TATN;5;20160209;101000;325.7500000;327.3000000;325.5000000;327.3000000;24250
TATN;5;20160209;101500;327.3000000;327.4000000;326.7000000;327.1000000;13250
TATN;5;20160209;102000;327.3500000;327.4000000;327.1000000;327.3500000;8220
TATN;5;20160209;102500;327.1000000;327.1000000;326.7000000;326.9500000;6030
TATN;5;20160209;103000;326.8500000;327.9000000;326.4000000;327.7500000;44090
TATN;5;20160209;103500;327.9500000;328.0000000;327.3500000;327.5000000;4610
TATN;5;20160209;104000;327.5000000;327.6000000;326.5500000;326.9000000;7940
TATN;5;20160209;104500;326.6000000;327.2000000;326.2000000;327.0500000;9040
TATN;5;20160209;105000;327.0500000;328.3000000;326.8000000;327.9500000;13770
TATN;5;20160209;105500;327.8000000;328.5500000;327.4000000;328.4000000;15450
TATN;5;20160209;110000;328.1500000;328.5000000;327.6000000;328.0500000;2700
TATN;5;20160209;110500;327.9500000;328.5000000;326.9000000;328.4500000;13220
TATN;5;20160209;111000;328.2500000;328.7000000;327.9000000;328.7000000;21180
TATN;5;20160209;111500;328.3500000;328.6000000;328.2000000;328.3500000;5090
TATN;5;20160209;112000;328.4000000;328.6500000;327.4000000;327.4000000;5840
TATN;5;20160209;112500;327.4000000;327.4000000;326.0000000;326.3000000;12090
TATN;5;20160209;113000;326.3000000;326.4000000;325.6500000;326.0500000;12830
TATN;5;20160209;113500;325.9500000;326.8500000;325.7500000;326.7000000;5480
TATN;5;20160209;114000;326.7000000;327.0000000;325.7500000;325.8000000;26380
TATN;5;20160209;114500;325.8000000;326.7000000;325.3500000;325.4000000;29930
TATN;5;20160209;115000;325.4000000;326.1500000;324.3000000;324.5500000;30770
TATN;5;20160209;115500;324.9000000;325.9000000;324.5000000;325.0500000;18420
TATN;5;20160209;120000;325.1500000;327.7000000;324.9000000;327.0500000;51330
TATN;5;20160209;120500;327.0500000;327.1500000;326.0500000;327.0000000;14750
TATN;5;20160209;121000;326.6500000;326.9500000;325.2500000;325.5500000;11310
TATN;5;20160209;121500;325.6500000;326.5000000;325.6500000;326.5000000;12300
TATN;5;20160209;122000;326.5000000;327.0000000;324.6500000;324.9000000;16180
TATN;5;20160209;122500;325.4000000;325.4500000;324.5000000;324.6000000;9300
TATN;5;20160209;123000;324.5000000;324.8500000;324.3500000;324.8000000;7710
TATN;5;20160209;123500;324.6500000;324.9500000;324.3000000;324.5500000;3660
TATN;5;20160209;124000;324.5500000;324.5500000;322.4000000;322.4000000;20780
TATN;5;20160209;124500;322.4000000;322.6500000;321.7000000;321.7000000;17590
TATN;5;20160209;125000;321.8500000;322.3500000;321.4500000;322.1500000;13420
TATN;5;20160209;125500;322.2000000;323.1500000;322.0500000;322.7000000;10950
TATN;5;20160209;130000;322.8000000;322.8000000;322.1000000;322.1500000;3660
TATN;5;20160209;130500;322.1000000;322.4000000;321.5000000;321.5000000;11210
TATN;5;20160209;131000;321.4500000;322.0000000;321.4000000;322.0000000;9060
TATN;5;20160209;131500;322.0000000;322.1000000;321.7500000;321.9000000;4070
TATN;5;20160209;132000;321.8000000;322.4000000;321.5000000;322.4000000;18050
TATN;5;20160209;132500;322.4000000;323.0000000;322.4000000;322.9500000;10800
TATN;5;20160209;133000;322.9000000;323.8500000;322.9000000;323.7500000;13730
TATN;5;20160209;133500;323.7000000;323.7000000;323.3500000;323.5000000;4280
TATN;5;20160209;134000;323.6000000;324.9000000;323.1500000;324.7000000;13900
TATN;5;20160209;134500;324.6500000;325.1000000;324.2500000;324.2500000;7470
TATN;5;20160209;135000;324.2500000;325.8000000;323.9500000;324.2000000;19370
TATN;5;20160209;135500;324.0500000;324.8000000;323.0000000;324.6000000;34240
TATN;5;20160209;140000;324.2000000;324.2000000;322.0000000;322.1500000;25380
TATN;5;20160209;140500;322.1500000;322.4500000;322.1500000;322.4500000;1300
TATN;5;20160209;141000;322.4500000;322.6000000;321.7000000;322.2000000;9850
TATN;5;20160209;141500;321.9500000;322.3500000;321.8000000;322.0000000;12030
TATN;5;20160209;142000;321.8000000;322.0000000;321.3500000;321.5000000;32570
TATN;5;20160209;142500;321.7500000;322.0000000;321.2000000;322.0000000;13930
TATN;5;20160209;143000;321.6500000;321.9000000;321.5500000;321.8000000;3440
TATN;5;20160209;143500;321.9000000;321.9000000;321.9000000;321.9000000;2000
TATN;5;20160209;144000;322.0000000;322.0000000;320.8000000;321.4500000;35320
TATN;5;20160209;144500;321.6000000;321.6000000;321.1000000;321.2000000;4670
TATN;5;20160209;145000;321.4500000;321.9500000;321.3500000;321.8000000;6540
TATN;5;20160209;145500;321.9500000;321.9500000;321.1000000;321.1000000;5140
TATN;5;20160209;150000;321.2000000;322.0000000;321.0500000;321.3000000;39750
TATN;5;20160209;150500;321.3500000;321.6500000;320.1500000;320.4500000;39460
TATN;5;20160209;151000;320.2000000;320.4500000;318.8000000;319.0000000;49810
TATN;5;20160209;151500;318.9000000;319.9500000;318.7500000;319.0500000;7630
TATN;5;20160209;152000;319.0500000;319.4000000;318.6000000;318.6500000;8900
TATN;5;20160209;152500;318.6500000;318.8500000;317.5500000;317.5500000;33670
TATN;5;20160209;153000;317.5000000;320.1500000;317.5000000;318.9000000;81580
TATN;5;20160209;153500;318.9500000;319.4000000;318.6500000;319.4000000;15880
TATN;5;20160209;154000;319.2000000;320.0000000;319.0500000;319.9000000;24400
TATN;5;20160209;154500;319.7000000;320.3000000;319.5500000;319.8000000;4560
TATN;5;20160209;155000;319.7000000;320.8500000;319.4000000;320.7000000;18190
TATN;5;20160209;155500;320.7000000;321.8000000;320.6000000;320.8000000;147930
TATN;5;20160209;160000;320.6500000;321.4500000;320.6500000;321.0500000;6970
TATN;5;20160209;160500;321.1000000;321.9500000;321.1000000;321.9000000;23000
TATN;5;20160209;161000;321.5500000;321.9500000;321.4500000;321.7000000;5350
TATN;5;20160209;161500;321.8500000;321.9500000;321.6500000;321.7500000;9680
TATN;5;20160209;162000;321.8000000;321.9500000;321.5500000;321.7500000;6890
TATN;5;20160209;162500;321.9000000;322.0000000;321.4000000;321.8000000;33000
TATN;5;20160209;163000;321.9500000;321.9500000;321.0000000;321.6000000;11970
TATN;5;20160209;163500;321.5500000;321.8500000;320.5000000;320.7000000;12260
TATN;5;20160209;164000;320.8500000;320.8500000;319.9000000;319.9000000;4290
TATN;5;20160209;164500;320.2000000;320.2000000;319.2500000;319.8500000;9280
TATN;5;20160209;165000;319.6500000;319.9500000;319.0500000;319.7500000;15590
TATN;5;20160209;165500;319.6500000;319.8500000;319.2500000;319.2500000;4420
TATN;5;20160209;170000;319.3000000;319.6500000;319.2000000;319.5500000;10350
TATN;5;20160209;170500;319.4000000;319.6500000;319.1500000;319.1500000;8600
TATN;5;20160209;171000;319.1500000;319.5500000;319.1000000;319.4000000;8600
TATN;5;20160209;171500;319.1000000;319.9500000;319.0500000;319.9500000;8400
TATN;5;20160209;172000;319.9500000;320.8000000;319.4500000;320.4500000;10010
TATN;5;20160209;172500;320.4500000;321.0000000;320.4500000;321.0000000;4120
TATN;5;20160209;173000;321.1500000;321.5000000;321.0000000;321.2000000;3580
TATN;5;20160209;173500;321.2000000;321.5500000;320.9000000;321.1500000;4980
TATN;5;20160209;174000;321.3000000;322.0000000;321.0500000;322.0000000;47530
TATN;5;20160209;174500;321.7500000;322.0000000;321.4500000;322.0000000;15860
TATN;5;20160209;175000;322.0000000;323.6500000;321.7000000;323.6500000;39860
TATN;5;20160209;175500;323.6000000;326.4000000;323.4000000;325.8000000;61140
TATN;5;20160209;180000;326.0500000;326.3000000;324.3500000;325.6000000;24380
TATN;5;20160209;180500;325.8000000;326.1000000;325.2000000;325.9000000;22980
TATN;5;20160209;181000;326.1000000;326.5500000;325.2500000;326.5500000;21340
TATN;5;20160209;181500;326.2000000;326.2500000;324.4000000;325.6000000;20000
TATN;5;20160209;182000;325.6000000;325.9500000;325.0000000;325.1500000;13510
TATN;5;20160209;182500;325.6000000;325.6000000;324.3500000;324.4500000;7250
TATN;5;20160209;183000;324.9500000;325.1500000;324.0000000;324.7000000;8030
TATN;5;20160209;183500;324.8500000;325.8000000;324.8500000;325.2500000;13020
TATN;5;20160209;184000;325.2500000;326.2500000;325.0000000;325.6500000;56800
TATN;5;20160209;185000;325.5000000;325.5000000;325.5000000;325.5000000;5600
TATN;5;20160210;100500;322.9500000;323.8000000;321.0000000;321.6500000;26800
TATN;5;20160210;101000;321.6500000;321.7000000;320.4000000;320.7500000;15750
TATN;5;20160210;101500;320.8000000;321.2500000;320.6500000;320.7000000;7980
TATN;5;20160210;102000;320.9000000;321.5000000;320.6000000;320.7000000;16050
TATN;5;20160210;102500;320.7000000;321.0000000;320.5500000;320.5500000;17100
TATN;5;20160210;103000;320.7000000;321.6000000;320.7000000;321.3500000;10320
TATN;5;20160210;103500;321.6000000;322.2500000;321.4500000;322.1000000;12280
TATN;5;20160210;104000;322.1500000;322.6500000;321.6500000;321.7000000;15090
TATN;5;20160210;104500;321.7500000;322.2500000;321.6500000;321.8000000;6420
TATN;5;20160210;105000;322.0500000;322.4000000;321.7000000;321.7000000;4510
TATN;5;20160210;105500;321.7500000;322.6500000;321.7500000;322.2500000;7170
TATN;5;20160210;110000;322.0500000;322.0500000;321.5500000;321.9000000;10100
TATN;5;20160210;110500;322.0500000;322.1000000;321.5000000;322.0500000;5590
TATN;5;20160210;111000;322.2000000;322.4000000;321.5000000;321.9500000;8400
TATN;5;20160210;111500;321.8000000;321.9500000;321.5000000;321.9500000;6510
TATN;5;20160210;112000;321.6500000;321.8000000;321.3500000;321.7500000;41230
TATN;5;20160210;112500;321.7000000;321.9500000;321.2500000;321.3000000;17680
TATN;5;20160210;113000;321.5000000;322.9000000;321.3000000;322.1500000;10840
TATN;5;20160210;113500;322.0500000;323.1500000;322.0500000;323.1500000;14380
TATN;5;20160210;114000;323.1000000;323.4000000;322.9000000;323.3500000;2830
TATN;5;20160210;114500;323.1500000;323.5000000;323.0000000;323.3000000;6490
TATN;5;20160210;115000;323.3000000;324.5000000;323.1500000;324.2500000;13330
TATN;5;20160210;115500;324.4500000;324.5000000;323.8000000;324.1500000;6170
TATN;5;20160210;120000;323.9500000;324.4000000;323.6500000;324.4000000;5150
TATN;5;20160210;120500;324.2000000;324.5000000;323.9500000;324.4000000;2560
TATN;5;20160210;121000;324.2000000;324.5000000;324.1500000;324.1500000;2140
TATN;5;20160210;121500;324.3000000;324.4000000;323.9500000;324.0500000;3920
TATN;5;20160210;122000;324.2500000;324.9000000;324.1000000;324.9000000;11350
TATN;5;20160210;122500;324.9000000;324.9000000;323.7500000;323.9500000;5530
TATN;5;20160210;123000;324.3500000;324.3500000;323.6500000;324.1000000;8870
TATN;5;20160210;123500;323.8500000;324.5000000;323.2500000;323.6000000;10060
TATN;5;20160210;124000;323.5000000;323.7000000;322.8500000;323.0000000;8680
TATN;5;20160210;124500;322.7000000;323.3500000;322.7000000;322.8000000;4580
TATN;5;20160210;125000;323.1500000;323.3500000;322.9500000;323.2000000;800
TATN;5;20160210;125500;323.2500000;323.8000000;323.2500000;323.3000000;4590
TATN;5;20160210;130000;323.5000000;323.7000000;323.0500000;323.0500000;2200
TATN;5;20160210;130500;323.1000000;323.4000000;322.9500000;323.0500000;1980
TATN;5;20160210;131000;323.1000000;323.4000000;322.0000000;323.0000000;34460
TATN;5;20160210;131500;323.0000000;323.0000000;321.1000000;321.1000000;18460
TATN;5;20160210;132000;321.1500000;321.5500000;320.6000000;321.5500000;10280
TATN;5;20160210;132500;321.6000000;321.7500000;321.1000000;321.1500000;2470
TATN;5;20160210;133000;321.4000000;321.4000000;321.0500000;321.0500000;2050
TATN;5;20160210;133500;321.0500000;321.1000000;318.3000000;319.2500000;96190
TATN;5;20160210;134000;319.1000000;320.3000000;319.0500000;320.0000000;15990
TATN;5;20160210;134500;319.9500000;320.5000000;319.5500000;320.3500000;8360
TATN;5;20160210;135000;320.6500000;320.6500000;320.2000000;320.2000000;730
TATN;5;20160210;135500;320.3500000;321.3000000;319.8000000;320.0000000;47300
TATN;5;20160210;140000;319.8500000;320.1000000;319.5500000;320.0000000;11350
TATN;5;20160210;140500;320.0000000;320.0000000;319.3000000;319.7500000;6660
TATN;5;20160210;141000;319.8000000;320.5000000;319.5500000;320.1000000;11700
TATN;5;20160210;141500;320.3000000;321.0000000;320.3000000;321.0000000;1570
TATN;5;20160210;142000;321.0000000;322.0000000;320.6000000;321.5500000;13720
TATN;5;20160210;142500;321.4000000;323.7500000;321.3500000;323.6500000;22520
TATN;5;20160210;143000;323.0500000;324.6000000;323.0500000;324.4000000;21330
TATN;5;20160210;143500;324.2000000;325.0000000;322.7000000;322.7000000;28050
TATN;5;20160210;144000;322.8500000;323.9000000;322.8000000;323.3000000;12470
TATN;5;20160210;144500;323.1500000;323.1500000;320.3000000;322.2000000;19780
TATN;5;20160210;145000;321.7500000;321.9000000;320.7000000;320.9000000;3820
TATN;5;20160210;145500;320.8000000;321.8500000;320.8000000;321.0000000;10560
TATN;5;20160210;150000;320.8000000;321.2000000;320.1000000;321.2000000;4790
TATN;5;20160210;150500;321.0000000;321.0000000;320.6000000;320.8000000;920
TATN;5;20160210;151000;320.5000000;321.1000000;320.2500000;320.2500000;10510
TATN;5;20160210;151500;320.4500000;320.5000000;320.4000000;320.4000000;580
TATN;5;20160210;152000;320.5000000;320.6000000;320.0500000;320.0500000;16630
TATN;5;20160210;152500;320.3500000;320.5500000;320.3500000;320.5500000;460
TATN;5;20160210;153000;320.5500000;322.6000000;320.5500000;321.7000000;19330
TATN;5;20160210;153500;321.5000000;322.2500000;321.4500000;322.2500000;1910
TATN;5;20160210;154000;321.9500000;321.9500000;321.6000000;321.6000000;2130
TATN;5;20160210;154500;321.5500000;321.5500000;320.4500000;320.5000000;21710
TATN;5;20160210;155000;320.8000000;320.8000000;320.0500000;320.1000000;12600
TATN;5;20160210;155500;320.2500000;320.4500000;320.0500000;320.4500000;3720
TATN;5;20160210;160000;320.6500000;321.4000000;320.6500000;321.2000000;3210
TATN;5;20160210;160500;320.7500000;320.7500000;320.0500000;320.0500000;3590
TATN;5;20160210;161000;320.1000000;321.8000000;320.0000000;321.7500000;13110
TATN;5;20160210;161500;321.7500000;322.1500000;321.3500000;322.1500000;5200
TATN;5;20160210;162000;322.0000000;322.0000000;321.1500000;321.1500000;7880
TATN;5;20160210;162500;321.0000000;321.1000000;320.2500000;321.1000000;1680
TATN;5;20160210;163000;320.7500000;321.0000000;320.7500000;320.9000000;630
TATN;5;20160210;163500;320.5500000;321.0000000;319.4000000;319.4000000;30950
TATN;5;20160210;164000;319.4000000;319.9000000;319.0000000;319.2000000;33120
TATN;5;20160210;164500;319.2000000;319.7500000;319.1000000;319.5500000;8370
TATN;5;20160210;165000;319.8000000;319.8000000;318.7000000;319.1000000;22580
TATN;5;20160210;165500;319.1000000;319.5000000;318.3000000;318.4500000;31170
TATN;5;20160210;170000;318.4500000;319.2000000;318.1500000;319.0500000;16990
TATN;5;20160210;170500;319.4000000;320.6000000;319.2000000;319.7000000;20800
TATN;5;20160210;171000;319.5000000;320.0500000;319.2000000;319.2000000;5330
TATN;5;20160210;171500;319.2000000;319.5500000;318.3500000;318.8500000;23230
TATN;5;20160210;172000;318.7500000;319.4500000;318.1500000;318.2000000;17920
TATN;5;20160210;172500;318.2500000;318.6500000;317.5000000;317.7500000;35170
TATN;5;20160210;173000;317.7500000;317.9000000;315.7500000;315.8500000;72860
TATN;5;20160210;173500;315.8500000;316.6000000;315.3000000;315.3500000;33250
TATN;5;20160210;174000;315.6000000;316.4500000;315.3000000;315.9500000;13320
TATN;5;20160210;174500;316.2000000;316.2000000;315.3000000;315.3500000;32700
TATN;5;20160210;175000;315.3500000;316.5500000;315.2500000;315.8500000;19920
TATN;5;20160210;175500;315.8500000;318.5500000;315.7500000;317.5000000;51900
TATN;5;20160210;180000;317.8500000;318.0000000;317.0500000;317.5500000;19840
TATN;5;20160210;180500;317.9000000;318.6000000;316.8500000;317.0000000;24030
TATN;5;20160210;181000;317.4500000;317.7000000;317.0500000;317.3500000;4270
TATN;5;20160210;181500;317.3500000;318.1000000;317.2000000;317.3500000;11720
TATN;5;20160210;182000;317.2500000;318.0500000;317.0000000;317.6500000;10090
TATN;5;20160210;182500;317.9500000;319.9000000;317.9000000;319.8500000;40570
TATN;5;20160210;183000;319.9000000;321.4500000;319.9000000;320.7500000;37190
TATN;5;20160210;183500;321.1000000;325.0000000;321.1000000;324.1500000;119420
TATN;5;20160210;184000;324.4500000;324.9500000;323.6500000;324.9500000;99430
TATN;5;20160210;185000;322.0500000;322.0500000;322.0500000;322.0500000;125640
TATN;5;20160211;100500;321.0000000;321.0000000;318.9000000;320.3000000;35050
TATN;5;20160211;101000;320.0000000;320.2500000;318.1000000;318.3500000;33700
TATN;5;20160211;101500;318.3000000;318.3500000;317.7500000;318.1000000;42470
TATN;5;20160211;102000;318.1000000;318.4000000;317.4000000;317.4000000;25530
TATN;5;20160211;102500;317.4000000;317.6000000;316.2500000;316.8500000;26060
TATN;5;20160211;103000;316.9500000;317.9000000;316.4000000;317.0500000;36660
TATN;5;20160211;103500;317.1000000;317.5000000;317.0000000;317.5000000;48600
TATN;5;20160211;104000;317.2500000;317.6500000;317.0000000;317.6500000;27000
TATN;5;20160211;104500;317.5000000;318.5000000;317.0500000;317.6000000;78790
TATN;5;20160211;105000;317.5500000;318.0000000;317.5000000;317.5500000;12000
TATN;5;20160211;105500;317.5500000;318.0500000;317.5000000;317.6000000;21670
TATN;5;20160211;110000;317.6000000;317.6000000;316.5500000;316.8500000;16310
TATN;5;20160211;110500;316.5000000;317.4500000;316.2500000;316.3500000;32230
TATN;5;20160211;111000;316.2500000;316.7000000;315.5500000;315.6000000;34980
TATN;5;20160211;111500;315.6000000;316.2000000;315.3000000;315.4500000;23590
TATN;5;20160211;112000;315.3500000;315.7500000;315.3000000;315.6000000;32190
TATN;5;20160211;112500;315.5000000;315.6500000;315.0500000;315.5500000;18800
TATN;5;20160211;113000;315.4500000;315.7000000;315.2000000;315.6000000;21930
TATN;5;20160211;113500;315.6000000;315.7000000;315.2500000;315.4500000;6070
TATN;5;20160211;114000;315.4500000;315.5000000;314.5500000;315.3000000;29420
TATN;5;20160211;114500;315.0000000;315.0000000;314.1500000;314.1500000;28000
TATN;5;20160211;115000;314.3500000;315.1000000;314.1000000;314.3000000;15300
TATN;5;20160211;115500;314.1000000;314.2500000;313.5500000;313.8000000;22370
TATN;5;20160211;120000;313.6500000;315.3000000;313.5000000;314.2500000;53380
TATN;5;20160211;120500;314.2500000;314.5000000;314.0000000;314.2500000;10200
TATN;5;20160211;121000;314.0500000;314.2000000;313.3500000;313.6000000;51130
TATN;5;20160211;121500;313.4500000;313.7000000;313.3000000;313.3000000;9430
TATN;5;20160211;122000;313.3000000;313.4500000;312.5500000;313.1500000;35720
TATN;5;20160211;122500;313.1500000;313.1500000;312.3000000;312.4500000;20970
TATN;5;20160211;123000;312.3000000;312.6500000;312.0500000;312.1500000;13790
TATN;5;20160211;123500;312.0500000;312.5000000;312.0500000;312.2500000;4950
TATN;5;20160211;124000;312.2000000;313.4000000;312.0000000;312.5000000;38120
TATN;5;20160211;124500;312.5000000;312.7000000;312.1500000;312.1500000;14760
TATN;5;20160211;125000;312.1500000;312.4000000;311.5500000;311.6500000;17270
TATN;5;20160211;125500;311.6000000;312.1500000;311.5500000;312.0000000;6060
TATN;5;20160211;130000;311.8500000;312.0000000;311.3000000;311.3500000;16110
TATN;5;20160211;130500;311.4000000;311.4000000;310.7000000;310.7500000;15230
TATN;5;20160211;131000;310.7500000;311.5000000;310.6500000;311.2000000;14130
TATN;5;20160211;131500;311.2000000;311.4500000;311.0500000;311.4000000;10740
TATN;5;20160211;132000;311.4000000;312.0500000;311.1000000;311.3000000;16190
TATN;5;20160211;132500;311.1000000;311.6000000;311.0500000;311.6000000;11160
TATN;5;20160211;133000;311.4500000;311.7500000;311.2500000;311.7500000;5400
TATN;5;20160211;133500;311.7500000;312.2000000;311.4500000;312.2000000;11460
TATN;5;20160211;134000;312.1500000;313.3500000;312.1500000;313.2500000;32800
TATN;5;20160211;134500;313.2500000;313.3500000;313.0000000;313.2000000;6030
TATN;5;20160211;135000;313.3000000;313.4500000;313.1500000;313.2000000;4540
TATN;5;20160211;135500;313.0500000;313.3000000;312.1500000;312.2000000;14570
TATN;5;20160211;140000;312.1500000;312.2500000;311.7500000;311.7500000;3550
TATN;5;20160211;140500;311.7500000;312.4000000;311.7000000;312.0000000;9580
TATN;5;20160211;141000;312.0000000;312.1500000;312.0000000;312.0000000;47650
TATN;5;20160211;141500;312.1000000;312.2500000;312.0000000;312.0000000;11530
TATN;5;20160211;142000;312.0000000;312.4000000;312.0000000;312.4000000;3460
TATN;5;20160211;142500;312.2500000;312.4500000;312.1000000;312.1000000;1860
TATN;5;20160211;143000;312.4000000;312.4000000;312.1000000;312.1500000;3640
TATN;5;20160211;143500;312.1500000;312.3500000;312.0000000;312.1000000;4870
TATN;5;20160211;144000;312.1000000;312.8000000;312.0000000;312.8000000;13720
TATN;5;20160211;144500;312.7500000;312.8000000;312.4000000;312.7500000;9510
TATN;5;20160211;145000;312.7500000;312.7500000;312.0000000;312.0000000;19190
TATN;5;20160211;145500;312.0000000;312.5500000;312.0000000;312.2500000;31760
TATN;5;20160211;150000;312.2500000;312.5000000;311.7000000;311.7000000;21630
TATN;5;20160211;150500;311.7000000;311.7000000;311.0000000;311.3500000;46350
TATN;5;20160211;151000;311.3500000;311.8000000;311.1000000;311.1000000;14550
TATN;5;20160211;151500;311.1000000;311.6500000;310.9000000;310.9000000;10240
TATN;5;20160211;152000;310.8500000;310.8500000;310.0000000;310.0000000;47770
TATN;5;20160211;152500;310.2500000;310.9000000;310.2500000;310.9000000;5410
TATN;5;20160211;153000;310.8000000;311.4000000;310.6000000;311.4000000;12900
TATN;5;20160211;153500;311.5500000;312.1000000;311.4500000;311.6500000;14360
TATN;5;20160211;154000;311.9500000;312.4000000;311.6500000;312.2000000;6330
TATN;5;20160211;154500;312.4500000;313.9000000;312.2000000;313.3500000;28310
TATN;5;20160211;155000;313.2500000;313.5500000;312.3000000;312.3500000;17540
TATN;5;20160211;155500;312.6000000;312.8500000;310.8500000;311.8500000;25860
TATN;5;20160211;160000;312.1000000;312.1000000;311.2000000;311.7000000;12080
TATN;5;20160211;160500;311.8000000;312.1000000;311.4000000;311.9500000;5730
TATN;5;20160211;161000;311.7500000;312.2000000;311.4500000;311.6500000;10000
TATN;5;20160211;161500;311.9000000;311.9000000;310.8500000;310.9000000;20060
TATN;5;20160211;162000;310.9500000;311.4000000;310.5000000;311.4000000;10030
TATN;5;20160211;162500;311.4000000;311.8000000;311.2000000;311.3000000;5760
TATN;5;20160211;163000;311.6000000;312.4500000;311.0500000;311.0500000;12130
TATN;5;20160211;163500;311.0500000;311.8500000;310.8500000;311.7000000;14430
TATN;5;20160211;164000;311.4500000;312.6500000;311.4000000;311.7000000;27020
TATN;5;20160211;164500;311.8500000;313.3000000;311.7500000;312.8000000;26830
TATN;5;20160211;165000;313.1500000;313.4000000;311.8000000;311.8500000;16900
TATN;5;20160211;165500;311.8000000;312.1500000;311.3000000;311.4000000;16260
TATN;5;20160211;170000;311.4000000;311.6500000;310.6000000;311.0000000;16060
TATN;5;20160211;170500;310.7500000;311.8500000;310.6000000;310.9500000;27300
TATN;5;20160211;171000;310.8000000;312.4500000;310.7000000;311.2000000;49020
TATN;5;20160211;171500;310.7500000;311.0500000;310.3500000;310.6000000;45810
TATN;5;20160211;172000;310.6000000;310.7500000;310.3000000;310.7500000;44290
TATN;5;20160211;172500;310.7500000;311.3500000;310.4000000;310.4500000;39330
TATN;5;20160211;173000;310.4500000;310.9000000;310.3500000;310.6500000;16380
TATN;5;20160211;173500;310.6500000;311.6000000;310.5000000;311.0000000;26120
TATN;5;20160211;174000;310.9000000;311.0500000;310.1000000;310.5500000;42230
TATN;5;20160211;174500;310.4500000;310.9500000;310.2000000;310.9000000;30680
TATN;5;20160211;175000;310.6500000;312.2000000;310.6500000;311.3000000;33870
TATN;5;20160211;175500;311.7000000;313.0000000;311.7000000;312.2500000;31770
TATN;5;20160211;180000;312.4000000;314.5500000;312.1000000;314.2000000;45110
TATN;5;20160211;180500;314.4000000;314.5500000;312.5000000;312.9500000;20470
TATN;5;20160211;181000;313.2000000;313.9500000;312.3500000;312.8500000;29140
TATN;5;20160211;181500;312.6000000;313.8000000;312.3500000;313.8000000;31950
TATN;5;20160211;182000;313.6000000;313.9000000;312.5000000;313.2000000;22690
TATN;5;20160211;182500;313.2000000;313.4000000;312.3500000;312.8000000;12360
TATN;5;20160211;183000;312.8000000;312.8000000;311.1500000;312.7000000;31450
TATN;5;20160211;183500;312.5000000;313.5000000;312.4500000;313.0000000;14790
TATN;5;20160211;184000;313.1500000;313.5000000;312.1500000;312.1500000;21540
TATN;5;20160211;185000;313.0000000;313.0000000;313.0000000;313.0000000;4120
TATN;5;20160212;100500;315.0000000;317.8500000;315.0000000;316.4500000;61060
TATN;5;20160212;101000;316.4500000;316.9000000;315.8500000;316.3000000;16320
TATN;5;20160212;101500;316.2000000;317.1500000;316.0000000;317.0000000;33470
TATN;5;20160212;102000;316.9000000;318.2000000;316.9000000;318.2000000;21970
TATN;5;20160212;102500;318.1500000;318.2500000;317.9000000;318.0000000;11050
TATN;5;20160212;103000;318.1500000;319.0000000;318.0000000;318.6500000;29210
TATN;5;20160212;103500;318.7500000;318.8000000;317.0000000;317.3500000;53730
TATN;5;20160212;104000;317.3500000;317.7500000;315.8000000;316.8000000;62840
TATN;5;20160212;104500;316.8500000;317.2000000;316.8000000;316.8000000;3600
TATN;5;20160212;105000;317.0000000;317.0000000;316.2000000;316.3000000;7150
TATN;5;20160212;105500;316.2500000;316.3000000;316.0500000;316.1000000;2670
TATN;5;20160212;110000;316.3000000;317.9000000;316.3000000;317.5000000;12370
TATN;5;20160212;110500;317.1500000;318.4000000;316.5000000;317.7500000;24970
TATN;5;20160212;111000;317.9500000;318.4000000;316.2500000;316.3000000;16950
TATN;5;20160212;111500;316.4500000;316.7500000;315.3500000;315.3500000;22400
TATN;5;20160212;112000;315.6000000;316.8500000;315.2000000;316.6500000;29840
TATN;5;20160212;112500;316.8500000;317.6500000;316.4500000;316.9500000;46900
TATN;5;20160212;113000;317.0500000;318.1500000;316.7500000;317.9500000;23860
TATN;5;20160212;113500;317.9500000;318.9000000;317.9500000;318.6000000;47510
TATN;5;20160212;114000;318.8000000;319.0000000;317.8000000;318.7000000;46840
TATN;5;20160212;114500;319.0000000;319.5500000;318.3000000;319.3000000;19030
TATN;5;20160212;115000;319.3000000;319.4500000;318.0000000;318.8000000;25500
TATN;5;20160212;115500;318.6000000;319.2000000;318.2000000;318.7000000;12770
TATN;5;20160212;120000;318.8000000;319.1500000;318.4500000;319.1000000;13540
TATN;5;20160212;120500;319.2500000;320.2000000;318.8500000;320.0500000;39050
TATN;5;20160212;121000;320.2000000;321.3500000;320.2000000;321.2500000;57140
TATN;5;20160212;121500;321.2500000;321.4000000;320.1000000;320.4500000;45950
TATN;5;20160212;122000;320.6500000;321.0000000;320.0000000;321.0000000;23950
TATN;5;20160212;122500;320.9500000;321.5000000;320.0000000;320.7000000;26430
TATN;5;20160212;123000;320.5000000;321.2000000;319.3500000;319.4000000;23890
TATN;5;20160212;123500;319.4000000;319.8000000;319.2000000;319.2000000;7380
TATN;5;20160212;124000;319.2500000;319.4500000;318.1000000;318.4500000;17820
TATN;5;20160212;124500;318.3000000;318.4500000;317.2000000;317.6000000;19240
TATN;5;20160212;125000;317.5000000;318.0500000;317.2500000;317.8000000;16850
TATN;5;20160212;125500;318.0500000;319.7000000;318.0500000;319.2500000;12180
TATN;5;20160212;130000;319.1500000;320.3500000;319.0000000;320.3000000;10910
TATN;5;20160212;130500;320.3000000;320.7500000;319.3000000;319.6000000;19840
TATN;5;20160212;131000;319.6000000;320.7500000;319.3500000;320.7500000;13250
TATN;5;20160212;131500;320.6500000;320.9000000;320.1500000;320.9000000;7320
TATN;5;20160212;132000;320.9500000;320.9500000;320.5000000;320.9000000;2820
TATN;5;20160212;132500;320.8500000;321.0000000;320.4500000;321.0000000;7520
TATN;5;20160212;133000;321.0000000;321.0000000;320.6000000;320.7500000;9370
TATN;5;20160212;133500;320.9000000;320.9000000;320.6000000;320.9000000;2320
TATN;5;20160212;134000;320.8500000;321.5000000;320.6500000;320.9500000;10700
TATN;5;20160212;134500;320.9500000;321.0000000;320.6000000;320.9500000;3340
TATN;5;20160212;135000;320.9500000;321.0000000;320.2500000;320.8000000;5990
TATN;5;20160212;135500;320.7500000;321.4000000;320.7500000;321.2000000;4680
TATN;5;20160212;140000;320.9000000;321.2500000;320.7500000;320.7500000;3110
TATN;5;20160212;140500;321.0000000;321.0000000;320.3000000;320.5000000;10260
TATN;5;20160212;141000;320.5500000;321.0000000;320.3000000;320.5000000;11710
TATN;5;20160212;141500;320.5000000;321.0000000;320.4000000;321.0000000;18500
TATN;5;20160212;142000;320.9500000;321.0000000;320.5000000;320.9000000;7340
TATN;5;20160212;142500;320.9000000;321.0000000;320.5500000;320.9000000;3030
TATN;5;20160212;143000;320.8500000;321.0000000;320.4500000;321.0000000;12150
TATN;5;20160212;143500;321.0000000;321.0000000;320.5500000;320.7000000;6290
TATN;5;20160212;144000;321.0000000;321.0000000;320.2500000;320.6500000;4310
TATN;5;20160212;144500;320.6500000;320.9500000;320.4000000;320.5000000;10040
TATN;5;20160212;145000;320.5000000;321.8000000;320.5000000;321.8000000;21590
TATN;5;20160212;145500;321.8000000;323.4000000;321.4000000;322.5500000;43240
TATN;5;20160212;150000;322.4500000;322.6500000;321.6000000;322.5000000;14640
TATN;5;20160212;150500;322.5000000;322.5000000;321.8500000;322.3000000;8710
TATN;5;20160212;151000;322.0000000;322.8000000;322.0000000;322.5000000;5780
TATN;5;20160212;151500;322.5000000;322.5000000;321.6000000;322.0000000;5770
TATN;5;20160212;152000;322.1500000;322.5000000;321.7500000;321.9000000;5360
TATN;5;20160212;152500;321.9000000;322.6500000;321.5000000;322.6000000;5970
TATN;5;20160212;153000;322.3000000;323.0000000;322.3000000;323.0000000;4230
TATN;5;20160212;153500;322.6500000;323.0000000;322.6000000;323.0000000;10750
TATN;5;20160212;154000;323.0000000;323.0000000;322.4000000;322.4500000;7150
TATN;5;20160212;154500;322.4500000;322.7000000;321.7000000;321.7000000;4790
TATN;5;20160212;155000;322.0500000;322.4500000;321.6500000;322.4500000;4890
TATN;5;20160212;155500;322.3500000;322.5000000;320.9000000;320.9500000;13740
TATN;5;20160212;160000;321.3500000;321.7500000;320.7500000;321.7500000;6460
TATN;5;20160212;160500;321.8000000;322.0500000;321.1000000;321.5000000;3450
TATN;5;20160212;161000;321.5500000;322.3000000;321.4500000;322.3000000;3610
TATN;5;20160212;161500;322.2500000;322.3000000;321.4500000;321.9500000;9550
TATN;5;20160212;162000;321.9000000;322.4000000;321.6500000;321.8000000;16120
TATN;5;20160212;162500;321.9500000;322.9000000;321.9500000;322.8000000;9740
TATN;5;20160212;163000;322.8000000;322.9000000;322.1000000;322.8500000;12030
TATN;5;20160212;163500;322.8000000;323.9500000;322.5000000;323.6000000;26600
TATN;5;20160212;164000;323.3000000;324.1000000;323.1500000;323.7500000;15510
TATN;5;20160212;164500;323.4500000;324.7000000;323.4000000;323.8000000;34130
TATN;5;20160212;165000;323.8000000;324.2000000;323.3500000;323.9000000;10880
TATN;5;20160212;165500;323.6500000;324.7000000;323.5000000;324.6500000;23090
TATN;5;20160212;170000;324.6500000;324.7000000;324.0000000;324.4500000;15910
TATN;5;20160212;170500;324.4500000;324.7500000;324.0000000;324.7000000;26600
TATN;5;20160212;171000;324.7500000;324.8000000;324.4000000;324.7500000;18120
TATN;5;20160212;171500;324.7500000;324.9000000;324.3500000;324.8000000;19960
TATN;5;20160212;172000;324.8000000;325.0000000;324.1500000;324.4500000;36850
TATN;5;20160212;172500;324.2000000;324.7000000;323.7500000;324.7000000;8820
TATN;5;20160212;173000;324.7000000;325.3500000;324.5000000;325.2500000;21100
TATN;5;20160212;173500;324.9500000;325.8500000;324.8000000;325.7500000;33700
TATN;5;20160212;174000;325.8000000;326.5000000;324.6500000;326.2500000;36280
TATN;5;20160212;174500;326.0000000;326.4000000;325.0500000;325.3000000;14200
TATN;5;20160212;175000;325.3500000;326.0500000;325.3500000;325.3500000;6400
TATN;5;20160212;175500;325.3500000;325.9500000;325.2500000;325.9000000;20660
TATN;5;20160212;180000;325.9000000;325.9000000;324.6500000;325.0000000;12760
TATN;5;20160212;180500;324.8000000;325.2500000;323.8000000;324.4500000;34650
TATN;5;20160212;181000;324.1500000;325.0000000;323.7500000;324.9500000;16070
TATN;5;20160212;181500;325.0500000;325.7500000;324.4500000;324.4500000;38420
TATN;5;20160212;182000;324.7500000;325.4500000;324.6500000;325.1000000;19010
TATN;5;20160212;182500;325.1000000;326.0000000;325.0000000;325.8000000;24520
TATN;5;20160212;183000;325.6000000;327.8000000;325.6000000;327.4500000;52420
TATN;5;20160212;183500;327.1000000;327.1000000;325.5000000;326.5500000;22700
TATN;5;20160212;184000;326.6000000;326.9000000;325.7000000;326.9000000;19210
TATN;5;20160212;185000;326.3000000;326.3000000;326.3000000;326.3000000;39550
TATN;5;20160215;100500;328.3000000;329.6000000;325.8000000;326.5000000;82320
TATN;5;20160215;101000;326.5500000;328.3000000;326.5000000;328.2500000;31040
TATN;5;20160215;101500;327.9000000;327.9000000;326.9500000;327.2500000;18470
TATN;5;20160215;102000;327.1000000;327.8000000;326.0000000;326.1500000;37320
TATN;5;20160215;102500;326.2000000;327.3500000;325.6500000;327.3500000;39010
TATN;5;20160215;103000;327.5500000;328.3000000;327.4000000;328.3000000;9300
TATN;5;20160215;103500;328.0000000;328.0000000;327.1000000;327.4500000;14620
TATN;5;20160215;104000;327.1500000;327.9000000;327.1500000;327.8000000;8050
TATN;5;20160215;104500;327.4500000;327.4500000;327.0000000;327.0000000;3980
TATN;5;20160215;105000;327.0000000;327.6500000;326.5500000;327.1500000;13350
TATN;5;20160215;105500;327.1500000;327.8500000;326.7000000;327.8000000;4500
TATN;5;20160215;110000;327.5000000;327.8500000;326.5500000;327.1000000;4490
TATN;5;20160215;110500;326.7000000;327.6000000;326.2000000;327.1500000;42520
TATN;5;20160215;111000;327.0000000;327.6000000;326.6000000;327.4500000;5370
TATN;5;20160215;111500;327.1000000;327.6000000;327.0000000;327.1000000;2280
TATN;5;20160215;112000;327.0000000;327.6500000;327.0000000;327.5000000;11600
TATN;5;20160215;112500;327.3000000;327.7500000;327.0500000;327.6500000;7640
TATN;5;20160215;113000;327.5000000;328.2000000;327.0000000;327.6500000;22340
TATN;5;20160215;113500;327.6500000;327.9000000;327.0500000;327.3000000;11410
TATN;5;20160215;114000;327.4500000;328.5000000;326.8500000;326.8500000;31040
TATN;5;20160215;114500;326.8500000;326.9500000;326.0000000;326.6500000;22620
TATN;5;20160215;115000;326.5000000;326.5500000;325.5000000;325.5500000;18220
TATN;5;20160215;115500;325.6500000;326.0000000;325.1500000;325.6000000;15340
TATN;5;20160215;120000;325.4000000;325.4000000;324.3000000;324.8000000;17990
TATN;5;20160215;120500;324.5000000;324.9500000;324.0000000;324.5500000;14380
TATN;5;20160215;121000;324.4500000;324.8000000;324.0500000;324.8000000;23110
TATN;5;20160215;121500;324.7500000;326.4000000;324.7500000;326.4000000;7790
TATN;5;20160215;122000;326.2000000;326.8000000;325.9000000;326.6000000;25240
TATN;5;20160215;122500;326.6000000;326.8500000;326.0500000;326.0500000;25990
TATN;5;20160215;123000;326.0500000;326.1000000;325.0500000;325.1500000;5250
TATN;5;20160215;123500;325.2000000;325.2000000;324.4500000;324.8000000;9330
TATN;5;20160215;124000;324.8000000;328.4000000;324.7000000;327.9500000;59130
TATN;5;20160215;124500;327.7000000;328.0500000;327.4500000;327.8500000;8830
TATN;5;20160215;125000;328.0500000;328.1000000;327.0500000;327.1000000;5190
TATN;5;20160215;125500;327.1500000;327.7500000;327.1500000;327.4000000;2850
TATN;5;20160215;130000;327.4000000;327.8000000;327.2500000;327.2500000;1950
TATN;5;20160215;130500;327.3000000;328.5000000;327.3000000;328.3000000;11360
TATN;5;20160215;131000;328.4000000;328.8500000;327.7500000;328.1000000;20010
TATN;5;20160215;131500;328.1000000;329.7000000;328.1000000;329.6000000;34050
TATN;5;20160215;132000;329.7000000;329.8000000;328.3000000;328.4500000;36720
TATN;5;20160215;132500;328.5000000;328.5000000;327.7500000;328.1000000;12560
TATN;5;20160215;133000;327.8500000;328.2000000;327.8500000;328.1000000;2490
TATN;5;20160215;133500;327.8000000;328.2500000;327.2500000;327.6500000;21320
TATN;5;20160215;134000;327.5000000;328.3000000;327.4500000;328.3000000;2170
TATN;5;20160215;134500;328.3000000;328.5500000;328.0500000;328.4000000;3190
TATN;5;20160215;135000;328.4000000;329.0000000;328.2000000;328.2000000;15260
TATN;5;20160215;135500;328.0000000;328.6000000;327.8500000;328.5500000;5890
TATN;5;20160215;140000;328.5000000;328.5000000;327.9000000;328.2500000;6310
TATN;5;20160215;140500;328.2500000;328.7500000;327.7000000;328.7500000;16690
TATN;5;20160215;141000;328.7500000;328.8000000;328.0000000;328.5000000;8500
TATN;5;20160215;141500;328.3500000;328.8000000;328.3500000;328.7500000;7330
TATN;5;20160215;142000;328.6000000;328.7500000;328.0500000;328.4000000;5280
TATN;5;20160215;142500;328.2500000;328.6000000;328.1500000;328.5500000;4480
TATN;5;20160215;143000;328.5500000;328.8000000;328.1500000;328.5000000;5250
TATN;5;20160215;143500;328.3500000;329.1500000;328.1500000;328.6000000;12190
TATN;5;20160215;144000;328.8000000;328.8000000;328.8000000;328.8000000;1550
TATN;5;20160215;144500;328.7500000;328.7500000;327.7500000;327.7500000;3350
TATN;5;20160215;145000;327.7500000;327.9500000;327.3500000;327.8000000;8590
TATN;5;20160215;145500;327.4500000;327.9000000;327.3000000;327.9000000;3130
TATN;5;20160215;150000;327.7500000;327.7500000;327.6500000;327.7000000;790
TATN;5;20160215;150500;327.7000000;327.7000000;327.3500000;327.4000000;3080
TATN;5;20160215;151000;327.4000000;328.5500000;327.3500000;328.2000000;9640
TATN;5;20160215;151500;328.2000000;328.5500000;327.8500000;328.2000000;7410
TATN;5;20160215;152000;327.8500000;328.5000000;327.4500000;327.8500000;20510
TATN;5;20160215;152500;327.9000000;328.3500000;327.6500000;328.1500000;7300
TATN;5;20160215;153000;327.9000000;328.6500000;327.8000000;327.9500000;12570
TATN;5;20160215;153500;327.7000000;328.4500000;327.7000000;328.1000000;10320
TATN;5;20160215;154000;328.3000000;328.3000000;327.4000000;327.8500000;7280
TATN;5;20160215;154500;327.8500000;328.3000000;327.5500000;328.3000000;3400
TATN;5;20160215;155000;328.3000000;328.3000000;327.4000000;327.5000000;5510
TATN;5;20160215;155500;327.8000000;328.1500000;327.6500000;327.6500000;4650
TATN;5;20160215;160000;327.6500000;327.9500000;327.6500000;327.7000000;4850
TATN;5;20160215;160500;327.7000000;328.0000000;327.5000000;327.9500000;15280
TATN;5;20160215;161000;327.8500000;328.3000000;327.8000000;328.1500000;13770
TATN;5;20160215;161500;328.0000000;328.3000000;327.8000000;328.2500000;11280
TATN;5;20160215;162000;328.0500000;328.1000000;328.0000000;328.0500000;740
TATN;5;20160215;162500;328.0000000;328.0000000;327.6000000;327.9000000;8010
TATN;5;20160215;163000;327.7000000;327.9000000;327.6000000;327.9000000;5280
TATN;5;20160215;163500;327.7500000;328.4500000;327.6500000;327.9500000;8400
TATN;5;20160215;164000;328.0000000;328.0500000;327.6000000;327.9000000;2800
TATN;5;20160215;164500;327.9000000;327.9000000;326.0000000;326.7000000;16270
TATN;5;20160215;165000;326.4500000;327.3000000;326.4000000;326.7000000;6290
TATN;5;20160215;165500;326.7000000;327.8500000;326.4000000;327.8000000;24220
TATN;5;20160215;170000;327.5500000;327.9500000;327.5500000;327.7500000;7290
TATN;5;20160215;170500;327.7500000;328.0500000;327.5500000;327.9000000;4580
TATN;5;20160215;171000;327.9000000;328.3000000;327.8000000;328.2000000;4330
TATN;5;20160215;171500;327.7000000;327.7000000;326.8500000;327.0000000;6900
TATN;5;20160215;172000;326.9000000;327.0500000;326.3000000;326.9000000;12650
TATN;5;20160215;172500;326.7000000;326.7000000;326.5000000;326.5000000;1140
TATN;5;20160215;173000;326.2500000;326.5500000;326.2000000;326.4000000;4880
TATN;5;20160215;173500;326.2000000;326.6000000;326.2000000;326.3500000;3300
TATN;5;20160215;174000;326.3000000;327.1500000;326.0000000;327.1500000;9260
TATN;5;20160215;174500;327.3500000;327.6000000;327.0500000;327.4500000;2840
TATN;5;20160215;175000;327.2500000;327.6500000;327.0500000;327.2500000;2940
TATN;5;20160215;175500;327.4500000;327.7500000;326.9000000;327.7000000;8220
TATN;5;20160215;180000;327.7000000;327.7000000;327.0000000;327.2500000;2680
TATN;5;20160215;180500;327.0000000;327.4000000;326.6500000;327.4000000;9920
TATN;5;20160215;181000;327.4000000;327.7000000;327.4000000;327.4500000;2040
TATN;5;20160215;181500;327.0000000;327.0000000;326.0500000;326.0500000;18000
TATN;5;20160215;182000;326.0500000;326.0500000;325.4000000;325.6000000;19960
TATN;5;20160215;182500;325.4000000;325.6000000;324.7500000;324.8500000;37570
TATN;5;20160215;183000;324.8500000;325.5500000;324.5000000;325.3500000;17560
TATN;5;20160215;183500;325.5000000;327.4000000;325.1500000;325.3000000;32860
TATN;5;20160215;184000;325.1500000;327.5500000;324.8500000;326.9000000;101640
TATN;5;20160215;185000;327.3500000;327.3500000;327.3500000;327.3500000;21060
TATN;5;20160216;100500;329.7000000;329.7500000;326.6000000;327.4000000;49060
TATN;5;20160216;101000;327.0500000;328.5000000;327.0500000;328.1000000;7370
TATN;5;20160216;101500;328.3500000;328.3500000;327.7000000;328.1000000;8650
TATN;5;20160216;102000;328.1500000;328.9000000;328.1500000;328.9000000;4390
TATN;5;20160216;102500;328.9000000;328.9000000;328.4500000;328.4500000;620
TATN;5;20160216;103000;328.8000000;328.9000000;328.2500000;328.2500000;3820
TATN;5;20160216;103500;328.8000000;328.8000000;328.3000000;328.5000000;1000
TATN;5;20160216;104000;328.6000000;328.8500000;328.5000000;328.7000000;680
TATN;5;20160216;104500;328.5000000;329.5000000;328.5000000;329.5000000;10530
TATN;5;20160216;105000;329.4000000;329.7500000;329.0000000;329.4000000;9650
TATN;5;20160216;105500;329.3000000;329.7000000;328.9500000;329.5500000;4190
TATN;5;20160216;110000;329.6500000;330.0000000;329.4000000;329.8500000;14870
TATN;5;20160216;110500;329.9000000;330.0000000;329.5500000;330.0000000;35440
TATN;5;20160216;111000;329.9500000;330.0000000;329.7000000;329.7000000;21550
TATN;5;20160216;111500;329.9000000;329.9000000;329.3500000;329.5500000;13360
TATN;5;20160216;112000;329.5500000;329.9000000;329.1000000;329.7500000;14840
TATN;5;20160216;112500;329.8500000;329.9500000;329.3500000;329.4000000;5440
TATN;5;20160216;113000;329.4000000;329.8000000;328.5000000;328.9000000;12410
TATN;5;20160216;113500;328.7000000;328.7500000;328.5000000;328.7500000;1450
TATN;5;20160216;114000;328.5500000;328.8000000;328.2000000;328.6500000;5880
TATN;5;20160216;114500;328.7000000;328.8000000;328.7000000;328.8000000;1250
TATN;5;20160216;115000;328.8500000;328.8500000;328.7000000;328.7000000;1110
TATN;5;20160216;115500;328.5500000;328.6000000;328.1000000;328.1500000;8210
TATN;5;20160216;120000;328.1500000;328.8000000;327.8500000;328.0500000;32120
TATN;5;20160216;120500;328.1000000;328.2500000;327.1000000;328.0000000;39990
TATN;5;20160216;121000;327.4500000;328.2500000;325.8000000;326.4000000;43400
TATN;5;20160216;121500;326.4000000;326.6000000;325.2000000;326.2500000;32770
TATN;5;20160216;122000;326.5500000;327.1500000;325.5000000;326.2000000;11440
TATN;5;20160216;123000;326.7500000;326.8000000;325.7500000;325.7500000;3500
TATN;5;20160216;123500;326.0000000;327.2000000;326.0000000;327.2000000;7730
TATN;5;20160216;124000;327.3000000;327.4000000;327.0000000;327.4000000;2310
TATN;5;20160216;124500;327.4000000;327.6000000;326.0500000;326.0500000;9600
TATN;5;20160216;125000;326.4500000;326.5500000;326.0500000;326.0500000;2500
TATN;5;20160216;125500;326.0500000;326.4000000;325.4500000;325.6000000;11690
TATN;5;20160216;130000;325.6000000;326.0500000;325.5000000;325.9000000;10250
TATN;5;20160216;130500;325.9000000;326.1500000;325.5500000;325.6500000;5230
TATN;5;20160216;131000;325.9000000;326.0500000;325.7000000;325.9000000;3590
TATN;5;20160216;131500;325.9000000;326.5500000;325.8000000;326.5500000;3880
TATN;5;20160216;132000;326.8500000;326.8500000;326.8500000;326.8500000;10
TATN;5;20160216;132500;326.5500000;326.6000000;326.4000000;326.6000000;4200
TATN;5;20160216;133000;326.8000000;326.9500000;326.8000000;326.9500000;1850
TATN;5;20160216;133500;327.0000000;327.1000000;326.7000000;326.7000000;3120
TATN;5;20160216;134000;326.5000000;326.5000000;325.6000000;326.0000000;9930
TATN;5;20160216;134500;325.7500000;326.0500000;325.6500000;326.0500000;870
TATN;5;20160216;135000;325.7500000;325.7500000;325.7000000;325.7000000;90
TATN;5;20160216;135500;325.7000000;325.9000000;325.4000000;325.8500000;7070
TATN;5;20160216;140000;325.8500000;325.9500000;325.5000000;325.9500000;6570
TATN;5;20160216;140500;325.7500000;325.7500000;325.7500000;325.7500000;40
TATN;5;20160216;141000;326.2500000;326.5000000;326.0500000;326.0500000;940
TATN;5;20160216;141500;325.9500000;326.0500000;325.9000000;325.9000000;390
TATN;5;20160216;142000;326.0500000;326.2500000;326.0500000;326.2500000;3300
TATN;5;20160216;142500;326.0000000;326.0000000;325.5500000;325.7000000;12900
TATN;5;20160216;143000;325.6500000;326.1500000;325.3500000;325.7500000;9700
TATN;5;20160216;143500;326.0500000;326.0500000;325.6500000;325.6500000;3690
TATN;5;20160216;144000;325.6500000;326.1000000;325.5500000;326.1000000;3540
TATN;5;20160216;144500;325.9000000;326.0000000;325.7000000;325.7500000;790
TATN;5;20160216;145000;325.7500000;326.0000000;325.6000000;325.7000000;4260
TATN;5;20160216;145500;325.6500000;325.7000000;325.6000000;325.7000000;1810
TATN;5;20160216;150000;325.9500000;326.7500000;325.9500000;326.7500000;2500
TATN;5;20160216;150500;326.4000000;326.4000000;326.0500000;326.0500000;120
TATN;5;20160216;151000;326.3500000;326.7000000;326.3500000;326.7000000;1180
TATN;5;20160216;151500;326.5000000;326.8000000;326.4500000;326.8000000;1950
TATN;5;20160216;152000;326.8000000;326.8000000;326.4000000;326.8000000;790
TATN;5;20160216;152500;326.8000000;326.9000000;326.2500000;326.2500000;2920
TATN;5;20160216;153000;326.2500000;327.7000000;326.2500000;327.6000000;10130
TATN;5;20160216;153500;327.7500000;328.7500000;327.7500000;327.9500000;16520
TATN;5;20160216;154000;328.0000000;328.5000000;327.7500000;328.5000000;5670
TATN;5;20160216;154500;328.2000000;328.5500000;328.2000000;328.2500000;6440
TATN;5;20160216;155000;328.1000000;328.2500000;327.7500000;327.9500000;5320
TATN;5;20160216;155500;328.0500000;328.1500000;327.8000000;327.8000000;1010
TATN;5;20160216;160000;327.7500000;328.5500000;327.7500000;328.3500000;5960
TATN;5;20160216;160500;328.3500000;328.3500000;326.8500000;326.9000000;5100
TATN;5;20160216;161000;326.7500000;326.7500000;325.3500000;325.3500000;34440
TATN;5;20160216;161500;325.4000000;325.9500000;325.3500000;325.9500000;5390
TATN;5;20160216;162000;325.9500000;326.6000000;325.9500000;326.1500000;6540
TATN;5;20160216;162500;326.1500000;326.3000000;325.9500000;326.1500000;1400
TATN;5;20160216;163000;326.3000000;326.5000000;325.8000000;326.0500000;7830
TATN;5;20160216;163500;326.2000000;327.3000000;326.0000000;327.2000000;26900
TATN;5;20160216;164000;327.2500000;327.2500000;326.0000000;326.0000000;16940
TATN;5;20160216;164500;326.0000000;326.3000000;325.3500000;325.9500000;17530
TATN;5;20160216;165000;325.9500000;326.5500000;325.6000000;326.3500000;12490
TATN;5;20160216;165500;326.4500000;328.2000000;326.2500000;327.4500000;35900
TATN;5;20160216;170000;327.6500000;328.0000000;327.4500000;327.9000000;14390
TATN;5;20160216;170500;327.9000000;328.0000000;327.1500000;327.3000000;21340
TATN;5;20160216;171000;327.5000000;327.6500000;326.7000000;326.9000000;8540
TATN;5;20160216;171500;326.9000000;327.4500000;326.5500000;327.0000000;14180
TATN;5;20160216;172000;326.9500000;327.4500000;326.9500000;327.4500000;1670
TATN;5;20160216;172500;327.4500000;327.8500000;327.4500000;327.8000000;2580
TATN;5;20160216;173000;327.7500000;327.7500000;327.5500000;327.7500000;2550
TATN;5;20160216;173500;327.8500000;328.2000000;327.3500000;328.2000000;16610
TATN;5;20160216;174000;328.2000000;328.6500000;328.1000000;328.1000000;14090
TATN;5;20160216;174500;328.0500000;328.7000000;327.8000000;328.7000000;4750
TATN;5;20160216;175000;328.6000000;328.8000000;327.6000000;327.6000000;8210
TATN;5;20160216;175500;327.4000000;327.5500000;325.6500000;326.2500000;17150
TATN;5;20160216;180000;326.4500000;326.5000000;325.6500000;325.6500000;6470
TATN;5;20160216;180500;325.6500000;326.8000000;325.5500000;326.2000000;11910
TATN;5;20160216;181000;326.1000000;326.3500000;324.4500000;325.9500000;35930
TATN;5;20160216;181500;325.4500000;326.2500000;325.0000000;325.9000000;6550
TATN;5;20160216;182000;325.7500000;326.1000000;325.0500000;325.0500000;6600
TATN;5;20160216;182500;325.0500000;328.1500000;324.6000000;327.1500000;87700
TATN;5;20160216;183000;327.1500000;327.2500000;326.5000000;326.7500000;17240
TATN;5;20160216;183500;326.5500000;326.5500000;325.5000000;326.1500000;27740
TATN;5;20160216;184000;326.0500000;327.6500000;326.0000000;327.4000000;60970
TATN;5;20160216;185000;327.7000000;327.7000000;327.7000000;327.7000000;23600
TATN;5;20160217;100500;326.2000000;328.4000000;326.2000000;326.9500000;24820
TATN;5;20160217;101000;327.0000000;327.5500000;327.0000000;327.5000000;6010
TATN;5;20160217;101500;327.2500000;327.4500000;326.2500000;327.2000000;23990
TATN;5;20160217;102000;327.1000000;327.1500000;326.8000000;326.8500000;780
TATN;5;20160217;102500;326.5500000;326.5500000;325.8000000;326.4000000;11120
TATN;5;20160217;103000;326.4500000;326.5000000;326.0500000;326.0500000;2660
TATN;5;20160217;103500;326.2500000;326.2500000;325.6000000;325.8500000;7340
TATN;5;20160217;104000;325.8000000;325.9000000;325.6000000;325.9000000;3000
TATN;5;20160217;104500;325.9000000;326.0500000;325.9000000;326.0500000;1950
TATN;5;20160217;105000;326.0500000;326.2000000;326.0000000;326.2000000;5690
TATN;5;20160217;105500;326.2000000;326.2500000;326.0000000;326.2500000;1040
TATN;5;20160217;110000;326.2500000;327.0000000;326.0000000;326.7000000;10180
TATN;5;20160217;110500;326.9500000;327.4000000;326.6500000;327.0500000;3490
TATN;5;20160217;111000;327.2500000;327.3500000;327.0000000;327.3500000;1580
TATN;5;20160217;111500;327.1500000;327.5000000;327.1500000;327.3000000;4220
TATN;5;20160217;112000;327.3000000;327.7500000;327.2000000;327.7000000;20010
TATN;5;20160217;112500;327.7000000;327.7500000;327.3500000;327.6000000;10460
TATN;5;20160217;113000;327.6000000;327.7000000;327.2000000;327.6500000;2910
TATN;5;20160217;113500;327.6500000;328.3000000;327.4500000;327.7000000;57630
TATN;5;20160217;114000;328.1000000;328.2000000;327.2500000;328.2000000;34880
TATN;5;20160217;114500;328.2000000;328.5000000;328.0000000;328.5000000;12900
TATN;5;20160217;115000;328.5000000;330.0000000;328.4500000;329.9000000;57780
TATN;5;20160217;115500;329.9000000;330.0000000;329.5000000;329.9500000;15270
TATN;5;20160217;120000;329.9000000;329.9500000;329.6500000;329.7500000;9750
TATN;5;20160217;120500;329.9000000;330.0000000;328.5500000;328.6000000;31020
TATN;5;20160217;121000;328.8500000;329.0000000;328.7000000;328.8500000;4500
TATN;5;20160217;121500;328.9500000;328.9500000;327.7500000;328.2000000;32420
TATN;5;20160217;122000;328.3500000;329.4000000;328.2000000;329.2500000;7790
TATN;5;20160217;122500;329.2500000;329.3500000;328.9500000;328.9500000;940
TATN;5;20160217;123000;329.1500000;329.3500000;328.8500000;329.1000000;2480
TATN;5;20160217;123500;329.1000000;330.0000000;329.1000000;329.6500000;26580
TATN;5;20160217;124000;329.6000000;329.8500000;329.3500000;329.3500000;1350
TATN;5;20160217;124500;329.5500000;329.9500000;329.2000000;329.3000000;5760
TATN;5;20160217;125000;329.3500000;330.0000000;329.3500000;329.9500000;9790
TATN;5;20160217;125500;329.9000000;330.0000000;329.5500000;329.6000000;22200
TATN;5;20160217;130000;329.6000000;330.9500000;329.6000000;330.8500000;32220
TATN;5;20160217;130500;330.7000000;331.4000000;330.2500000;330.2500000;16090
TATN;5;20160217;131000;330.2500000;330.5000000;329.7000000;330.3000000;3110
TATN;5;20160217;131500;330.3500000;330.5000000;329.9000000;329.9000000;2100
TATN;5;20160217;132000;329.9000000;330.5000000;329.6500000;330.3000000;6560
TATN;5;20160217;132500;330.0000000;330.2500000;329.5000000;330.0000000;14160
TATN;5;20160217;133000;330.1000000;330.3000000;329.7000000;329.8000000;6390
TATN;5;20160217;133500;329.7000000;329.7000000;328.1000000;329.1500000;37180
TATN;5;20160217;134000;329.0000000;329.0000000;327.7500000;327.7500000;19080
TATN;5;20160217;134500;327.7500000;328.0000000;327.4000000;327.9500000;8180
TATN;5;20160217;135000;327.9500000;327.9500000;327.5000000;327.6500000;1880
TATN;5;20160217;135500;327.7500000;327.8000000;327.3000000;327.8000000;8490
TATN;5;20160217;140000;327.6000000;327.9500000;327.4500000;327.9500000;4860
TATN;5;20160217;140500;327.9000000;328.1000000;327.8000000;328.1000000;1280
TATN;5;20160217;141000;328.2500000;328.8000000;328.2500000;328.3000000;4050
TATN;5;20160217;141500;328.5500000;328.5500000;327.8000000;327.8000000;1740
TATN;5;20160217;142000;328.0000000;328.0500000;327.8000000;328.0500000;1230
TATN;5;20160217;142500;328.0500000;328.0500000;327.6500000;328.0500000;1440
TATN;5;20160217;143000;328.0500000;328.2500000;327.9500000;327.9500000;1940
TATN;5;20160217;143500;328.4500000;329.3000000;328.4500000;328.9500000;4420
TATN;5;20160217;144000;329.0000000;329.0000000;328.6000000;328.9000000;1940
TATN;5;20160217;144500;328.7000000;328.7000000;328.7000000;328.7000000;170
TATN;5;20160217;145000;329.0000000;329.0000000;329.0000000;329.0000000;220
TATN;5;20160217;145500;329.0500000;329.4000000;329.0500000;329.4000000;2150
TATN;5;20160217;150000;329.4000000;329.5000000;329.2500000;329.2500000;1450
TATN;5;20160217;150500;329.1500000;329.4000000;329.0000000;329.1500000;7180
TATN;5;20160217;151000;329.0500000;329.0500000;328.8500000;328.8500000;1200
TATN;5;20160217;151500;329.0000000;329.0000000;329.0000000;329.0000000;600
TATN;5;20160217;152000;329.1000000;329.1000000;329.1000000;329.1000000;100
TATN;5;20160217;152500;329.0000000;329.1000000;329.0000000;329.1000000;730
TATN;5;20160217;153000;329.0000000;329.1500000;329.0000000;329.0000000;1660
TATN;5;20160217;153500;329.2000000;330.3000000;329.0500000;330.3000000;22720
TATN;5;20160217;154000;330.3500000;330.5000000;330.1000000;330.4500000;12300
TATN;5;20160217;154500;330.5000000;330.7000000;330.1000000;330.3000000;5220
TATN;5;20160217;155000;330.2500000;330.4000000;329.5500000;330.4000000;8590
TATN;5;20160217;155500;330.4000000;330.7000000;330.4000000;330.4500000;3720
TATN;5;20160217;160000;330.4000000;330.8000000;330.3000000;330.7500000;6980
TATN;5;20160217;160500;330.7000000;330.7000000;329.8000000;329.8000000;1810
TATN;5;20160217;161000;329.8000000;330.0000000;329.6000000;329.8000000;4530
TATN;5;20160217;161500;329.8000000;330.0000000;329.6000000;329.6500000;2440
TATN;5;20160217;162000;329.6000000;330.0000000;329.5000000;329.7000000;7090
TATN;5;20160217;162500;329.7000000;329.9500000;329.6500000;329.9500000;430
TATN;5;20160217;163000;329.7000000;330.0000000;329.7000000;329.7000000;5300
TATN;5;20160217;163500;329.9500000;330.0000000;329.6500000;330.0000000;1290
TATN;5;20160217;164000;329.9500000;330.1500000;329.6500000;329.7000000;3000
TATN;5;20160217;164500;330.0500000;330.0500000;329.1500000;329.6000000;5360
TATN;5;20160217;165000;329.2000000;330.2500000;328.7000000;329.9000000;24130
TATN;5;20160217;165500;330.0500000;330.5000000;329.0000000;329.4000000;14090
TATN;5;20160217;170000;329.5500000;330.1500000;329.5500000;330.1500000;2850
TATN;5;20160217;170500;329.9500000;330.9000000;329.5500000;330.1500000;49210
TATN;5;20160217;171000;330.4500000;330.8000000;330.0500000;330.5000000;18010
TATN;5;20160217;171500;330.6000000;330.7000000;330.1500000;330.6500000;3380
TATN;5;20160217;172000;330.5500000;330.5500000;329.3500000;329.3500000;13500
TATN;5;20160217;172500;329.3000000;329.5000000;328.5500000;329.3000000;15610
TATN;5;20160217;173000;329.1500000;329.1500000;327.9000000;328.8000000;21010
TATN;5;20160217;173500;328.7500000;329.5500000;328.4000000;328.4000000;13610
TATN;5;20160217;174000;328.6000000;329.8000000;328.4000000;329.3000000;13040
TATN;5;20160217;174500;329.3500000;329.9500000;329.2500000;329.3000000;12150
TATN;5;20160217;175000;329.2500000;329.9500000;329.1500000;329.6500000;8060
TATN;5;20160217;175500;329.6500000;330.2000000;329.2500000;329.8000000;7320
TATN;5;20160217;180000;329.6500000;329.7500000;329.0500000;329.2500000;1890
TATN;5;20160217;180500;329.5000000;329.8000000;329.3500000;329.7000000;2030
TATN;5;20160217;181000;329.5000000;329.8500000;329.2000000;329.2000000;6380
TATN;5;20160217;181500;329.2000000;329.8500000;329.2000000;329.4500000;1480
TATN;5;20160217;182000;329.8500000;332.5000000;329.8500000;331.8000000;49380
TATN;5;20160217;182500;331.8000000;331.8000000;329.6000000;329.6000000;27150
TATN;5;20160217;183000;329.6500000;329.8500000;328.0000000;328.5500000;38770
TATN;5;20160217;183500;328.4000000;329.0000000;328.2500000;328.5000000;20890
TATN;5;20160217;184000;328.5000000;328.9500000;327.0000000;327.0000000;72060
TATN;5;20160217;185000;327.9000000;327.9000000;327.9000000;327.9000000;10370
TATN;5;20160218;100500;330.0500000;331.7000000;328.7000000;330.2000000;55580
TATN;5;20160218;101000;330.1500000;330.3500000;330.0000000;330.0000000;10360
TATN;5;20160218;101500;330.0000000;330.3500000;329.6000000;330.0000000;9160
TATN;5;20160218;102000;329.8000000;329.9500000;329.0000000;329.7000000;13950
TATN;5;20160218;102500;329.8000000;330.8000000;329.7000000;330.7500000;24870
TATN;5;20160218;103000;330.7500000;331.3500000;330.6500000;330.9500000;17470
TATN;5;20160218;103500;330.9500000;330.9500000;330.3500000;330.6500000;5980
TATN;5;20160218;104000;330.6500000;330.7000000;330.1000000;330.5000000;8980
TATN;5;20160218;104500;330.2500000;330.5000000;329.7500000;330.0500000;4640
TATN;5;20160218;105000;329.8000000;330.7000000;329.8000000;330.0500000;9200
TATN;5;20160218;105500;330.1000000;330.3500000;329.6000000;329.7000000;3890
TATN;5;20160218;110000;329.6500000;329.6500000;329.1500000;329.6000000;7450
TATN;5;20160218;110500;329.6000000;330.2000000;329.0000000;329.3000000;24350
TATN;5;20160218;111000;329.0500000;329.4000000;328.5500000;328.8500000;18510
TATN;5;20160218;111500;328.8500000;329.2500000;328.7000000;328.7500000;10120
TATN;5;20160218;112000;328.8000000;328.8500000;328.2000000;328.5000000;23170
TATN;5;20160218;112500;328.2500000;328.5000000;328.0000000;328.1500000;10440
TATN;5;20160218;113000;328.1000000;328.3000000;328.0000000;328.1000000;18870
TATN;5;20160218;113500;328.2500000;328.3000000;327.3000000;327.6000000;20810
TATN;5;20160218;114000;327.4000000;327.8000000;327.3000000;327.3500000;15710
TATN;5;20160218;114500;327.3500000;327.9000000;327.0000000;327.9000000;26210
TATN;5;20160218;115000;328.0000000;328.0000000;327.0000000;327.0000000;5630
TATN;5;20160218;115500;327.2000000;327.2500000;326.1500000;326.8500000;41350
TATN;5;20160218;120000;327.0000000;327.0000000;326.4000000;326.7000000;9070
TATN;5;20160218;120500;326.5000000;327.1500000;326.1000000;327.1500000;25880
TATN;5;20160218;121000;327.1500000;327.2000000;326.4500000;327.1000000;18430
TATN;5;20160218;121500;327.2000000;327.6000000;326.7000000;327.6000000;9220
TATN;5;20160218;122000;327.4500000;327.6500000;326.9000000;327.3500000;4870
TATN;5;20160218;122500;327.0000000;327.0000000;326.6000000;326.7500000;10310
TATN;5;20160218;123000;326.6000000;326.8000000;326.3000000;326.6500000;14650
TATN;5;20160218;123500;326.7000000;326.7000000;326.0500000;326.0500000;13510
TATN;5;20160218;124000;326.2000000;326.9000000;326.0500000;326.9000000;13290
TATN;5;20160218;124500;326.9500000;328.9000000;326.9500000;327.5500000;49360
TATN;5;20160218;125000;327.9000000;328.5500000;327.6500000;328.4000000;33190
TATN;5;20160218;125500;328.4000000;328.6500000;328.1500000;328.2500000;17150
TATN;5;20160218;130000;328.4500000;329.0000000;328.4500000;329.0000000;15720
TATN;5;20160218;130500;328.8000000;329.7000000;328.7500000;329.6500000;57080
TATN;5;20160218;131000;329.6500000;329.8000000;329.1000000;329.8000000;21600
TATN;5;20160218;131500;329.8000000;330.3000000;329.2000000;329.5000000;17780
TATN;5;20160218;132000;329.5000000;330.7000000;329.4500000;330.7000000;51920
TATN;5;20160218;132500;330.7000000;331.5000000;330.4000000;331.3000000;76490
TATN;5;20160218;133000;331.4500000;332.0000000;330.9000000;330.9000000;63690
TATN;5;20160218;133500;330.9000000;331.8500000;330.9000000;331.8000000;14620
TATN;5;20160218;134000;331.8000000;331.9000000;331.2500000;331.9000000;24630
TATN;5;20160218;134500;331.8500000;332.0000000;331.1500000;331.2000000;16340
TATN;5;20160218;135000;331.3000000;331.3500000;330.6000000;330.8000000;8640
TATN;5;20160218;135500;330.7500000;330.9500000;330.0000000;330.1000000;14630
TATN;5;20160218;140000;330.2000000;330.4000000;330.0000000;330.1000000;11250
TATN;5;20160218;140500;330.2500000;330.3500000;330.1000000;330.1500000;6590
TATN;5;20160218;141000;330.2000000;331.1000000;330.1000000;330.8000000;26960
TATN;5;20160218;141500;330.4500000;330.7000000;330.2000000;330.2000000;3480
TATN;5;20160218;142000;330.3500000;330.5500000;330.2000000;330.3500000;8360
TATN;5;20160218;142500;330.1500000;330.3500000;330.0000000;330.1000000;12630
TATN;5;20160218;143000;330.2500000;330.2500000;328.2500000;328.6500000;27890
TATN;5;20160218;143500;328.7000000;328.7000000;328.0000000;328.4000000;31480
TATN;5;20160218;144000;328.4000000;328.5500000;328.0500000;328.4500000;18890
TATN;5;20160218;144500;328.2500000;328.5000000;328.1500000;328.3500000;10120
TATN;5;20160218;145000;328.5000000;329.0500000;328.3000000;329.0000000;9510
TATN;5;20160218;145500;329.0500000;329.1500000;328.6500000;328.6500000;6450
TATN;5;20160218;150000;328.8000000;328.9000000;328.2500000;328.5500000;19990
TATN;5;20160218;150500;328.6000000;328.6500000;328.1000000;328.5500000;11240
TATN;5;20160218;151000;328.5000000;328.5500000;327.9000000;328.5500000;24460
TATN;5;20160218;151500;328.6000000;329.2000000;328.3000000;329.1500000;8190
TATN;5;20160218;152000;328.8500000;329.1500000;328.6000000;328.9000000;7780
TATN;5;20160218;152500;328.7500000;329.3500000;328.6500000;328.9000000;7920
TATN;5;20160218;153000;328.9000000;329.0000000;328.6500000;328.9500000;6250
TATN;5;20160218;153500;328.9000000;328.9000000;327.9000000;328.1000000;21370
TATN;5;20160218;154000;328.2000000;328.4500000;327.9000000;328.2000000;18050
TATN;5;20160218;154500;328.2000000;328.4000000;328.0500000;328.0500000;5710
TATN;5;20160218;155000;328.0500000;328.1000000;327.3000000;327.3000000;14770
TATN;5;20160218;155500;327.5000000;327.8000000;327.1000000;327.1000000;15800
TATN;5;20160218;160000;327.1000000;327.2500000;326.6500000;327.0000000;19940
TATN;5;20160218;160500;326.8500000;327.2000000;326.7000000;326.9000000;33730
TATN;5;20160218;161000;326.8500000;326.9500000;326.5500000;326.9500000;3970
TATN;5;20160218;161500;326.9500000;327.2500000;326.6500000;326.9000000;7040
TATN;5;20160218;162000;326.7000000;326.9000000;326.3000000;326.3500000;39710
TATN;5;20160218;162500;326.3500000;326.5500000;326.1000000;326.3500000;25110
TATN;5;20160218;163000;326.4000000;326.7000000;326.3000000;326.4000000;8350
TATN;5;20160218;163500;326.6500000;326.6500000;326.3000000;326.6000000;13430
TATN;5;20160218;164000;326.6000000;326.7000000;326.2500000;326.6000000;14310
TATN;5;20160218;164500;326.4000000;327.2500000;326.2500000;327.2500000;28490
TATN;5;20160218;165000;327.1500000;327.3000000;326.7500000;327.2000000;17140
TATN;5;20160218;165500;327.2500000;328.0500000;326.8500000;327.7500000;27670
TATN;5;20160218;170000;327.7000000;328.3000000;327.2000000;327.7000000;39400
TATN;5;20160218;170500;328.0000000;328.6500000;327.1500000;327.1500000;16140
TATN;5;20160218;171000;327.1500000;327.6000000;326.8500000;327.6000000;8570
TATN;5;20160218;171500;327.6000000;328.4000000;327.6000000;327.7500000;12560
TATN;5;20160218;172000;328.0000000;328.0000000;327.3500000;327.9000000;12150
TATN;5;20160218;172500;327.9000000;328.0000000;327.0500000;327.1500000;12150
TATN;5;20160218;173000;327.2000000;327.2500000;326.4500000;327.2500000;12800
TATN;5;20160218;173500;327.4000000;327.7500000;327.1000000;327.7500000;33330
TATN;5;20160218;174000;327.7000000;327.9000000;327.1000000;327.5000000;21250
TATN;5;20160218;174500;327.5000000;328.7000000;327.5000000;328.6500000;46480
TATN;5;20160218;175000;328.6500000;328.7500000;327.5000000;327.7500000;14210
TATN;5;20160218;175500;327.9500000;327.9500000;327.4500000;327.7500000;5710
TATN;5;20160218;180000;327.8000000;327.8000000;327.2500000;327.3000000;3630
TATN;5;20160218;180500;327.3000000;327.4500000;327.1000000;327.3000000;16350
TATN;5;20160218;181000;327.3000000;327.4000000;326.5000000;326.8000000;15850
TATN;5;20160218;181500;326.9000000;327.0500000;326.4500000;326.6500000;9530
TATN;5;20160218;182000;326.7000000;326.9000000;326.2500000;326.4500000;23230
TATN;5;20160218;182500;326.5000000;326.6500000;325.4000000;325.7000000;29710
TATN;5;20160218;183000;325.7000000;325.8500000;325.1000000;325.1000000;23920
TATN;5;20160218;183500;325.3500000;326.9000000;325.0500000;326.8500000;28270
TATN;5;20160218;184000;326.9000000;326.9000000;323.8500000;323.9500000;106690
TATN;5;20160218;185000;327.1000000;327.1000000;327.1000000;327.1000000;72240
TATN;5;20160219;100500;325.4000000;325.4000000;321.3500000;322.0000000;35850
TATN;5;20160219;101000;322.0500000;322.6000000;322.0000000;322.1000000;10800
TATN;5;20160219;101500;322.1000000;323.0000000;322.0500000;322.5500000;14830
TATN;5;20160219;102000;322.6000000;323.1000000;322.1000000;322.1000000;15000
TATN;5;20160219;102500;322.3000000;322.3000000;322.0000000;322.1500000;7050
TATN;5;20160219;103000;322.0000000;322.4500000;322.0000000;322.4500000;11310
TATN;5;20160219;103500;322.5000000;322.7500000;322.4500000;322.5000000;2190
TATN;5;20160219;104000;322.7000000;322.8000000;322.5000000;322.8000000;3370
TATN;5;20160219;104500;322.9000000;323.0000000;322.6000000;322.9500000;5510
TATN;5;20160219;105000;322.7500000;323.3500000;322.6000000;323.3500000;5710
TATN;5;20160219;105500;323.3500000;323.4000000;323.1500000;323.4000000;1790
TATN;5;20160219;110000;323.4000000;323.6000000;323.2000000;323.6000000;3660
TATN;5;20160219;110500;323.6000000;324.3000000;323.2000000;323.3500000;14680
TATN;5;20160219;111000;323.7500000;323.9000000;323.0500000;323.7500000;10120
TATN;5;20160219;111500;323.6500000;324.0500000;323.1500000;323.9000000;26100
TATN;5;20160219;112000;323.8500000;324.6000000;323.4000000;324.6000000;20330
TATN;5;20160219;112500;324.6000000;325.5000000;324.3000000;325.4000000;17580
TATN;5;20160219;113000;325.4000000;326.0000000;324.4500000;325.9000000;41010
TATN;5;20160219;113500;325.8000000;326.0000000;325.3500000;325.8000000;13210
TATN;5;20160219;114000;325.9500000;326.7000000;325.8000000;326.3000000;24270
TATN;5;20160219;114500;326.5000000;328.0000000;326.3500000;327.9000000;40710
TATN;5;20160219;115000;327.9000000;327.9000000;326.7000000;326.9000000;17040
TATN;5;20160219;115500;326.9000000;327.7500000;326.9000000;327.5500000;8960
TATN;5;20160219;120000;327.5500000;327.5500000;326.8000000;327.3000000;10200
TATN;5;20160219;120500;327.2500000;327.5000000;326.1000000;326.5500000;16960
TATN;5;20160219;121000;326.6000000;326.6000000;325.5500000;326.2000000;10940
TATN;5;20160219;121500;326.1500000;326.5500000;325.7500000;326.1000000;5050
TATN;5;20160219;122000;325.9000000;326.2500000;325.7500000;325.9500000;4020
TATN;5;20160219;122500;325.9500000;326.0000000;324.4500000;325.3500000;19130
TATN;5;20160219;123000;325.1500000;326.1500000;324.9000000;325.6500000;10970
TATN;5;20160219;123500;325.7000000;325.8500000;324.5500000;325.0500000;15330
TATN;5;20160219;124000;325.0000000;325.0500000;324.2500000;324.6500000;12350
TATN;5;20160219;124500;324.6500000;325.0500000;324.2000000;324.8500000;11760
TATN;5;20160219;125000;324.5500000;324.8000000;324.2500000;324.6500000;4110
TATN;5;20160219;125500;324.8500000;325.3500000;324.4000000;324.7000000;5680
TATN;5;20160219;130000;324.8500000;325.3500000;324.4000000;325.3500000;10920
TATN;5;20160219;130500;325.2500000;325.3500000;324.1000000;324.3500000;9840
TATN;5;20160219;131000;324.1000000;324.2000000;323.3000000;323.7500000;28340
TATN;5;20160219;131500;323.7500000;324.1500000;323.6000000;323.9500000;2910
TATN;5;20160219;132000;323.9500000;324.5500000;323.8000000;324.5500000;4450
TATN;5;20160219;132500;324.8500000;324.9500000;324.6000000;324.9500000;1290
TATN;5;20160219;133000;324.7000000;324.9500000;324.4500000;324.9500000;1840
TATN;5;20160219;133500;324.9500000;325.1000000;324.6500000;325.0500000;2200
TATN;5;20160219;134000;325.0500000;325.0500000;324.0000000;324.4500000;5100
TATN;5;20160219;134500;324.0000000;324.4000000;323.7000000;324.1000000;4910
TATN;5;20160219;135000;323.8000000;324.1000000;323.2000000;323.7500000;9890
TATN;5;20160219;135500;323.7500000;323.7500000;323.3000000;323.6000000;7320
TATN;5;20160219;140000;323.6000000;323.8000000;323.3000000;323.3000000;3840
TATN;5;20160219;140500;323.2500000;323.5500000;323.0000000;323.3000000;15320
TATN;5;20160219;141000;323.6000000;324.2500000;323.6000000;323.9500000;6340
TATN;5;20160219;141500;323.7500000;323.9500000;323.2000000;323.4500000;10610
TATN;5;20160219;142000;323.5000000;323.6000000;322.4000000;323.0000000;17700
TATN;5;20160219;142500;322.7000000;322.9500000;322.3500000;322.3500000;7450
TATN;5;20160219;143000;322.3500000;322.7000000;321.7500000;322.2500000;43700
TATN;5;20160219;143500;322.3500000;323.0500000;322.1000000;322.4500000;12650
TATN;5;20160219;144000;322.4500000;322.7000000;321.9000000;322.0500000;16360
TATN;5;20160219;144500;322.5000000;322.8000000;320.3500000;321.2000000;49620
TATN;5;20160219;145000;321.2000000;321.8000000;320.4500000;321.8000000;12650
TATN;5;20160219;145500;321.8000000;321.9500000;320.5500000;320.8500000;16660
TATN;5;20160219;150000;320.6000000;322.1000000;320.5500000;321.2500000;42250
TATN;5;20160219;150500;321.2000000;321.3500000;320.7500000;321.0500000;13980
TATN;5;20160219;151000;321.1000000;321.4500000;321.0000000;321.0500000;36420
TATN;5;20160219;151500;321.1000000;321.4000000;321.0000000;321.0500000;21330
TATN;5;20160219;152000;321.0500000;321.5500000;320.7500000;320.7500000;16420
TATN;5;20160219;152500;320.8000000;320.9000000;320.3000000;320.6000000;9140
TATN;5;20160219;153000;320.6500000;320.8000000;320.3000000;320.3500000;7970
TATN;5;20160219;153500;320.3500000;321.1500000;320.3500000;320.5000000;23020
TATN;5;20160219;154000;320.6500000;321.4500000;320.6500000;321.0000000;11170
TATN;5;20160219;154500;321.1500000;321.8000000;321.1500000;321.7500000;4490
TATN;5;20160219;155000;321.6500000;322.5000000;321.6500000;321.9500000;13150
TATN;5;20160219;155500;321.9000000;322.2000000;321.9000000;322.2000000;760
TATN;5;20160219;160000;322.2000000;322.7000000;322.2000000;322.3500000;13600
TATN;5;20160219;160500;322.7000000;322.8000000;322.5500000;322.5500000;1090
TATN;5;20160219;161000;322.4000000;322.4500000;321.8000000;322.0500000;6470
TATN;5;20160219;161500;321.9000000;322.2000000;321.5000000;322.0500000;9020
TATN;5;20160219;162000;322.3000000;322.4500000;320.7000000;320.8000000;20200
TATN;5;20160219;162500;320.8000000;321.0500000;320.5500000;321.0000000;21150
TATN;5;20160219;163000;321.0000000;321.0000000;320.2500000;320.4000000;26980
TATN;5;20160219;163500;320.4000000;320.5500000;320.0500000;320.1500000;10390
TATN;5;20160219;164000;320.1500000;320.1500000;317.6000000;319.5500000;78930
TATN;5;20160219;164500;319.5000000;319.5000000;318.0000000;318.8500000;43460
TATN;5;20160219;165000;318.9000000;318.9000000;317.7000000;317.7500000;61120
TATN;5;20160219;165500;317.7500000;318.1500000;317.1000000;317.5000000;59020
TATN;5;20160219;170000;317.5000000;317.5000000;316.0000000;317.4000000;77860
TATN;5;20160219;170500;317.2000000;318.3000000;317.0000000;317.5000000;22410
TATN;5;20160219;171000;317.5500000;319.5000000;317.4000000;319.2000000;13030
TATN;5;20160219;171500;319.1500000;319.3000000;317.8500000;318.7500000;7980
TATN;5;20160219;172000;318.6500000;319.0000000;317.9500000;318.1000000;15470
TATN;5;20160219;172500;318.2000000;318.2000000;317.5000000;318.0000000;11580
TATN;5;20160219;173000;318.1500000;319.2500000;318.1500000;319.0000000;14190
TATN;5;20160219;173500;318.9500000;318.9500000;317.4000000;317.5000000;37720
TATN;5;20160219;174000;317.5500000;317.7500000;316.0000000;316.0000000;39170
TATN;5;20160219;174500;316.0000000;318.2000000;316.0000000;318.2000000;20430
TATN;5;20160219;175000;318.1000000;318.7500000;316.1000000;316.1000000;21730
TATN;5;20160219;175500;316.2000000;316.9000000;316.0000000;316.9000000;20570
TATN;5;20160219;180000;316.6500000;317.0000000;316.6000000;316.7000000;6590
TATN;5;20160219;180500;316.7500000;316.7500000;316.0000000;316.5500000;28280
TATN;5;20160219;181000;316.3500000;316.7000000;315.6500000;316.5500000;24320
TATN;5;20160219;181500;316.5000000;317.6500000;316.4000000;317.3500000;8780
TATN;5;20160219;182000;317.4500000;317.9000000;316.7000000;317.7500000;23270
TATN;5;20160219;182500;317.9500000;318.0000000;317.3500000;317.7000000;17400
TATN;5;20160219;183000;317.7000000;318.3500000;317.2500000;318.0000000;25710
TATN;5;20160219;183500;318.0500000;318.0500000;316.7500000;317.2500000;23580
TATN;5;20160219;184000;317.2500000;319.6000000;317.0500000;319.0500000;99330
TATN;5;20160219;185000;318.3000000;318.3000000;318.3000000;318.3000000;38550
TATN;5;20160220;100500;320.9500000;320.9500000;317.1500000;317.2000000;9180
TATN;5;20160220;101000;317.2000000;318.3500000;317.1000000;317.1000000;5710
TATN;5;20160220;101500;317.1500000;317.8500000;317.1000000;317.5000000;5270
TATN;5;20160220;102000;317.6500000;318.1000000;317.3500000;317.6500000;580
TATN;5;20160220;102500;317.9000000;318.0000000;317.4000000;317.8500000;950
TATN;5;20160220;103000;317.9000000;317.9500000;317.4500000;317.8500000;860
TATN;5;20160220;103500;317.8500000;317.9000000;317.8500000;317.9000000;160
TATN;5;20160220;104000;317.9000000;318.0000000;317.9000000;318.0000000;140
TATN;5;20160220;104500;317.9500000;318.2000000;317.9500000;318.2000000;390
TATN;5;20160220;105000;318.2000000;318.5000000;318.2000000;318.5000000;170
TATN;5;20160220;105500;318.4000000;319.4500000;318.4000000;319.4000000;7680
TATN;5;20160220;110000;319.2500000;319.7000000;319.1000000;319.4000000;2470
TATN;5;20160220;110500;319.4000000;319.6500000;319.2000000;319.2500000;1410
TATN;5;20160220;111000;319.4500000;319.9500000;319.4500000;319.9500000;4810
TATN;5;20160220;111500;319.8500000;320.0000000;319.6500000;320.0000000;920
TATN;5;20160220;112000;319.9500000;320.0000000;319.7500000;319.9000000;180
TATN;5;20160220;112500;319.7500000;319.8500000;319.4000000;319.4000000;2480
TATN;5;20160220;113000;319.2500000;319.2500000;319.2500000;319.2500000;10
TATN;5;20160220;113500;319.2000000;319.2500000;319.2000000;319.2500000;170
TATN;5;20160220;114000;319.2500000;319.3000000;319.2500000;319.3000000;660
TATN;5;20160220;114500;319.1000000;319.1000000;319.0500000;319.0500000;1440
TATN;5;20160220;115000;319.0500000;319.0500000;319.0000000;319.0000000;110
TATN;5;20160220;115500;319.1500000;319.1500000;319.1000000;319.1000000;1040
TATN;5;20160220;120000;319.2000000;319.3000000;319.2000000;319.3000000;100
TATN;5;20160220;120500;319.3500000;319.3500000;319.0500000;319.0500000;80
TATN;5;20160220;121000;319.0500000;319.0500000;319.0500000;319.0500000;400
TATN;5;20160220;121500;319.0500000;319.0500000;319.0500000;319.0500000;100
TATN;5;20160220;122000;319.3000000;319.3000000;319.0500000;319.0500000;250
TATN;5;20160220;122500;319.0500000;319.2000000;319.0500000;319.2000000;460
TATN;5;20160220;124000;319.2500000;319.3500000;319.2500000;319.3500000;190
TATN;5;20160220;124500;319.1500000;319.2000000;319.1500000;319.2000000;190
TATN;5;20160220;125000;319.0500000;319.1000000;318.9500000;318.9500000;570
TATN;5;20160220;125500;318.9000000;318.9000000;317.9500000;318.5000000;15390
TATN;5;20160220;130000;318.2000000;318.3500000;318.1000000;318.3500000;1460
TATN;5;20160220;130500;318.1500000;318.1500000;318.1000000;318.1500000;610
TATN;5;20160220;131000;318.6000000;318.8000000;318.5500000;318.8000000;1200
TATN;5;20160220;131500;319.0000000;319.0500000;319.0000000;319.0500000;870
TATN;5;20160220;132000;319.1000000;319.5000000;319.0500000;319.4500000;6030
TATN;5;20160220;132500;319.4500000;319.7000000;319.4500000;319.7000000;940
TATN;5;20160220;133000;319.4000000;319.7000000;319.2000000;319.7000000;180
TATN;5;20160220;133500;319.2500000;319.2500000;319.2500000;319.2500000;30
TATN;5;20160220;134000;319.2000000;319.2000000;318.6000000;318.6000000;2170
TATN;5;20160220;134500;318.5000000;318.9500000;318.5000000;318.9500000;70
TATN;5;20160220;135000;319.0000000;319.0000000;318.9000000;318.9500000;210
TATN;5;20160220;135500;319.1000000;319.1000000;319.1000000;319.1000000;10
TATN;5;20160220;140000;319.0500000;319.0500000;319.0500000;319.0500000;110
TATN;5;20160220;140500;319.1500000;319.1500000;319.1500000;319.1500000;20
TATN;5;20160220;141000;319.2000000;319.3500000;318.9500000;319.3500000;1780
TATN;5;20160220;142500;319.1000000;319.1500000;319.0000000;319.0000000;280
TATN;5;20160220;143000;319.0000000;319.0000000;318.7000000;318.7000000;1230
TATN;5;20160220;143500;319.1000000;319.1000000;319.1000000;319.1000000;100
TATN;5;20160220;144000;319.1000000;319.1000000;318.6500000;318.6500000;430
TATN;5;20160220;145000;319.1000000;319.1000000;319.1000000;319.1000000;10
TATN;5;20160220;150500;319.1000000;319.1000000;319.1000000;319.1000000;60
TATN;5;20160220;152500;318.8000000;318.8000000;318.6000000;318.6000000;1000
TATN;5;20160220;153500;318.7000000;319.0000000;318.7000000;319.0000000;980
TATN;5;20160220;154000;318.9500000;319.0000000;318.9000000;319.0000000;200
TATN;5;20160220;154500;318.9500000;318.9500000;318.4000000;318.4000000;2830
TATN;5;20160220;155000;318.8500000;318.9000000;318.4000000;318.5000000;230
TATN;5;20160220;155500;318.5000000;318.5000000;318.1500000;318.1500000;10080
TATN;5;20160220;160000;318.1500000;318.1500000;318.1500000;318.1500000;1270
TATN;5;20160220;161000;318.1500000;318.1500000;318.1500000;318.1500000;300
TATN;5;20160220;161500;318.1500000;318.1500000;317.9000000;317.9000000;6150
TATN;5;20160220;162000;318.0500000;318.4500000;318.0500000;318.4500000;3370
TATN;5;20160220;162500;318.5000000;318.5000000;318.5000000;318.5000000;950
TATN;5;20160220;163500;318.5000000;318.7000000;318.5000000;318.7000000;4950
TATN;5;20160220;170500;318.5500000;318.6000000;318.5500000;318.5500000;100
TATN;5;20160220;171000;318.7000000;318.7000000;318.5500000;318.5500000;40
TATN;5;20160220;171500;318.5500000;318.5500000;318.4500000;318.4500000;6410
TATN;5;20160220;174000;318.5000000;318.5000000;318.5000000;318.5000000;50
TATN;5;20160220;174500;318.5000000;318.5000000;318.2500000;318.2500000;70
TATN;5;20160220;175000;318.5000000;318.5000000;318.5000000;318.5000000;10
TATN;5;20160220;175500;318.5000000;318.5000000;318.5000000;318.5000000;600
TATN;5;20160220;180000;318.2500000;318.2500000;318.1000000;318.1000000;2380
TATN;5;20160220;180500;318.1000000;318.1000000;317.4000000;317.5000000;4820
TATN;5;20160220;181000;317.7500000;317.8000000;317.1500000;317.1500000;4310
TATN;5;20160220;181500;317.1500000;317.1500000;317.1000000;317.1000000;1000
TATN;5;20160220;182000;317.2000000;317.2500000;317.2000000;317.2000000;1730
TATN;5;20160220;182500;317.4500000;317.5000000;317.0500000;317.1000000;8370
TATN;5;20160220;183000;317.1000000;317.3500000;317.0000000;317.0500000;9800
TATN;5;20160220;183500;317.6000000;317.7000000;316.7500000;317.7000000;8160
TATN;5;20160220;184000;317.7500000;318.0000000;317.0000000;317.9500000;5260
TATN;5;20160222;100500;319.3000000;319.7000000;317.6500000;318.5000000;12240
TATN;5;20160222;101000;318.4500000;318.6500000;318.2000000;318.4500000;1960
TATN;5;20160222;101500;318.7000000;319.1500000;318.5500000;318.7500000;13390
TATN;5;20160222;102000;318.7000000;318.9500000;318.6500000;318.8000000;3780
TATN;5;20160222;102500;319.0000000;319.0500000;318.5500000;318.5500000;7060
TATN;5;20160222;103000;318.5500000;318.5500000;318.2500000;318.2500000;3650
TATN;5;20160222;103500;318.2500000;318.6500000;318.1500000;318.5500000;2850
TATN;5;20160222;104000;318.8500000;319.6500000;318.8500000;319.4000000;13150
TATN;5;20160222;104500;319.4000000;319.8500000;319.2500000;319.8500000;6020
TATN;5;20160222;105000;319.8000000;319.8500000;319.4500000;319.7000000;3970
TATN;5;20160222;105500;319.7000000;319.9500000;319.5000000;319.9500000;2880
TATN;5;20160222;110000;319.9500000;320.7000000;319.8000000;320.0000000;13640
TATN;5;20160222;110500;320.0000000;320.2000000;318.7000000;319.9500000;19990
TATN;5;20160222;111000;319.8000000;319.8000000;318.6500000;318.9500000;5140
TATN;5;20160222;111500;319.2500000;319.4500000;318.7000000;318.9000000;11430
TATN;5;20160222;112000;319.0000000;319.6500000;318.0500000;318.2000000;31060
TATN;5;20160222;112500;318.2500000;318.8000000;317.0000000;318.0000000;34520
TATN;5;20160222;113000;318.1500000;318.1500000;316.7500000;318.0500000;28470
TATN;5;20160222;113500;318.1500000;318.4500000;317.2000000;317.5000000;34580
TATN;5;20160222;114000;317.3000000;317.5000000;316.8000000;316.8000000;42760
TATN;5;20160222;114500;316.7500000;317.7500000;316.3000000;317.5000000;25080
TATN;5;20160222;115000;317.5000000;317.5000000;317.1500000;317.5000000;1400
TATN;5;20160222;115500;317.4500000;317.8000000;316.6000000;316.9500000;10580
TATN;5;20160222;120000;317.0500000;317.2500000;316.9000000;317.0000000;2970
TATN;5;20160222;120500;317.0500000;318.1000000;317.0500000;317.9500000;11820
TATN;5;20160222;121000;317.7500000;318.6500000;317.7500000;318.5000000;18950
TATN;5;20160222;121500;318.6500000;318.7500000;317.7500000;317.9000000;14140
TATN;5;20160222;122000;317.8000000;318.1500000;317.4500000;318.0000000;10290
TATN;5;20160222;122500;318.0000000;318.5500000;317.9500000;318.2000000;12720
TATN;5;20160222;123000;318.0500000;318.1500000;317.6000000;317.8500000;9990
TATN;5;20160222;123500;317.6000000;317.7000000;317.1500000;317.6000000;9860
TATN;5;20160222;124000;317.3500000;317.7000000;317.3500000;317.5000000;2670
TATN;5;20160222;124500;317.5000000;317.5000000;317.2500000;317.5000000;4350
TATN;5;20160222;125000;317.6000000;318.9000000;317.4000000;318.9000000;19720
TATN;5;20160222;125500;318.8000000;319.1000000;318.1500000;318.1500000;12690
TATN;5;20160222;130000;318.2500000;319.0000000;318.2500000;318.6000000;8600
TATN;5;20160222;130500;318.6500000;318.9500000;318.3000000;318.6000000;13310
TATN;5;20160222;131000;318.6000000;318.9500000;318.4500000;318.5000000;11740
TATN;5;20160222;131500;318.4000000;318.4000000;317.3000000;318.1000000;31160
TATN;5;20160222;132000;318.1000000;319.0000000;318.1000000;318.9500000;8350
TATN;5;20160222;132500;318.7000000;318.7000000;317.5500000;317.5500000;6580
TATN;5;20160222;133000;317.8500000;318.1000000;317.7000000;317.9500000;5000
TATN;5;20160222;133500;318.0000000;318.0000000;317.4000000;317.5500000;12000
TATN;5;20160222;134000;317.6000000;318.1000000;317.4000000;318.1000000;5780
TATN;5;20160222;134500;317.9000000;318.0000000;317.6000000;317.6000000;4310
TATN;5;20160222;135000;317.6500000;318.0000000;317.6500000;318.0000000;1020
TATN;5;20160222;135500;317.8000000;318.1000000;317.2500000;317.2500000;35880
TATN;5;20160222;140000;317.2500000;317.4500000;317.1000000;317.3000000;12120
TATN;5;20160222;140500;317.3000000;317.7000000;317.3000000;317.7000000;1400
TATN;5;20160222;141000;317.8000000;318.5000000;317.8000000;318.1000000;6610
TATN;5;20160222;141500;318.1000000;319.1500000;318.1000000;319.1000000;33660
TATN;5;20160222;142000;319.0000000;319.1500000;318.9000000;319.1500000;3900
TATN;5;20160222;142500;319.0500000;319.4000000;319.0500000;319.1000000;6340
TATN;5;20160222;143000;319.1000000;319.3000000;318.8000000;319.1000000;4540
TATN;5;20160222;143500;319.1000000;319.4500000;318.7500000;318.8500000;11140
TATN;5;20160222;144000;318.8500000;319.0000000;318.6500000;318.6500000;930
TATN;5;20160222;144500;318.5000000;319.1500000;318.1500000;318.2500000;11910
TATN;5;20160222;145000;318.2000000;318.4000000;318.1500000;318.4000000;700
TATN;5;20160222;145500;318.1500000;319.1500000;318.1500000;318.9500000;7230
TATN;5;20160222;150000;318.9500000;319.4500000;318.9500000;319.0000000;6570
TATN;5;20160222;150500;319.3000000;319.3000000;318.6500000;318.8000000;6680
TATN;5;20160222;151000;318.7000000;318.7000000;318.2500000;318.5500000;6320
TATN;5;20160222;151500;318.3000000;318.5500000;318.2500000;318.3000000;5480
TATN;5;20160222;152000;318.3000000;318.5500000;318.2000000;318.2000000;3360
TATN;5;20160222;152500;318.1500000;318.6500000;318.1500000;318.6500000;2200
TATN;5;20160222;153000;318.5000000;318.8000000;318.5000000;318.5500000;2950
TATN;5;20160222;153500;318.5500000;318.9000000;317.9500000;317.9500000;2080
TATN;5;20160222;154000;318.0500000;318.2000000;317.6500000;317.7500000;3100
TATN;5;20160222;154500;317.7500000;317.9000000;317.0000000;317.0000000;10750
TATN;5;20160222;155000;317.0000000;317.4500000;317.0000000;317.2000000;2610
TATN;5;20160222;155500;317.2000000;317.5500000;317.2000000;317.4500000;3480
TATN;5;20160222;160000;317.4500000;317.7000000;317.2500000;317.4000000;2490
TATN;5;20160222;160500;317.3000000;318.0500000;317.3000000;317.8000000;2330
TATN;5;20160222;161000;317.6000000;318.2000000;317.6000000;317.9000000;3330
TATN;5;20160222;161500;318.0000000;318.2000000;317.5000000;317.5500000;5070
TATN;5;20160222;162000;317.5500000;318.0000000;317.5500000;318.0000000;1950
TATN;5;20160222;162500;317.8000000;318.0000000;317.6500000;318.0000000;5490
TATN;5;20160222;163000;317.8000000;318.4500000;317.6000000;318.4500000;7690
TATN;5;20160222;163500;318.2500000;318.5000000;317.7000000;317.8000000;3160
TATN;5;20160222;164000;317.8000000;317.8500000;317.2500000;317.2500000;8860
TATN;5;20160222;164500;317.2500000;318.0000000;317.2000000;317.9500000;1350
TATN;5;20160222;165000;317.7000000;318.7000000;317.6500000;318.1000000;14140
TATN;5;20160222;165500;317.8500000;318.1500000;317.3000000;317.4000000;17080
TATN;5;20160222;170000;317.4000000;318.1000000;317.3500000;317.9500000;17610
TATN;5;20160222;170500;317.7500000;318.6500000;317.6000000;317.9500000;31980
TATN;5;20160222;171000;317.9500000;317.9500000;317.5500000;317.5500000;5580
TATN;5;20160222;171500;317.5500000;317.5500000;316.9500000;317.3000000;13100
TATN;5;20160222;172000;317.3000000;317.7500000;317.2000000;317.5500000;10630
TATN;5;20160222;172500;317.5500000;317.7500000;317.3000000;317.4500000;6570
TATN;5;20160222;173000;317.2500000;318.6500000;317.0000000;318.4000000;27610
TATN;5;20160222;173500;318.4500000;320.0000000;318.2500000;319.8500000;32570
TATN;5;20160222;174000;319.9000000;321.3000000;319.6500000;321.3000000;57580
TATN;5;20160222;174500;321.3000000;321.5500000;320.6500000;321.3000000;40990
TATN;5;20160222;175000;321.3000000;321.6500000;320.6500000;321.0000000;25550
TATN;5;20160222;175500;321.2500000;321.8000000;320.5000000;321.0000000;32490
TATN;5;20160222;180000;321.0000000;321.0000000;318.5000000;320.9000000;37150
TATN;5;20160222;180500;320.5500000;320.5500000;318.6000000;319.4500000;12740
TATN;5;20160222;181000;319.8500000;320.2000000;319.8500000;319.9000000;7730
TATN;5;20160222;181500;320.1500000;321.1000000;320.1000000;320.6000000;8890
TATN;5;20160222;182000;320.4500000;321.1000000;320.4000000;320.7500000;8590
TATN;5;20160222;182500;320.8500000;320.9000000;320.1000000;320.7500000;4030
TATN;5;20160222;183000;320.5000000;321.0000000;320.3000000;321.0000000;18320
TATN;5;20160222;183500;320.9500000;320.9500000;320.3500000;320.5000000;2940
TATN;5;20160222;184000;320.7500000;321.0000000;320.7000000;321.0000000;19630
TATN;5;20160222;185000;322.3000000;322.3000000;322.3000000;322.3000000;46220
TATN;5;20160224;100500;319.5000000;319.5500000;317.2000000;317.9000000;38520
TATN;5;20160224;101000;317.9000000;318.0500000;317.1000000;317.1000000;30890
TATN;5;20160224;101500;317.1000000;317.5000000;317.0000000;317.0000000;41490
TATN;5;20160224;102000;317.0000000;318.0500000;316.4500000;318.0500000;33100
TATN;5;20160224;102500;318.1000000;318.1500000;318.0000000;318.0500000;16920
TATN;5;20160224;103000;318.0500000;318.1000000;317.2000000;317.2000000;23430
TATN;5;20160224;103500;317.2000000;318.9000000;317.1500000;318.3000000;15240
TATN;5;20160224;104000;318.3000000;318.9500000;317.5000000;317.5000000;13200
TATN;5;20160224;104500;317.4500000;317.5000000;316.5500000;317.5000000;14320
TATN;5;20160224;105000;317.4000000;317.7000000;317.0000000;317.1500000;7390
TATN;5;20160224;105500;317.1500000;317.1500000;316.4000000;316.6500000;17470
TATN;5;20160224;110000;316.7000000;317.2000000;316.5000000;316.9000000;9730
TATN;5;20160224;110500;316.9000000;317.9500000;316.2000000;317.6500000;31200
TATN;5;20160224;111000;317.3000000;317.3500000;317.0000000;317.1000000;31680
TATN;5;20160224;111500;317.1000000;317.2500000;316.5000000;316.7500000;21800
TATN;5;20160224;112000;316.7500000;318.3500000;316.6500000;318.3500000;20090
TATN;5;20160224;112500;318.1000000;318.4500000;317.6000000;317.9500000;15330
TATN;5;20160224;113000;318.0000000;318.4500000;317.7000000;317.9500000;14240
TATN;5;20160224;113500;317.9500000;318.2000000;317.5500000;317.6500000;6540
TATN;5;20160224;114000;317.6000000;317.8500000;317.2500000;317.5000000;28790
TATN;5;20160224;114500;317.4500000;317.7500000;317.3000000;317.7500000;14630
TATN;5;20160224;115000;317.7500000;317.7500000;317.4000000;317.7000000;26920
TATN;5;20160224;115500;317.6500000;317.8500000;317.1000000;317.2500000;17370
TATN;5;20160224;120000;317.1500000;317.6500000;317.0500000;317.5500000;15920
TATN;5;20160224;120500;317.5000000;317.5000000;316.6500000;316.7500000;16170
TATN;5;20160224;121000;316.7500000;316.9000000;316.2000000;316.7000000;25590
TATN;5;20160224;121500;316.6000000;317.3000000;316.5000000;317.3000000;14000
TATN;5;20160224;122000;317.2500000;317.6000000;316.8500000;316.8500000;19550
TATN;5;20160224;122500;316.8500000;317.1000000;316.2000000;316.7500000;33280
TATN;5;20160224;123000;316.7500000;316.8000000;316.2500000;316.4000000;18130
TATN;5;20160224;123500;316.4500000;316.4500000;315.2000000;315.2000000;50080
TATN;5;20160224;124000;315.2000000;315.9000000;314.8000000;315.1000000;32880
TATN;5;20160224;124500;315.0500000;315.9500000;315.0000000;315.4500000;23350
TATN;5;20160224;125000;315.4500000;315.6500000;315.0000000;315.0000000;24820
TATN;5;20160224;125500;315.0000000;315.0000000;314.1500000;314.2000000;26000
TATN;5;20160224;130000;314.3500000;314.9000000;314.2000000;314.3500000;24500
TATN;5;20160224;130500;314.5000000;314.5500000;314.1000000;314.1500000;14080
TATN;5;20160224;131000;314.1000000;314.2000000;313.6500000;313.9000000;77370
TATN;5;20160224;131500;313.8500000;314.2000000;313.7500000;314.1500000;25560
TATN;5;20160224;132000;314.1500000;314.2000000;313.8000000;313.9500000;11530
TATN;5;20160224;132500;313.9500000;314.1000000;313.5000000;313.8500000;23620
TATN;5;20160224;133000;313.8000000;314.1000000;313.4000000;313.5500000;15430
TATN;5;20160224;133500;313.6500000;313.7500000;313.3000000;313.5500000;12170
TATN;5;20160224;134000;313.6500000;313.6500000;313.3500000;313.3500000;6980
TATN;5;20160224;134500;313.4000000;313.7000000;313.2500000;313.2500000;40470
TATN;5;20160224;135000;313.2500000;313.4500000;312.7500000;312.8000000;22420
TATN;5;20160224;135500;312.8000000;312.8000000;311.7500000;311.9500000;44980
TATN;5;20160224;140000;311.9000000;311.9500000;311.4000000;311.8500000;26210
TATN;5;20160224;140500;311.8500000;312.3500000;311.8500000;312.3500000;3770
TATN;5;20160224;141000;312.2000000;312.3000000;311.5500000;311.8000000;14830
TATN;5;20160224;141500;311.6000000;312.6500000;311.4000000;312.6500000;29690
TATN;5;20160224;142000;312.4500000;312.7500000;311.6500000;312.6500000;24300
TATN;5;20160224;142500;312.6000000;312.6500000;312.0500000;312.0500000;7590
TATN;5;20160224;143000;312.2000000;312.5000000;312.0500000;312.1000000;8080
TATN;5;20160224;143500;312.1000000;312.7500000;311.7500000;311.7500000;9890
TATN;5;20160224;144000;311.8000000;311.8500000;311.5000000;311.5000000;9930
TATN;5;20160224;144500;311.5000000;311.5000000;311.0000000;311.0000000;26310
TATN;5;20160224;145000;311.0000000;311.1500000;310.7000000;310.7500000;34210
TATN;5;20160224;145500;310.8000000;311.2000000;310.7000000;310.8000000;7260
TATN;5;20160224;150000;310.9500000;311.3000000;310.7000000;310.7500000;10960
TATN;5;20160224;150500;310.7500000;310.8000000;310.5500000;310.6000000;17510
TATN;5;20160224;151000;310.8000000;311.3000000;310.8000000;311.0500000;13100
TATN;5;20160224;151500;311.0000000;311.3500000;310.8500000;311.2500000;40560
TATN;5;20160224;152000;311.1500000;312.0000000;311.1000000;311.8000000;38870
TATN;5;20160224;152500;311.9500000;312.3000000;311.9500000;312.0000000;14670
TATN;5;20160224;153000;312.0500000;312.7000000;312.0500000;312.4500000;11930
TATN;5;20160224;153500;312.4500000;312.8000000;312.2000000;312.3000000;12420
TATN;5;20160224;154000;312.3500000;312.5000000;311.7500000;311.7500000;10250
TATN;5;20160224;154500;311.7000000;311.7500000;311.1500000;311.3500000;12960
TATN;5;20160224;155000;311.3000000;311.5500000;311.0000000;311.0500000;7600
TATN;5;20160224;155500;311.0500000;312.4000000;311.0000000;312.4000000;20260
TATN;5;20160224;160000;312.4000000;312.4500000;311.6000000;311.6000000;8810
TATN;5;20160224;160500;311.6000000;311.9000000;311.3000000;311.6000000;14250
TATN;5;20160224;161000;311.6000000;311.9000000;311.5000000;311.6000000;5480
TATN;5;20160224;161500;311.4500000;311.4500000;311.1000000;311.1500000;12930
TATN;5;20160224;162000;311.1500000;311.7000000;311.0500000;311.6000000;14810
TATN;5;20160224;162500;311.9000000;311.9000000;311.5500000;311.6500000;6260
TATN;5;20160224;163000;311.7500000;311.8000000;311.5500000;311.5500000;4680
TATN;5;20160224;163500;311.7500000;311.9000000;311.5500000;311.8500000;7970
TATN;5;20160224;164000;311.8500000;312.4500000;311.3500000;311.5500000;18500
TATN;5;20160224;164500;311.4500000;311.4500000;311.2000000;311.3500000;12290
TATN;5;20160224;165000;311.3500000;311.5500000;311.2000000;311.4000000;19110
TATN;5;20160224;165500;311.3000000;311.5000000;310.8000000;311.1500000;40420
TATN;5;20160224;170000;311.3500000;312.0000000;311.0000000;311.9000000;18760
TATN;5;20160224;170500;311.6500000;311.7000000;311.1500000;311.1500000;5450
TATN;5;20160224;171000;311.4000000;311.4000000;311.1000000;311.2000000;4910
TATN;5;20160224;171500;311.2000000;311.6000000;311.2000000;311.2500000;8300
TATN;5;20160224;172000;311.2500000;311.3000000;310.8500000;310.8500000;18460
TATN;5;20160224;172500;310.8000000;311.0500000;310.7500000;310.8000000;8310
TATN;5;20160224;173000;310.8500000;311.0000000;310.8000000;310.8500000;10830
TATN;5;20160224;173500;310.8500000;310.9000000;310.5000000;310.8000000;49820
TATN;5;20160224;174000;310.6500000;311.6000000;310.5000000;311.0500000;75260
TATN;5;20160224;174500;311.0500000;311.1000000;310.8000000;311.0500000;14300
TATN;5;20160224;175000;311.0500000;311.0500000;310.6500000;310.6500000;18420
TATN;5;20160224;175500;310.7000000;310.7000000;309.6500000;309.6500000;116390
TATN;5;20160224;180000;309.6500000;311.4500000;309.3500000;311.0000000;76100
TATN;5;20160224;180500;311.0500000;311.8000000;311.0000000;311.2500000;27870
TATN;5;20160224;181000;311.2500000;312.3000000;311.0500000;312.2000000;22300
TATN;5;20160224;181500;312.1000000;312.2000000;311.1500000;311.2500000;19990
TATN;5;20160224;182000;311.1500000;311.5000000;310.8500000;310.8500000;14670
TATN;5;20160224;182500;310.9500000;310.9500000;310.5000000;310.6500000;20440
TATN;5;20160224;183000;310.7500000;311.3500000;310.6000000;311.0500000;23650
TATN;5;20160224;183500;311.3500000;312.2500000;310.8000000;312.2000000;55550
TATN;5;20160224;184000;312.2000000;313.8500000;312.0000000;312.1500000;130410
TATN;5;20160224;185000;312.9000000;312.9000000;312.9000000;312.9000000;108380
TATN;5;20160225;100500;315.5000000;315.6000000;314.1000000;314.6000000;62010
TATN;5;20160225;101000;314.6500000;314.8000000;314.0000000;314.0000000;53790
TATN;5;20160225;101500;314.1000000;314.2500000;312.3500000;312.7000000;37450
TATN;5;20160225;102000;312.7500000;313.0000000;312.0500000;312.8500000;19710
TATN;5;20160225;102500;312.8000000;313.0500000;312.0000000;312.7000000;15460
TATN;5;20160225;103000;312.7500000;312.9000000;312.0000000;312.0000000;4230
TATN;5;20160225;103500;312.1500000;313.0500000;311.3500000;311.3500000;27860
TATN;5;20160225;104000;311.3500000;311.6000000;311.1500000;311.1500000;14920
TATN;5;20160225;104500;311.5000000;311.5000000;310.3000000;310.3000000;22780
TATN;5;20160225;105000;310.3000000;310.6500000;310.2500000;310.6500000;12180
TATN;5;20160225;105500;310.7500000;310.7500000;310.4500000;310.6000000;2620
TATN;5;20160225;110000;310.8000000;311.4500000;310.5000000;311.2000000;5120
TATN;5;20160225;110500;311.3500000;311.9500000;311.0000000;311.3000000;9120
TATN;5;20160225;111000;311.2500000;311.6000000;310.0000000;310.0000000;46950
TATN;5;20160225;111500;310.2500000;310.4000000;309.5000000;310.1000000;57260
TATN;5;20160225;112000;310.2500000;310.4500000;309.7500000;310.0000000;26790
TATN;5;20160225;112500;310.0000000;310.8500000;309.7500000;310.0000000;38800
TATN;5;20160225;113000;310.2500000;310.7500000;310.0000000;310.4500000;69210
TATN;5;20160225;113500;310.5000000;311.0000000;310.1000000;310.9000000;31460
TATN;5;20160225;114000;310.8500000;311.0000000;310.1000000;311.0000000;11470
TATN;5;20160225;114500;311.0000000;311.0000000;310.5500000;311.0000000;29910
TATN;5;20160225;115000;311.1500000;311.2000000;310.6000000;310.8500000;8210
TATN;5;20160225;115500;310.8500000;311.4500000;310.8500000;311.3000000;14210
TATN;5;20160225;120000;311.4000000;311.9000000;311.4000000;311.8500000;21260
TATN;5;20160225;120500;311.9500000;312.6500000;311.9500000;312.6000000;15700
TATN;5;20160225;121000;312.6000000;313.8500000;312.0000000;313.5500000;31320
TATN;5;20160225;121500;313.6000000;315.7000000;313.5500000;315.1500000;67170
TATN;5;20160225;122000;315.3000000;315.4500000;314.5000000;314.9000000;27690
TATN;5;20160225;122500;314.9000000;315.4500000;314.8500000;315.4500000;21050
TATN;5;20160225;123000;315.4500000;317.0000000;315.4500000;316.6500000;43310
TATN;5;20160225;123500;316.9000000;316.9500000;315.2000000;316.9000000;32550
TATN;5;20160225;124000;316.9000000;316.9500000;316.3500000;316.8500000;24000
TATN;5;20160225;124500;316.9000000;317.3500000;316.2500000;316.2500000;46400
TATN;5;20160225;125000;316.5000000;317.9000000;316.4000000;317.9000000;35360
TATN;5;20160225;125500;317.9000000;317.9000000;317.3500000;317.7000000;27820
TATN;5;20160225;130000;317.7000000;317.7000000;316.4000000;316.7500000;16930
TATN;5;20160225;130500;317.1000000;317.2500000;316.4500000;317.0000000;15690
TATN;5;20160225;131000;317.2500000;317.3000000;317.0000000;317.1500000;31860
TATN;5;20160225;131500;317.3500000;317.5000000;317.1500000;317.5000000;10660
TATN;5;20160225;132000;317.4500000;317.5000000;316.7500000;317.0000000;11600
TATN;5;20160225;132500;317.0000000;317.0500000;316.6000000;316.7000000;4960
TATN;5;20160225;133000;316.8500000;317.7000000;316.8500000;317.6500000;23440
TATN;5;20160225;133500;317.6500000;318.6000000;317.2000000;318.6000000;36610
TATN;5;20160225;134000;318.6000000;318.6000000;318.1000000;318.5000000;15740
TATN;5;20160225;134500;318.5000000;318.9000000;318.4000000;318.7000000;31700
TATN;5;20160225;135000;318.8000000;319.5000000;318.7000000;319.3500000;39880
TATN;5;20160225;135500;319.5000000;319.8000000;319.2000000;319.7500000;18430
TATN;5;20160225;140000;319.7500000;319.7500000;319.0000000;319.5000000;15010
TATN;5;20160225;140500;319.5500000;319.7000000;319.1000000;319.1000000;4390
TATN;5;20160225;141000;319.1000000;319.1000000;318.3500000;318.5000000;7940
TATN;5;20160225;141500;318.5000000;318.5000000;317.4000000;318.2000000;17260
TATN;5;20160225;142000;318.1500000;318.3500000;317.7500000;318.3500000;13900
TATN;5;20160225;142500;318.6000000;319.5000000;318.4000000;319.5000000;17310
TATN;5;20160225;143000;319.5000000;319.9000000;319.3000000;319.7500000;27680
TATN;5;20160225;143500;319.7500000;320.5000000;319.7500000;320.2500000;18880
TATN;5;20160225;144000;320.2000000;320.6000000;320.1500000;320.5000000;7520
TATN;5;20160225;144500;320.5000000;320.5000000;320.0500000;320.0500000;2930
TATN;5;20160225;145000;319.8000000;319.9500000;319.3000000;319.3000000;5700
TATN;5;20160225;145500;319.5000000;319.9000000;319.2000000;319.9000000;7200
TATN;5;20160225;150000;319.8500000;320.2000000;319.6000000;320.2000000;7840
TATN;5;20160225;150500;320.0500000;320.5500000;320.0000000;320.2500000;12210
TATN;5;20160225;151000;320.1000000;320.2500000;318.9500000;318.9500000;9810
TATN;5;20160225;151500;319.0000000;319.1500000;318.2500000;318.2500000;10220
TATN;5;20160225;152000;318.2500000;318.4000000;318.1000000;318.4000000;4850
TATN;5;20160225;152500;318.2500000;318.7000000;318.1500000;318.4500000;7000
TATN;5;20160225;153000;318.5000000;318.6500000;318.0000000;318.3000000;8030
TATN;5;20160225;153500;318.3000000;318.6000000;318.0500000;318.0500000;15150
TATN;5;20160225;154000;318.3000000;318.7500000;318.0500000;318.7500000;4400
TATN;5;20160225;154500;318.8000000;318.8000000;318.3000000;318.3000000;9790
TATN;5;20160225;155000;318.3000000;319.2500000;318.1000000;319.2000000;16780
TATN;5;20160225;155500;319.2000000;319.4000000;318.9500000;318.9500000;2970
TATN;5;20160225;160000;318.9500000;318.9500000;318.0000000;318.0000000;20790
TATN;5;20160225;160500;318.0000000;318.5000000;318.0000000;318.2000000;17820
TATN;5;20160225;161000;318.2000000;318.2000000;317.5000000;317.6500000;8570
TATN;5;20160225;161500;317.7500000;318.3000000;317.7500000;317.9500000;5810
TATN;5;20160225;162000;318.1000000;318.8000000;318.1000000;318.8000000;10580
TATN;5;20160225;162500;318.8000000;319.4500000;318.6500000;319.0000000;20460
TATN;5;20160225;163000;318.8000000;319.4000000;318.7000000;319.4000000;2600
TATN;5;20160225;163500;319.4500000;320.0000000;319.3500000;319.8000000;18300
TATN;5;20160225;164000;319.7000000;319.9500000;319.6500000;319.8500000;4860
TATN;5;20160225;164500;319.8500000;319.9000000;319.1500000;319.7000000;7160
TATN;5;20160225;165000;319.7000000;320.0000000;319.4000000;319.6500000;7500
TATN;5;20160225;165500;319.7000000;320.2000000;319.6000000;320.1500000;14720
TATN;5;20160225;170000;320.1500000;320.4500000;319.8000000;319.8000000;11950
TATN;5;20160225;170500;320.0000000;320.2500000;319.6000000;319.8000000;6170
TATN;5;20160225;171000;319.8000000;319.9000000;319.6500000;319.7000000;6390
TATN;5;20160225;171500;319.8000000;319.9000000;319.6000000;319.6500000;7250
TATN;5;20160225;172000;319.6000000;320.0000000;319.3000000;319.7500000;14500
TATN;5;20160225;172500;319.7500000;319.7500000;319.3500000;319.6500000;6180
TATN;5;20160225;173000;319.5000000;319.5000000;319.2500000;319.3000000;4370
TATN;5;20160225;173500;319.1000000;319.8000000;318.6000000;319.6000000;23740
TATN;5;20160225;174000;319.6000000;320.0500000;319.1500000;319.1500000;8170
TATN;5;20160225;174500;319.4000000;319.8000000;316.5000000;316.6000000;60930
TATN;5;20160225;175000;316.6000000;318.0500000;316.3500000;317.8500000;42780
TATN;5;20160225;175500;317.5500000;318.1000000;316.5500000;316.5500000;16130
TATN;5;20160225;180000;316.5500000;317.3500000;316.0000000;317.1000000;31260
TATN;5;20160225;180500;316.9000000;316.9000000;315.8500000;316.3500000;42990
TATN;5;20160225;181000;316.3500000;316.3500000;315.2000000;315.4000000;14460
TATN;5;20160225;181500;315.2500000;315.8500000;315.1000000;315.8500000;28290
TATN;5;20160225;182000;315.9000000;316.4000000;315.7500000;316.1000000;17520
TATN;5;20160225;182500;316.1000000;316.9500000;316.0000000;316.8000000;55250
TATN;5;20160225;183000;316.6500000;317.5500000;316.5000000;317.4000000;57920
TATN;5;20160225;183500;317.3500000;317.8500000;315.9000000;317.8500000;50650
TATN;5;20160225;184000;317.8500000;318.9000000;316.1000000;318.9000000;127260
TATN;5;20160225;185000;318.0000000;318.0000000;318.0000000;318.0000000;35170
TATN;5;20160226;100500;320.3000000;321.9500000;320.1000000;320.9000000;43950
TATN;5;20160226;101000;320.9000000;321.4000000;320.3500000;321.0500000;23720
TATN;5;20160226;101500;321.0000000;322.7500000;320.7000000;322.4000000;51110
TATN;5;20160226;102000;322.1000000;323.8000000;322.1000000;323.8000000;64530
TATN;5;20160226;102500;323.6000000;323.9000000;322.0000000;322.4500000;17400
TATN;5;20160226;103000;322.2000000;322.6500000;322.0000000;322.3500000;14480
TATN;5;20160226;103500;322.1500000;322.3500000;321.7000000;322.2000000;12110
TATN;5;20160226;104000;322.2000000;322.2000000;321.1500000;321.1500000;13920
TATN;5;20160226;104500;321.1500000;321.5500000;321.1000000;321.3000000;3720
TATN;5;20160226;105000;321.4000000;321.8000000;320.9500000;321.0000000;19480
TATN;5;20160226;105500;321.0000000;321.5000000;320.8000000;320.9500000;21170
TATN;5;20160226;110000;321.0000000;321.0000000;320.8000000;321.0000000;2830
TATN;5;20160226;110500;320.8500000;322.2000000;320.0500000;322.0000000;47270
TATN;5;20160226;111000;321.9500000;322.4500000;321.5500000;321.6500000;14950
TATN;5;20160226;111500;321.8000000;321.9000000;321.1500000;321.1500000;4600
TATN;5;20160226;112000;321.1500000;321.4000000;321.1000000;321.2500000;11270
TATN;5;20160226;112500;321.2500000;321.4000000;320.5000000;320.5000000;23530
TATN;5;20160226;113000;320.4000000;320.8500000;320.3500000;320.8500000;5330
TATN;5;20160226;113500;320.8000000;321.1500000;320.8000000;321.1500000;7990
TATN;5;20160226;114000;321.1500000;321.4000000;320.6000000;320.7500000;25220
TATN;5;20160226;114500;320.8000000;320.9000000;320.5000000;320.5500000;3820
TATN;5;20160226;115000;320.6000000;320.6000000;320.0000000;320.0000000;22590
TATN;5;20160226;115500;320.0500000;320.0500000;319.4500000;319.8000000;12740
TATN;5;20160226;120000;320.0000000;320.4500000;319.7500000;320.4500000;870
TATN;5;20160226;120500;320.4500000;320.4500000;319.8000000;320.0000000;9590
TATN;5;20160226;121000;319.8500000;319.9500000;319.2000000;319.4000000;9930
TATN;5;20160226;121500;319.3000000;319.6000000;319.3000000;319.6000000;1610
TATN;5;20160226;122000;319.6000000;320.6500000;319.5000000;319.5500000;12690
TATN;5;20160226;122500;319.5500000;320.0500000;319.4000000;320.0000000;5580
TATN;5;20160226;123000;320.1500000;320.1500000;319.4500000;319.4500000;24390
TATN;5;20160226;123500;319.7000000;319.7000000;318.8000000;319.1500000;9880
TATN;5;20160226;124000;319.3000000;319.5000000;319.2500000;319.2500000;600
TATN;5;20160226;124500;319.2500000;319.4500000;318.5000000;318.5000000;14020
TATN;5;20160226;125000;318.5000000;318.9000000;318.3500000;318.4500000;6290
TATN;5;20160226;125500;318.7500000;319.2500000;318.4000000;319.2500000;4910
TATN;5;20160226;130000;319.0000000;319.6000000;318.9500000;319.2500000;10500
TATN;5;20160226;130500;319.6000000;319.6500000;318.8500000;319.1000000;14010
TATN;5;20160226;131000;318.8500000;319.5000000;318.8500000;319.3000000;18330
TATN;5;20160226;131500;319.4000000;319.4500000;318.9000000;319.4500000;25890
TATN;5;20160226;132000;319.2500000;319.5000000;319.2500000;319.5000000;3010
TATN;5;20160226;132500;319.3500000;319.3500000;318.7500000;318.9500000;8220
TATN;5;20160226;133000;318.8000000;319.0000000;318.7500000;319.0000000;1970
TATN;5;20160226;133500;319.0000000;319.0000000;318.5000000;319.0000000;4910
TATN;5;20160226;134000;318.7000000;319.1000000;318.7000000;318.8500000;5410
TATN;5;20160226;134500;318.7000000;318.8500000;318.4500000;318.7000000;3290
TATN;5;20160226;135000;318.8000000;319.6500000;318.8000000;319.6500000;7750
TATN;5;20160226;135500;319.3500000;319.6500000;319.3000000;319.3000000;2030
TATN;5;20160226;140000;319.6000000;319.6500000;319.0500000;319.3500000;5020
TATN;5;20160226;140500;319.4000000;319.6000000;319.3000000;319.6000000;770
TATN;5;20160226;141000;319.6000000;319.6000000;319.0000000;319.0500000;4260
TATN;5;20160226;141500;319.2000000;319.2000000;318.7500000;318.7500000;5610
TATN;5;20160226;142000;318.7500000;318.9500000;318.7500000;318.7500000;4780
TATN;5;20160226;142500;318.7500000;320.0000000;318.7500000;319.9000000;21250
TATN;5;20160226;143000;319.9500000;320.0000000;319.3500000;319.8000000;16200
TATN;5;20160226;143500;319.8000000;320.0000000;319.5500000;319.7500000;16120
TATN;5;20160226;144000;319.7500000;320.0000000;319.4000000;319.4000000;6420
TATN;5;20160226;144500;319.6000000;319.9000000;319.3500000;319.6000000;6930
TATN;5;20160226;145000;319.5500000;319.6000000;319.0000000;319.6000000;6730
TATN;5;20160226;145500;319.5500000;319.9000000;319.1500000;319.8500000;9450
TATN;5;20160226;150000;319.8500000;319.8500000;319.3000000;319.3000000;3740
TATN;5;20160226;150500;319.5500000;319.6500000;319.3000000;319.6500000;2100
TATN;5;20160226;151000;319.3500000;319.3500000;318.8500000;319.0000000;32620
TATN;5;20160226;151500;319.1000000;319.1500000;318.9500000;319.1500000;24760
TATN;5;20160226;152000;319.0000000;319.2500000;318.8000000;318.9500000;6820
TATN;5;20160226;152500;319.0000000;319.4500000;318.8000000;318.9500000;14840
TATN;5;20160226;153000;319.2000000;319.3000000;318.8000000;319.1500000;8740
TATN;5;20160226;153500;318.9500000;319.2500000;318.6500000;319.0500000;24240
TATN;5;20160226;154000;319.0500000;319.0500000;318.9500000;319.0000000;9810
TATN;5;20160226;154500;318.9500000;319.2500000;318.9500000;318.9500000;60080
TATN;5;20160226;155000;318.9500000;319.1500000;318.9500000;318.9500000;10750
TATN;5;20160226;155500;318.9500000;318.9500000;318.4000000;318.4000000;57880
TATN;5;20160226;160000;318.4000000;318.8000000;318.3000000;318.8000000;4180
TATN;5;20160226;160500;318.8000000;319.0000000;318.7000000;319.0000000;11020
TATN;5;20160226;161000;318.7500000;319.2000000;318.7500000;319.2000000;2560
TATN;5;20160226;161500;319.1500000;319.4000000;319.0000000;319.2000000;9040
TATN;5;20160226;162000;319.2000000;320.0000000;319.2000000;319.9500000;19150
TATN;5;20160226;162500;319.8500000;320.2000000;319.4500000;320.0000000;21760
TATN;5;20160226;163000;320.0000000;320.0000000;319.7500000;320.0000000;3100
TATN;5;20160226;163500;319.8500000;320.0000000;319.5500000;319.5500000;10720
TATN;5;20160226;164000;319.5000000;320.1000000;319.0000000;320.0500000;34960
TATN;5;20160226;164500;320.0000000;320.7000000;319.6500000;320.0000000;54700
TATN;5;20160226;165000;319.9000000;319.9000000;319.3000000;319.6500000;12520
TATN;5;20160226;165500;319.5500000;319.8500000;319.5000000;319.7000000;1600
TATN;5;20160226;170000;319.7000000;319.9500000;319.2000000;319.4500000;9410
TATN;5;20160226;170500;319.3000000;319.5000000;318.7500000;319.4500000;6130
TATN;5;20160226;171000;319.4500000;319.9000000;319.0000000;319.0000000;11360
TATN;5;20160226;171500;319.3000000;320.0000000;319.1000000;320.0000000;7860
TATN;5;20160226;172000;319.9000000;320.2500000;319.6500000;319.7000000;9480
TATN;5;20160226;172500;319.7500000;319.7500000;319.3500000;319.4500000;3500
TATN;5;20160226;173000;319.7000000;319.7000000;319.0000000;319.0000000;2290
TATN;5;20160226;173500;319.2500000;319.6000000;318.7500000;318.9000000;8180
TATN;5;20160226;174000;318.9500000;319.7500000;318.8500000;319.4500000;9430
TATN;5;20160226;174500;319.3000000;319.8000000;319.2500000;319.4500000;3500
TATN;5;20160226;175000;319.4500000;319.7500000;319.4000000;319.4000000;22360
TATN;5;20160226;175500;319.6500000;319.7500000;319.5000000;319.6000000;5010
TATN;5;20160226;180000;319.7500000;320.1500000;319.7500000;319.7500000;13680
TATN;5;20160226;180500;319.8000000;320.1000000;318.8500000;318.8500000;26710
TATN;5;20160226;181000;318.9500000;319.1000000;318.0000000;318.3000000;16290
TATN;5;20160226;181500;318.1000000;318.9000000;318.0000000;318.2000000;14210
TATN;5;20160226;182000;318.0000000;318.4000000;317.1000000;317.1000000;23910
TATN;5;20160226;182500;317.1000000;318.0500000;317.0500000;318.0500000;11480
TATN;5;20160226;183000;318.2000000;318.7500000;318.2000000;318.3500000;6600
TATN;5;20160226;183500;318.3000000;319.1500000;318.3000000;318.8000000;18580
TATN;5;20160226;184000;318.7500000;319.9500000;318.7000000;319.9500000;34640
TATN;5;20160226;185000;319.3500000;319.3500000;319.3500000;319.3500000;15530
TATN;5;20160229;100500;318.0000000;318.0000000;316.4000000;316.6000000;17970
TATN;5;20160229;101000;316.7000000;316.7000000;315.2500000;315.3500000;28550
TATN;5;20160229;101500;315.3500000;315.8000000;315.0000000;315.0500000;42040
TATN;5;20160229;102000;315.0500000;316.1000000;315.0000000;316.0000000;20270
TATN;5;20160229;102500;316.1500000;317.0500000;315.2000000;317.0500000;41020
TATN;5;20160229;103000;317.0500000;317.9000000;317.0500000;317.4000000;12110
TATN;5;20160229;103500;317.1500000;317.1500000;316.2000000;316.2500000;9880
TATN;5;20160229;104000;316.3000000;317.1500000;316.3000000;317.0000000;3720
TATN;5;20160229;104500;316.8500000;316.9500000;316.3000000;316.5500000;3450
TATN;5;20160229;105000;316.6500000;316.8000000;316.1500000;316.7500000;2660
TATN;5;20160229;105500;316.7500000;316.7500000;315.8000000;315.8500000;4520
TATN;5;20160229;110000;315.9000000;316.5500000;315.8000000;315.9000000;7000
TATN;5;20160229;110500;315.9000000;316.0500000;315.3000000;315.5000000;42660
TATN;5;20160229;111000;315.7000000;316.2000000;315.3500000;316.0500000;21430
TATN;5;20160229;111500;316.1000000;317.4000000;316.1000000;316.9500000;9780
TATN;5;20160229;112000;316.6500000;317.3000000;316.1500000;316.3500000;11940
TATN;5;20160229;112500;316.2500000;317.5500000;315.8500000;317.5500000;24060
TATN;5;20160229;113000;317.6000000;317.6000000;316.5500000;316.6000000;8010
TATN;5;20160229;113500;316.6000000;317.6500000;316.6000000;317.2000000;5470
TATN;5;20160229;114000;317.1000000;318.1000000;317.0500000;317.6500000;8670
TATN;5;20160229;114500;317.7000000;317.7500000;317.0000000;317.0000000;6100
TATN;5;20160229;115000;317.0500000;317.0500000;316.3000000;316.3500000;16350
TATN;5;20160229;115500;316.4000000;316.4000000;315.3500000;315.3500000;18280
TATN;5;20160229;120000;315.6500000;316.2000000;315.3000000;315.8000000;18940
TATN;5;20160229;120500;315.9500000;317.6500000;315.9500000;317.2000000;25900
TATN;5;20160229;121000;317.0500000;317.3500000;316.1000000;316.1000000;16120
TATN;5;20160229;121500;316.2000000;317.4000000;316.2000000;317.2000000;22250
TATN;5;20160229;122000;317.1000000;317.3000000;316.6500000;316.9000000;7060
TATN;5;20160229;122500;316.8500000;318.1000000;316.8500000;318.0500000;16190
TATN;5;20160229;123000;318.0500000;318.0500000;317.4500000;317.5000000;2050
TATN;5;20160229;123500;317.5500000;318.4000000;317.5500000;318.0000000;11970
TATN;5;20160229;124000;318.0000000;318.5000000;317.7000000;318.3500000;6870
TATN;5;20160229;124500;318.6000000;318.8500000;318.2500000;318.7000000;5190
TATN;5;20160229;125000;318.8500000;319.1500000;318.4500000;318.7000000;16790
TATN;5;20160229;125500;318.5000000;319.1500000;318.5000000;319.1000000;13170
TATN;5;20160229;130000;319.0500000;319.0500000;318.6500000;319.0500000;6540
TATN;5;20160229;130500;319.0500000;319.8500000;319.0500000;319.7500000;32720
TATN;5;20160229;131000;319.7500000;320.6500000;319.7000000;320.5000000;15530
TATN;5;20160229;131500;320.6500000;321.1500000;320.5000000;320.9500000;20880
TATN;5;20160229;132000;320.9500000;321.2500000;320.9000000;321.1000000;5910
TATN;5;20160229;132500;321.0500000;321.4500000;321.0000000;321.4500000;13680
TATN;5;20160229;133000;321.4000000;321.8000000;321.4000000;321.7000000;70410
TATN;5;20160229;133500;321.4500000;321.9000000;321.2000000;321.8500000;24660
TATN;5;20160229;134000;321.8500000;321.9000000;320.7500000;321.2000000;22140
TATN;5;20160229;134500;321.1500000;321.2500000;320.6000000;320.8000000;2490
TATN;5;20160229;135000;320.8000000;320.8000000;320.2500000;320.3000000;4340
TATN;5;20160229;135500;320.2500000;321.0000000;320.1000000;321.0000000;7400
TATN;5;20160229;140000;320.8500000;320.9500000;320.4500000;320.4500000;2320
TATN;5;20160229;140500;320.3500000;320.4000000;320.1500000;320.1500000;3520
TATN;5;20160229;141000;320.1500000;320.7500000;320.1500000;320.7500000;6380
TATN;5;20160229;141500;320.7000000;321.4500000;320.6000000;321.3000000;6220
TATN;5;20160229;142000;321.3000000;321.5000000;320.9500000;321.2000000;7610
TATN;5;20160229;142500;321.1500000;321.2000000;320.3500000;320.6000000;4080
TATN;5;20160229;143000;320.6000000;321.5500000;320.6000000;321.5500000;22870
TATN;5;20160229;143500;321.7000000;321.9000000;321.5500000;321.5500000;6610
TATN;5;20160229;144000;321.5500000;321.7500000;321.2500000;321.7000000;6400
TATN;5;20160229;144500;321.6500000;321.8000000;321.4000000;321.6000000;13890
TATN;5;20160229;145000;321.6000000;321.8000000;321.0500000;321.2500000;2420
TATN;5;20160229;145500;321.0500000;321.3000000;320.9000000;320.9000000;1450
TATN;5;20160229;150000;320.9000000;321.4000000;320.9000000;321.4000000;5560
TATN;5;20160229;150500;321.0500000;321.2000000;319.5000000;319.7000000;14790
TATN;5;20160229;151000;319.7000000;320.2500000;319.7000000;319.9000000;3010
TATN;5;20160229;151500;320.2000000;321.3000000;320.1500000;320.2000000;4080
TATN;5;20160229;152000;320.1500000;320.1500000;319.3500000;319.5000000;3070
TATN;5;20160229;152500;319.3000000;320.0000000;319.1500000;319.9000000;5490
TATN;5;20160229;153000;319.8500000;320.0000000;319.5500000;319.5500000;3410
TATN;5;20160229;153500;319.5000000;319.7500000;319.1000000;319.3500000;6200
TATN;5;20160229;154000;319.6000000;321.0000000;319.3500000;321.0000000;11410
TATN;5;20160229;154500;321.0000000;321.1000000;320.4500000;320.8000000;4230
TATN;5;20160229;155000;320.8500000;321.0000000;320.4500000;320.7500000;2300
TATN;5;20160229;155500;320.7500000;320.7500000;320.4000000;320.4000000;1530
TATN;5;20160229;160000;320.2500000;320.5500000;320.0000000;320.5500000;5990
TATN;5;20160229;160500;320.5000000;321.4500000;320.5000000;321.2500000;9080
TATN;5;20160229;161000;321.4000000;321.5000000;320.7500000;320.7500000;8970
TATN;5;20160229;161500;321.1000000;321.1000000;320.1000000;320.1500000;6640
TATN;5;20160229;162000;320.3500000;320.3500000;319.7000000;320.0000000;4730
TATN;5;20160229;162500;319.7500000;320.4500000;319.7000000;320.4000000;4850
TATN;5;20160229;163000;320.1000000;320.1000000;319.3500000;319.7500000;8870
TATN;5;20160229;163500;320.0000000;320.3000000;319.7000000;320.0500000;2200
TATN;5;20160229;164000;320.1000000;320.7500000;319.7000000;320.7500000;6250
TATN;5;20160229;164500;320.5500000;321.2000000;320.5500000;321.2000000;13200
TATN;5;20160229;165000;321.2000000;321.5000000;321.0000000;321.3500000;15460
TATN;5;20160229;165500;321.3500000;321.5500000;320.6000000;320.6000000;7990
TATN;5;20160229;170000;320.8500000;321.3500000;320.8500000;321.3000000;12640
TATN;5;20160229;170500;321.1000000;321.5000000;320.6000000;320.6000000;3810
TATN;5;20160229;171000;320.6000000;320.7500000;320.3000000;320.4500000;3690
TATN;5;20160229;171500;320.4500000;320.7500000;320.3500000;320.7500000;12070
TATN;5;20160229;172000;320.6500000;321.0000000;320.5000000;320.5000000;2680
TATN;5;20160229;172500;320.7000000;320.7000000;320.4500000;320.6000000;5430
TATN;5;20160229;173000;320.5000000;320.9000000;320.3500000;320.7500000;13170
TATN;5;20160229;173500;320.7500000;320.8500000;320.3500000;320.8500000;6320
TATN;5;20160229;174000;320.8500000;321.4500000;320.8500000;321.3000000;8590
TATN;5;20160229;174500;321.0000000;321.5000000;320.5000000;320.7000000;15730
TATN;5;20160229;175000;320.7000000;321.3000000;320.5500000;321.0000000;17630
TATN;5;20160229;175500;320.9500000;321.8000000;320.9500000;321.5500000;22970
TATN;5;20160229;180000;321.6000000;321.7500000;320.6500000;320.9000000;14810
TATN;5;20160229;180500;321.0000000;321.0000000;320.2500000;320.5000000;24570
TATN;5;20160229;181000;320.5500000;321.1500000;320.5000000;320.5000000;13730
TATN;5;20160229;181500;320.5000000;320.7500000;319.7000000;320.1000000;23260
TATN;5;20160229;182000;320.1000000;320.7000000;319.8000000;319.9000000;15390
TATN;5;20160229;182500;319.9000000;320.8000000;319.9000000;320.4000000;13350
TATN;5;20160229;183000;320.4000000;320.9500000;320.3000000;320.4500000;28720
TATN;5;20160229;183500;320.7000000;322.3000000;320.7000000;322.0500000;72130
TATN;5;20160229;184000;321.8000000;322.9000000;318.4000000;320.2500000;201120
TATN;5;20160229;185000;323.3000000;323.3000000;323.3000000;323.3000000;144370
TATN;5;20160301;100500;323.4000000;324.2000000;322.1500000;322.6000000;34850
TATN;5;20160301;101000;322.8500000;322.9000000;322.3500000;322.4000000;21880
TATN;5;20160301;101500;322.6000000;322.8500000;322.3500000;322.7500000;17380
TATN;5;20160301;102000;322.7500000;322.9000000;322.3500000;322.3500000;12690
TATN;5;20160301;102500;322.3500000;323.2000000;322.3500000;323.0500000;5330
TATN;5;20160301;103000;323.0500000;323.2000000;322.2500000;322.2500000;24410
TATN;5;20160301;103500;322.2500000;322.7000000;322.0500000;322.1500000;30860
TATN;5;20160301;104000;322.1500000;322.3500000;322.0000000;322.0500000;6030
TATN;5;20160301;104500;322.0500000;322.4000000;322.0000000;322.1000000;2850
TATN;5;20160301;105000;322.1000000;322.3500000;322.0500000;322.2000000;5330
TATN;5;20160301;105500;322.2000000;322.6500000;322.2000000;322.3000000;2910
TATN;5;20160301;110000;322.3000000;322.5500000;322.2000000;322.2000000;6330
TATN;5;20160301;110500;322.2000000;323.2500000;322.2000000;323.0000000;21640
TATN;5;20160301;111000;323.0000000;323.8500000;323.0000000;323.5500000;26250
TATN;5;20160301;111500;323.6500000;325.6000000;323.6500000;325.2000000;87730
TATN;5;20160301;112000;325.4500000;325.6000000;324.7500000;324.7500000;13800
TATN;5;20160301;112500;324.7500000;324.9500000;324.5500000;324.7000000;7980
TATN;5;20160301;113000;324.7000000;324.8000000;324.2500000;324.4000000;9580
TATN;5;20160301;113500;324.6500000;325.6500000;324.4000000;325.2500000;33070
TATN;5;20160301;114000;325.5000000;326.5500000;325.2500000;326.5500000;53440
TATN;5;20160301;114500;326.5500000;326.6000000;325.6000000;325.8500000;16940
TATN;5;20160301;115000;325.7500000;326.5000000;325.7500000;325.9000000;8700
TATN;5;20160301;115500;325.9000000;326.5000000;325.6000000;326.1000000;19750
TATN;5;20160301;120000;326.0500000;326.4500000;325.8500000;326.2000000;6160
TATN;5;20160301;120500;326.3500000;326.3500000;325.3000000;325.4500000;15570
TATN;5;20160301;121000;325.4500000;326.0000000;324.6500000;324.6500000;23500
TATN;5;20160301;121500;324.6000000;324.9000000;324.2000000;324.6500000;17710
TATN;5;20160301;122000;324.6500000;325.0000000;323.6500000;323.7000000;23270
TATN;5;20160301;122500;323.8000000;323.8500000;323.3500000;323.3500000;17840
TATN;5;20160301;123000;323.3500000;323.7000000;323.1500000;323.3000000;30680
TATN;5;20160301;123500;323.3000000;324.0000000;323.3000000;323.8000000;7090
TATN;5;20160301;124000;323.8000000;324.1000000;323.8000000;324.0000000;3940
TATN;5;20160301;124500;324.0000000;324.2500000;323.9000000;324.0000000;3650
TATN;5;20160301;125000;324.0000000;324.8500000;323.8500000;324.3500000;21620
TATN;5;20160301;125500;324.3500000;324.5000000;323.7000000;323.7500000;9230
TATN;5;20160301;130000;323.7500000;323.9500000;323.1500000;323.2500000;10410
TATN;5;20160301;130500;323.3000000;324.6000000;323.2000000;324.4500000;45150
TATN;5;20160301;131000;324.5500000;325.5000000;324.5500000;325.2000000;33360
TATN;5;20160301;131500;325.2000000;325.8500000;325.1500000;325.3000000;34750
TATN;5;20160301;132000;325.3000000;326.0000000;325.3000000;325.8000000;34700
TATN;5;20160301;132500;325.8500000;325.9500000;325.4500000;325.4500000;32530
TATN;5;20160301;133000;325.4500000;325.8500000;325.4500000;325.6000000;10920
TATN;5;20160301;133500;325.7500000;326.8000000;325.7000000;326.4000000;52880
TATN;5;20160301;134000;326.4500000;326.9000000;326.2000000;326.6000000;30890
TATN;5;20160301;134500;326.6000000;326.9000000;326.2500000;326.6000000;30620
TATN;5;20160301;135000;326.7000000;326.9000000;326.0500000;326.1500000;22480
TATN;5;20160301;135500;326.4500000;326.9500000;326.0000000;326.5500000;27390
TATN;5;20160301;140000;326.7000000;327.0000000;326.5500000;326.8000000;18960
TATN;5;20160301;140500;326.8500000;327.1500000;326.6500000;326.6500000;9200
TATN;5;20160301;141000;326.6500000;326.9500000;326.2000000;326.5500000;17590
TATN;5;20160301;141500;326.3500000;327.0000000;326.3500000;326.6000000;15610
TATN;5;20160301;142000;326.6500000;327.1000000;326.5500000;326.6000000;9070
TATN;5;20160301;142500;326.5000000;326.9000000;326.1500000;326.4500000;5360
TATN;5;20160301;143000;326.1500000;326.6000000;326.0000000;326.0000000;7650
TATN;5;20160301;143500;326.0500000;326.9000000;325.7000000;326.4500000;18300
TATN;5;20160301;144000;326.4500000;326.8500000;326.0500000;326.7000000;5600
TATN;5;20160301;144500;326.4000000;326.5500000;326.0500000;326.3500000;4200
TATN;5;20160301;145000;326.3500000;326.7000000;325.9500000;326.4000000;5730
TATN;5;20160301;145500;326.4500000;326.9500000;326.4000000;326.7000000;10780
TATN;5;20160301;150000;326.7000000;326.9500000;326.5500000;326.9500000;15120
TATN;5;20160301;150500;326.7500000;327.0500000;326.6500000;326.8500000;12580
TATN;5;20160301;151000;326.7000000;326.8000000;325.5500000;325.6000000;11550
TATN;5;20160301;151500;325.8000000;326.4500000;325.6500000;325.7000000;12320
TATN;5;20160301;152000;326.0500000;326.6000000;325.6500000;326.1000000;5910
TATN;5;20160301;152500;326.1500000;326.7500000;326.1500000;326.4000000;3340
TATN;5;20160301;153000;326.5500000;326.9000000;326.4000000;326.5500000;6310
TATN;5;20160301;153500;326.7500000;326.8000000;326.1000000;326.4000000;7530
TATN;5;20160301;154000;326.4500000;326.7000000;326.2500000;326.4500000;5510
TATN;5;20160301;154500;326.4500000;327.3500000;326.4500000;326.9000000;13270
TATN;5;20160301;155000;327.1000000;327.6000000;326.9000000;327.2500000;11780
TATN;5;20160301;155500;327.4000000;327.5000000;327.0500000;327.0500000;6360
TATN;5;20160301;160000;327.0500000;327.4000000;326.8500000;327.0500000;3500
TATN;5;20160301;160500;327.2000000;327.6500000;327.0000000;327.4000000;11170
TATN;5;20160301;161000;327.6000000;327.6000000;327.1500000;327.2000000;3450
TATN;5;20160301;161500;327.4500000;327.4500000;326.8500000;326.8500000;5060
TATN;5;20160301;162000;326.9000000;327.3000000;326.8500000;326.9000000;7500
TATN;5;20160301;162500;327.1000000;327.2000000;326.5000000;326.6000000;6990
TATN;5;20160301;163000;326.6000000;326.6000000;326.1000000;326.3000000;5450
TATN;5;20160301;163500;326.3000000;326.6000000;326.1500000;326.3000000;10480
TATN;5;20160301;164000;326.3000000;326.6500000;326.2500000;326.3500000;3600
TATN;5;20160301;164500;326.3500000;326.6000000;326.3000000;326.4000000;2270
TATN;5;20160301;165000;326.4000000;326.6500000;326.2000000;326.2000000;2480
TATN;5;20160301;165500;326.2000000;326.4000000;326.0000000;326.1500000;8560
TATN;5;20160301;170000;326.4000000;326.8000000;326.4000000;326.5500000;5940
TATN;5;20160301;170500;326.5000000;326.7500000;326.1000000;326.3000000;7450
TATN;5;20160301;171000;326.3000000;326.4500000;325.9500000;325.9500000;7610
TATN;5;20160301;171500;326.2000000;326.7500000;325.9000000;326.4500000;23340
TATN;5;20160301;172000;326.4500000;326.5500000;325.6000000;325.7500000;18620
TATN;5;20160301;172500;325.7500000;326.2500000;325.5500000;325.7500000;17020
TATN;5;20160301;173000;326.0000000;326.1500000;325.1500000;325.6500000;27150
TATN;5;20160301;173500;325.9000000;326.7500000;325.7500000;326.5000000;52530
TATN;5;20160301;174000;326.5000000;327.0000000;326.5000000;326.9500000;9630
TATN;5;20160301;174500;327.0500000;327.4500000;326.9500000;327.2500000;23900
TATN;5;20160301;175000;327.2500000;327.5000000;327.0500000;327.1500000;32110
TATN;5;20160301;175500;327.3500000;327.3500000;326.6000000;326.7000000;13220
TATN;5;20160301;180000;326.7000000;327.0000000;326.3500000;326.8500000;21550
TATN;5;20160301;180500;326.8500000;327.9000000;326.8500000;327.8000000;39390
TATN;5;20160301;181000;327.8000000;328.3000000;327.7000000;328.1000000;43230
TATN;5;20160301;181500;328.2000000;328.5500000;327.8500000;328.5000000;34170
TATN;5;20160301;182000;328.2500000;328.5000000;327.1000000;327.2000000;29180
TATN;5;20160301;182500;327.4500000;328.4000000;327.2000000;328.1500000;24620
TATN;5;20160301;183000;328.1500000;328.9500000;328.0500000;328.7000000;37780
TATN;5;20160301;183500;328.9000000;329.4500000;328.6000000;329.3000000;76300
TATN;5;20160301;184000;329.5000000;330.0000000;329.0000000;329.0000000;172590
TATN;5;20160301;185000;329.8000000;329.8000000;329.8000000;329.8000000;13970
TATN;5;20160302;100500;330.9500000;330.9500000;330.1000000;330.1000000;19810
TATN;5;20160302;101000;330.4000000;331.4000000;330.1000000;331.2500000;22770
TATN;5;20160302;101500;331.2500000;331.6000000;330.8000000;330.9000000;13570
TATN;5;20160302;102000;330.9000000;330.9000000;330.1000000;330.1500000;13510
TATN;5;20160302;102500;330.1500000;330.3000000;329.2000000;329.4500000;25340
TATN;5;20160302;103000;329.4000000;329.4000000;328.5500000;329.0000000;14280
TATN;5;20160302;103500;329.0000000;329.0000000;327.6500000;327.8500000;21630
TATN;5;20160302;104000;327.8500000;328.2000000;327.8500000;328.0500000;7740
TATN;5;20160302;104500;328.0500000;328.5500000;328.0500000;328.5500000;11180
TATN;5;20160302;105000;328.4500000;328.8500000;328.2000000;328.4000000;4260
TATN;5;20160302;105500;328.6000000;328.6000000;328.2000000;328.3000000;2510
TATN;5;20160302;110000;328.5000000;328.9500000;328.4500000;328.7500000;4660
TATN;5;20160302;110500;328.4500000;329.6000000;328.4500000;329.6000000;20410
TATN;5;20160302;111000;329.5000000;330.0000000;329.5000000;329.8000000;21730
TATN;5;20160302;111500;329.7000000;330.0000000;329.6000000;329.6000000;18750
TATN;5;20160302;112000;329.8500000;329.8500000;329.1500000;329.5500000;7810
TATN;5;20160302;112500;329.3500000;330.4500000;329.3500000;330.2500000;33050
TATN;5;20160302;113000;330.3500000;330.4500000;329.8500000;330.3500000;5670
TATN;5;20160302;113500;330.2000000;330.7500000;329.9000000;330.7500000;8830
TATN;5;20160302;114000;330.4000000;330.7000000;330.0500000;330.6500000;9320
TATN;5;20160302;114500;330.4500000;330.7000000;329.7000000;329.9000000;10360
TATN;5;20160302;115000;329.9000000;330.2000000;329.9000000;330.1500000;4210
TATN;5;20160302;115500;330.0000000;330.3500000;329.5000000;330.0000000;15400
TATN;5;20160302;120000;330.0000000;330.0500000;329.7000000;330.0500000;2310
TATN;5;20160302;120500;329.8500000;329.8500000;328.3000000;328.7000000;18760
TATN;5;20160302;121000;328.7000000;329.8000000;328.5000000;329.8000000;8610
TATN;5;20160302;121500;329.8000000;329.9500000;329.5000000;329.6500000;7540
TATN;5;20160302;122000;329.6000000;329.8500000;328.5500000;329.1000000;10060
TATN;5;20160302;122500;329.1500000;329.6500000;328.7500000;329.3000000;12650
TATN;5;20160302;123000;329.3000000;329.4500000;328.7000000;329.0500000;10600
TATN;5;20160302;123500;329.0500000;329.7500000;328.9500000;329.7000000;14930
TATN;5;20160302;124000;329.7500000;329.7500000;329.3000000;329.4500000;5480
TATN;5;20160302;124500;329.4500000;329.5500000;329.1500000;329.3500000;13160
TATN;5;20160302;125000;329.3500000;330.0000000;329.1500000;329.9500000;15900
TATN;5;20160302;125500;329.8500000;330.5500000;329.8500000;330.4500000;15320
TATN;5;20160302;130000;330.3500000;330.5000000;329.9500000;330.4000000;7050
TATN;5;20160302;130500;330.4000000;330.9000000;330.3000000;330.8500000;18710
TATN;5;20160302;131000;330.8000000;330.8500000;330.5000000;330.7000000;4930
TATN;5;20160302;131500;330.6000000;330.7000000;330.3500000;330.5000000;3640
TATN;5;20160302;132000;330.4000000;330.6500000;330.0000000;330.0000000;6690
TATN;5;20160302;132500;329.9500000;330.7500000;329.9500000;330.5500000;11760
TATN;5;20160302;133000;330.6000000;330.7000000;330.1500000;330.7000000;7860
TATN;5;20160302;133500;330.7000000;330.9000000;330.4500000;330.9000000;14570
TATN;5;20160302;134000;330.9000000;331.0000000;330.4000000;330.5500000;14570
TATN;5;20160302;134500;330.4000000;330.4500000;330.1500000;330.4000000;7100
TATN;5;20160302;135000;330.2000000;330.3000000;329.7000000;329.7500000;5250
TATN;5;20160302;135500;329.6000000;329.8000000;328.7500000;328.7500000;18840
TATN;5;20160302;140000;328.7500000;329.3000000;328.7500000;329.1500000;4710
TATN;5;20160302;140500;329.1500000;329.1500000;328.9500000;329.1000000;3000
TATN;5;20160302;141000;329.0500000;329.1000000;328.8000000;328.9500000;2410
TATN;5;20160302;141500;328.9500000;330.2500000;328.8000000;330.2000000;22520
TATN;5;20160302;142000;329.9000000;330.2000000;329.3000000;329.4000000;4990
TATN;5;20160302;142500;328.8500000;329.1000000;328.6500000;329.1000000;4640
TATN;5;20160302;143000;328.9500000;328.9500000;328.3000000;328.3000000;6240
TATN;5;20160302;143500;328.5000000;328.5000000;328.0500000;328.3000000;2970
TATN;5;20160302;144000;328.3000000;328.8500000;328.3000000;328.8500000;4760
TATN;5;20160302;144500;328.9500000;329.1000000;328.4500000;328.6500000;2500
TATN;5;20160302;145000;328.6000000;328.7000000;328.2000000;328.4000000;3600
TATN;5;20160302;145500;328.2500000;328.4000000;326.5000000;327.2000000;30440
TATN;5;20160302;150000;327.2000000;328.7000000;327.0500000;328.7000000;12460
TATN;5;20160302;150500;328.7000000;328.9500000;328.4500000;328.6500000;5140
TATN;5;20160302;151000;328.6500000;328.8000000;328.1500000;328.8000000;7930
TATN;5;20160302;151500;328.6500000;328.9000000;328.5500000;328.7000000;3300
TATN;5;20160302;152000;328.5500000;328.6500000;328.3500000;328.5500000;1760
TATN;5;20160302;152500;328.3500000;328.5000000;328.0000000;328.3000000;4190
TATN;5;20160302;153000;328.0000000;328.4500000;328.0000000;328.3500000;3370
TATN;5;20160302;153500;328.2500000;328.3000000;327.9500000;328.1500000;3080
TATN;5;20160302;154000;328.2000000;329.4500000;328.2000000;329.3500000;13420
TATN;5;20160302;154500;329.3000000;329.5000000;328.8000000;329.3500000;30910
TATN;5;20160302;155000;329.3000000;329.6000000;329.0000000;329.6000000;18140
TATN;5;20160302;155500;329.4000000;329.8000000;329.2500000;329.6500000;6610
TATN;5;20160302;160000;329.7500000;330.9000000;329.6500000;330.9000000;28730
TATN;5;20160302;160500;330.6500000;331.0000000;330.5000000;330.6000000;10900
TATN;5;20160302;161000;330.7000000;331.0000000;330.5000000;330.5000000;7610
TATN;5;20160302;161500;330.5000000;330.7500000;330.2000000;330.7500000;7230
TATN;5;20160302;162000;330.6500000;331.3000000;330.6500000;330.8500000;47450
TATN;5;20160302;162500;331.0000000;331.2000000;330.8000000;331.2000000;14600
TATN;5;20160302;163000;330.9000000;331.0000000;330.8000000;331.0000000;4680
TATN;5;20160302;163500;330.8000000;330.8000000;330.2000000;330.2500000;10660
TATN;5;20160302;164000;330.2500000;330.4000000;329.8500000;329.8500000;3290
TATN;5;20160302;164500;329.9000000;330.7000000;329.9000000;330.2500000;10130
TATN;5;20160302;165000;330.2500000;330.6500000;330.2000000;330.2500000;9390
TATN;5;20160302;165500;330.2500000;330.5500000;330.0000000;330.5500000;4310
TATN;5;20160302;170000;330.6000000;330.8500000;330.2000000;330.7000000;15990
TATN;5;20160302;170500;330.5000000;331.0000000;329.7500000;330.4500000;91310
TATN;5;20160302;171000;330.7000000;331.1000000;330.5500000;330.8500000;54650
TATN;5;20160302;171500;330.8000000;330.9000000;330.5500000;330.6500000;5800
TATN;5;20160302;172000;330.6500000;330.9500000;330.2500000;330.6500000;19080
TATN;5;20160302;172500;330.6500000;330.9500000;330.3500000;330.6500000;16770
TATN;5;20160302;173000;330.6000000;330.8500000;330.3500000;330.5500000;11440
TATN;5;20160302;173500;330.5500000;330.9000000;330.4000000;330.5500000;23860
TATN;5;20160302;174000;330.7000000;330.9000000;330.6000000;330.6000000;18600
TATN;5;20160302;174500;330.6000000;331.9000000;330.5500000;331.8500000;84350
TATN;5;20160302;175000;331.7000000;333.5000000;331.6000000;333.2000000;94930
TATN;5;20160302;175500;333.2000000;334.3000000;332.9500000;333.9000000;63610
TATN;5;20160302;180000;333.8500000;334.5000000;333.7500000;334.4000000;35860
TATN;5;20160302;180500;334.4000000;334.5000000;333.8500000;334.0500000;58760
TATN;5;20160302;181000;334.1500000;334.9500000;334.1000000;334.6500000;29310
TATN;5;20160302;181500;334.6500000;334.6500000;334.2500000;334.2500000;2970
TATN;5;20160302;182000;334.2500000;334.5500000;334.2500000;334.3500000;11650
TATN;5;20160302;182500;334.3000000;334.3000000;332.9500000;333.0500000;10730
TATN;5;20160302;183000;333.0500000;334.2500000;333.0500000;333.8500000;12720
TATN;5;20160302;183500;333.7500000;334.2500000;332.1000000;332.1000000;49840
TATN;5;20160302;184000;332.2500000;333.6000000;332.1500000;333.4000000;38960
TATN;5;20160302;185000;333.6000000;333.6000000;333.6000000;333.6000000;64320
TATN;5;20160303;100500;333.9000000;334.9000000;333.6000000;334.6000000;8190
TATN;5;20160303;101000;334.4500000;334.6000000;333.9000000;333.9000000;13850
TATN;5;20160303;101500;333.9000000;334.7000000;333.6500000;334.5500000;14590
TATN;5;20160303;102000;334.6500000;334.9000000;334.5000000;334.7000000;3700
TATN;5;20160303;102500;334.6500000;335.9500000;334.3500000;334.5500000;34460
TATN;5;20160303;103000;334.2500000;335.0000000;334.2500000;334.7500000;11530
TATN;5;20160303;103500;334.9000000;335.0000000;334.5000000;334.9000000;7770
TATN;5;20160303;104000;334.6500000;334.9000000;334.5000000;334.9000000;1950
TATN;5;20160303;104500;334.9000000;334.9500000;334.6000000;334.9000000;3830
TATN;5;20160303;105000;335.0000000;335.0000000;334.6000000;334.6000000;26220
TATN;5;20160303;105500;334.6000000;334.6000000;334.3000000;334.4500000;15570
TATN;5;20160303;110000;334.4500000;334.6000000;333.8000000;333.8000000;9920
TATN;5;20160303;110500;333.8000000;334.6000000;333.5000000;334.6000000;11190
TATN;5;20160303;111000;334.4500000;334.9000000;334.3000000;334.6000000;8560
TATN;5;20160303;111500;334.4500000;334.4500000;333.7500000;333.9500000;6090
TATN;5;20160303;112000;333.9500000;334.3000000;333.8500000;334.3000000;3430
TATN;5;20160303;112500;334.2500000;334.2500000;332.9000000;333.6000000;38110
TATN;5;20160303;113000;333.3000000;333.8000000;332.6000000;333.6500000;30440
TATN;5;20160303;113500;333.4000000;334.0000000;333.4000000;333.8000000;19620
TATN;5;20160303;114000;333.6500000;334.0000000;333.3500000;333.8500000;36280
TATN;5;20160303;114500;333.9500000;334.0000000;333.5000000;333.7000000;15060
TATN;5;20160303;115000;333.5500000;333.6500000;333.1000000;333.6000000;4610
TATN;5;20160303;115500;333.6000000;333.9000000;333.4500000;333.5000000;3660
TATN;5;20160303;120000;333.4500000;333.6500000;333.3000000;333.3000000;2650
TATN;5;20160303;120500;333.4000000;333.4500000;333.1000000;333.4000000;4770
TATN;5;20160303;121000;333.5000000;333.8000000;333.1000000;333.8000000;9890
TATN;5;20160303;121500;333.5500000;333.6000000;333.0000000;333.1000000;14760
TATN;5;20160303;122000;333.2500000;333.4500000;333.0000000;333.4500000;19100
TATN;5;20160303;122500;333.1500000;333.3500000;333.0500000;333.2500000;2070
TATN;5;20160303;123000;333.3500000;334.1500000;333.1000000;333.9500000;34440
TATN;5;20160303;123500;334.1500000;334.4000000;334.0500000;334.2000000;13970
TATN;5;20160303;124000;334.1000000;334.2500000;334.0000000;334.2000000;7280
TATN;5;20160303;124500;334.2000000;334.2500000;333.9500000;334.2000000;2390
TATN;5;20160303;125000;334.2000000;334.2500000;333.8500000;334.2000000;8140
TATN;5;20160303;125500;334.0000000;334.0500000;333.9000000;334.0500000;1350
TATN;5;20160303;130000;334.0500000;334.9000000;334.0500000;334.6500000;33590
TATN;5;20160303;130500;334.5000000;334.9000000;334.4500000;334.9000000;7600
TATN;5;20160303;131000;334.9000000;334.9000000;334.5000000;334.6000000;4870
TATN;5;20160303;131500;334.6000000;334.9000000;334.5000000;334.8500000;4670
TATN;5;20160303;132000;334.8500000;334.8500000;334.4500000;334.5500000;11100
TATN;5;20160303;132500;334.7000000;334.7000000;334.6000000;334.6500000;1220
TATN;5;20160303;133000;334.7000000;334.7500000;334.3000000;334.6500000;4060
TATN;5;20160303;133500;334.6000000;335.0000000;334.6000000;335.0000000;57920
TATN;5;20160303;134000;335.0000000;336.7000000;335.0000000;336.4000000;85230
TATN;5;20160303;134500;336.4000000;336.7500000;336.1000000;336.4500000;20520
TATN;5;20160303;135000;336.5000000;337.8000000;336.5000000;337.3000000;42610
TATN;5;20160303;135500;337.3000000;337.3000000;336.2000000;336.4000000;19070
TATN;5;20160303;140000;336.2500000;337.6000000;336.2500000;337.6000000;20970
TATN;5;20160303;140500;337.6500000;337.6500000;337.1000000;337.1000000;5470
TATN;5;20160303;141000;337.3000000;338.2500000;337.3000000;338.2500000;19390
TATN;5;20160303;141500;338.1500000;338.5500000;337.9500000;338.3500000;14940
TATN;5;20160303;142000;338.3500000;338.8500000;338.0000000;338.0000000;23720
TATN;5;20160303;142500;337.9000000;338.6500000;337.9000000;338.0000000;8930
TATN;5;20160303;143000;337.9500000;338.1500000;337.8500000;337.8500000;4380
TATN;5;20160303;143500;337.8500000;337.9000000;337.6500000;337.7000000;5470
TATN;5;20160303;144000;337.9000000;338.0000000;337.6000000;337.9000000;6820
TATN;5;20160303;144500;337.8000000;337.9500000;337.7000000;337.8500000;2590
TATN;5;20160303;145000;337.9500000;338.8000000;337.9500000;338.6500000;19750
TATN;5;20160303;145500;338.6000000;338.6000000;338.3500000;338.3500000;10000
TATN;5;20160303;150000;338.4500000;338.6500000;338.3500000;338.6500000;2050
TATN;5;20160303;150500;338.6000000;338.7500000;338.4500000;338.5000000;8360
TATN;5;20160303;151000;338.5000000;338.5500000;338.0500000;338.1000000;9560
TATN;5;20160303;151500;338.2000000;338.4000000;338.1500000;338.1500000;6450
TATN;5;20160303;152000;338.4000000;338.5500000;338.3500000;338.5500000;7140
TATN;5;20160303;152500;338.3500000;338.5500000;338.1500000;338.1500000;12040
TATN;5;20160303;153000;338.2500000;338.2500000;338.1500000;338.2000000;4970
TATN;5;20160303;153500;338.1500000;338.8000000;338.1500000;338.5500000;16760
TATN;5;20160303;154000;338.5000000;339.0000000;338.5000000;338.8500000;16740
TATN;5;20160303;154500;338.9000000;339.8000000;338.7500000;339.7500000;45130
TATN;5;20160303;155000;339.7500000;339.8500000;339.4500000;339.6000000;36940
TATN;5;20160303;155500;339.5500000;339.8500000;339.3500000;339.8000000;31160
TATN;5;20160303;160000;339.8000000;339.9000000;339.7000000;339.8500000;36570
TATN;5;20160303;160500;339.8500000;340.0000000;339.5000000;339.7500000;38210
TATN;5;20160303;161000;339.7500000;339.7500000;339.2500000;339.5500000;10510
TATN;5;20160303;161500;339.6000000;339.7000000;339.0500000;339.1000000;33170
TATN;5;20160303;162000;339.1000000;339.5000000;339.1000000;339.4000000;21590
TATN;5;20160303;162500;339.4000000;339.5000000;339.1000000;339.5000000;13930
TATN;5;20160303;163000;339.5000000;339.8500000;339.3000000;339.8000000;27730
TATN;5;20160303;163500;339.8000000;339.8500000;339.2500000;339.3500000;23640
TATN;5;20160303;164000;339.4000000;339.7000000;339.3500000;339.5500000;6180
TATN;5;20160303;164500;339.5500000;339.7000000;339.2000000;339.6500000;15110
TATN;5;20160303;165000;339.4500000;339.4500000;338.8000000;339.3000000;11760
TATN;5;20160303;165500;339.3000000;339.6500000;337.5500000;338.8000000;60360
TATN;5;20160303;170000;338.7000000;339.0000000;337.9000000;338.0000000;28270
TATN;5;20160303;170500;338.0000000;339.7000000;337.9500000;339.2500000;29190
TATN;5;20160303;171000;339.3500000;339.3500000;337.7000000;337.7000000;27800
TATN;5;20160303;171500;337.7000000;339.1000000;337.2500000;337.6500000;42170
TATN;5;20160303;172000;337.6500000;338.5500000;337.5000000;338.0500000;15180
TATN;5;20160303;172500;338.0000000;338.7000000;337.5000000;337.5000000;21870
TATN;5;20160303;173000;337.5000000;338.6500000;337.2000000;337.7500000;43150
TATN;5;20160303;173500;337.7500000;339.2500000;337.4500000;338.6500000;49660
TATN;5;20160303;174000;338.6500000;338.9000000;337.8000000;338.2500000;28270
TATN;5;20160303;174500;338.2000000;338.8000000;338.0000000;338.1000000;27040
TATN;5;20160303;175000;338.2500000;339.7000000;338.2500000;339.5500000;35960
TATN;5;20160303;175500;339.5500000;340.0000000;339.4000000;339.7500000;33260
TATN;5;20160303;180000;339.8000000;339.8000000;339.1000000;339.2000000;15030
TATN;5;20160303;180500;339.1000000;339.3500000;338.0000000;338.7500000;28720
TATN;5;20160303;181000;338.8000000;339.8500000;338.7000000;339.4000000;24990
TATN;5;20160303;181500;339.4500000;339.5500000;338.8500000;338.9500000;12600
TATN;5;20160303;182000;339.1500000;340.0000000;339.1500000;339.5500000;55290
TATN;5;20160303;182500;339.6500000;339.7000000;339.2500000;339.6000000;32620
TATN;5;20160303;183000;339.6000000;339.7500000;339.0000000;339.4500000;34920
TATN;5;20160303;183500;339.5000000;339.8500000;339.5000000;339.7000000;18010
TATN;5;20160303;184000;339.5500000;340.0000000;339.5500000;340.0000000;239300
TATN;5;20160303;185000;341.0000000;341.0000000;341.0000000;341.0000000;38280
TATN;5;20160304;100500;341.7000000;342.3000000;340.3000000;341.0500000;24540
TATN;5;20160304;101000;340.7500000;340.9000000;340.0500000;340.3000000;22440
TATN;5;20160304;101500;340.0500000;341.1000000;340.0500000;341.1000000;18930
TATN;5;20160304;102000;341.1000000;341.2000000;340.5000000;340.8000000;29990
TATN;5;20160304;102500;340.5500000;340.7500000;340.5500000;340.6500000;1440
TATN;5;20160304;103000;340.6000000;341.0000000;340.6000000;340.9000000;4630
TATN;5;20160304;103500;340.9000000;341.3000000;340.8000000;341.3000000;11770
TATN;5;20160304;104000;341.1500000;341.5500000;341.1000000;341.5000000;11100
TATN;5;20160304;104500;341.5000000;341.8000000;341.3000000;341.6000000;5210
TATN;5;20160304;105000;341.6000000;341.7500000;341.0500000;341.0500000;7800
TATN;5;20160304;105500;341.0500000;341.3500000;341.0000000;341.2000000;5340
TATN;5;20160304;110000;341.3000000;341.3000000;340.6000000;340.7500000;6790
TATN;5;20160304;110500;340.7500000;341.4500000;340.6000000;340.9000000;15720
TATN;5;20160304;111000;340.7000000;341.0000000;340.5000000;340.5000000;12740
TATN;5;20160304;111500;340.6000000;340.8500000;340.6000000;340.8000000;3690
TATN;5;20160304;112000;340.7500000;340.8500000;340.3000000;340.3000000;10560
TATN;5;20160304;112500;340.3000000;340.9500000;340.1500000;340.6500000;14760
TATN;5;20160304;113000;340.5000000;340.9000000;340.2500000;340.4000000;6040
TATN;5;20160304;113500;340.5000000;340.9000000;340.5000000;340.9000000;5340
TATN;5;20160304;114000;340.9500000;341.0000000;340.6000000;341.0000000;38460
TATN;5;20160304;114500;341.0000000;341.0000000;340.7500000;340.9500000;12620
TATN;5;20160304;115000;340.9500000;341.0000000;340.5500000;340.6500000;26480
TATN;5;20160304;115500;340.5500000;340.9000000;340.5500000;340.8500000;3120
TATN;5;20160304;120000;340.6500000;340.9500000;340.5000000;340.9500000;4070
TATN;5;20160304;120500;340.7500000;340.9000000;340.5500000;340.6000000;8760
TATN;5;20160304;121000;340.5500000;340.7000000;340.1000000;340.1000000;8660
TATN;5;20160304;121500;340.1000000;340.5000000;340.0000000;340.2500000;10110
TATN;5;20160304;122000;340.1500000;340.2500000;339.8000000;340.2000000;4990
TATN;5;20160304;122500;340.2000000;340.2000000;339.5500000;339.6500000;4570
TATN;5;20160304;123000;339.7500000;339.7500000;339.3000000;339.6500000;6370
TATN;5;20160304;123500;339.6000000;339.9500000;339.5000000;339.8500000;4560
TATN;5;20160304;124000;339.6500000;340.5000000;339.6500000;340.4000000;17730
TATN;5;20160304;124500;340.5000000;340.5000000;339.4500000;340.0000000;16230
TATN;5;20160304;125000;340.0000000;340.4500000;339.7000000;340.1000000;45540
TATN;5;20160304;125500;340.1000000;340.3000000;340.0500000;340.1500000;2870
TATN;5;20160304;130000;340.3500000;340.7500000;340.2500000;340.7000000;7760
TATN;5;20160304;130500;340.7000000;341.0000000;340.7000000;340.9500000;6850
TATN;5;20160304;131000;340.9000000;340.9500000;340.6500000;340.8000000;6690
TATN;5;20160304;131500;340.8000000;340.9500000;340.5500000;340.9000000;7370
TATN;5;20160304;132000;340.7500000;341.5000000;340.7000000;341.3000000;91060
TATN;5;20160304;132500;341.1500000;341.5500000;341.1000000;341.5000000;4100
TATN;5;20160304;133000;341.4000000;341.7500000;341.3500000;341.7000000;6680
TATN;5;20160304;133500;341.7000000;342.9000000;341.4000000;341.5500000;39180
TATN;5;20160304;134000;341.6000000;341.9500000;341.3500000;341.9500000;6170
TATN;5;20160304;134500;341.9500000;341.9500000;341.3500000;341.3500000;4470
TATN;5;20160304;135000;341.3500000;341.3500000;340.5500000;340.7000000;7900
TATN;5;20160304;135500;340.8500000;341.0500000;340.5500000;340.9000000;15330
TATN;5;20160304;140000;341.0000000;341.5500000;341.0000000;341.2500000;8600
TATN;5;20160304;140500;341.3500000;341.5000000;341.3500000;341.5000000;1990
TATN;5;20160304;141000;341.6000000;341.6500000;341.2500000;341.2500000;2430
TATN;5;20160304;141500;341.2500000;341.4500000;340.9000000;340.9500000;18950
TATN;5;20160304;142000;341.0000000;341.5000000;340.9000000;340.9000000;2710
TATN;5;20160304;142500;341.1500000;341.3000000;341.1500000;341.3000000;260
TATN;5;20160304;143000;341.3000000;341.4000000;341.0000000;341.0000000;4500
TATN;5;20160304;143500;341.0000000;341.3000000;341.0000000;341.0000000;5860
TATN;5;20160304;144000;341.0500000;341.6500000;341.0000000;341.6500000;13300
TATN;5;20160304;144500;341.5000000;342.4500000;341.5000000;342.3500000;11740
TATN;5;20160304;145000;342.5000000;343.5000000;342.4500000;343.3500000;20090
TATN;5;20160304;145500;343.3000000;343.6000000;342.8500000;343.5500000;7340
TATN;5;20160304;150000;343.3500000;343.9500000;343.0000000;343.4500000;38240
TATN;5;20160304;150500;343.6500000;343.7500000;343.5000000;343.7500000;1890
TATN;5;20160304;151000;343.7000000;344.0000000;343.7000000;343.9500000;10040
TATN;5;20160304;151500;343.9000000;344.0000000;343.2500000;343.5000000;7630
TATN;5;20160304;152000;343.5000000;343.6500000;342.8000000;343.2000000;6710
TATN;5;20160304;152500;343.3500000;343.3500000;342.8500000;342.8500000;6320
TATN;5;20160304;153000;343.0500000;343.1500000;342.8500000;343.0000000;2540
TATN;5;20160304;153500;343.1500000;343.7500000;343.1500000;343.7500000;5860
TATN;5;20160304;154000;343.7000000;344.0000000;343.7000000;343.9000000;6830
TATN;5;20160304;154500;343.9000000;344.0500000;343.8500000;344.0500000;8280
TATN;5;20160304;155000;344.0500000;344.9000000;344.0000000;344.8500000;20860
TATN;5;20160304;155500;344.8500000;345.0000000;343.4000000;344.1500000;32410
TATN;5;20160304;160000;344.5000000;345.0000000;344.4500000;344.8000000;34790
TATN;5;20160304;160500;344.8000000;345.0000000;344.5500000;344.6500000;10880
TATN;5;20160304;161000;344.8000000;345.6000000;344.7000000;345.3500000;62350
TATN;5;20160304;161500;345.5500000;345.5500000;345.0500000;345.0500000;13290
TATN;5;20160304;162000;345.2000000;346.3000000;344.1000000;344.1000000;141820
TATN;5;20160304;162500;344.3500000;344.3500000;343.5000000;343.5000000;15020
TATN;5;20160304;163000;343.9000000;343.9500000;343.2000000;343.4000000;7610
TATN;5;20160304;163500;343.8000000;343.9000000;342.5000000;342.9500000;15690
TATN;5;20160304;164000;342.9500000;343.4000000;342.0000000;343.2000000;14930
TATN;5;20160304;164500;343.2000000;343.3500000;342.5000000;343.0000000;6590
TATN;5;20160304;165000;343.0000000;343.1500000;342.5500000;342.7500000;4610
TATN;5;20160304;165500;342.7500000;343.4500000;342.7500000;343.0500000;4770
TATN;5;20160304;170000;343.2500000;343.8000000;342.6500000;343.8000000;3850
TATN;5;20160304;170500;343.7500000;344.3500000;343.6000000;344.2500000;3770
TATN;5;20160304;171000;344.4500000;345.0000000;344.3000000;344.7000000;16510
TATN;5;20160304;171500;344.7000000;344.7500000;344.2500000;344.6000000;8130
TATN;5;20160304;172000;344.5500000;344.6000000;343.7500000;344.1500000;6920
TATN;5;20160304;172500;344.3000000;344.9500000;344.3000000;344.9500000;1750
TATN;5;20160304;173000;344.9500000;345.0000000;344.4000000;345.0000000;4800
TATN;5;20160304;173500;345.0000000;346.9500000;345.0000000;346.6500000;42680
TATN;5;20160304;174000;346.7000000;347.4000000;346.4000000;346.8000000;79120
TATN;5;20160304;174500;346.8000000;346.8500000;345.2500000;345.9500000;45360
TATN;5;20160304;175000;346.0000000;346.2500000;344.6500000;345.0000000;95780
TATN;5;20160304;175500;345.0000000;345.0000000;344.4000000;344.4000000;51240
TATN;5;20160304;180000;344.7500000;345.0000000;344.6000000;344.8500000;19630
TATN;5;20160304;180500;345.0000000;345.0000000;344.6000000;345.0000000;15260
TATN;5;20160304;181000;345.0000000;345.0000000;344.9500000;345.0000000;30940
TATN;5;20160304;181500;345.0000000;345.0000000;344.7500000;344.8500000;56560
TATN;5;20160304;182000;344.9500000;346.0000000;344.8000000;345.9000000;56060
TATN;5;20160304;182500;346.0000000;347.3000000;345.7500000;345.9500000;59130
TATN;5;20160304;183000;346.5000000;346.7500000;345.7000000;345.7500000;9980
TATN;5;20160304;183500;345.8500000;345.8500000;344.1500000;344.2000000;20110
TATN;5;20160304;184000;344.4000000;348.1500000;344.2500000;348.1500000;199670
TATN;5;20160304;185000;348.4000000;348.4000000;348.4000000;348.4000000;100510
TATN;5;20160307;100500;348.9000000;349.8000000;348.2500000;349.2000000;15860
TATN;5;20160307;101000;349.2500000;349.2500000;348.1500000;348.1500000;8370
TATN;5;20160307;101500;348.1500000;348.7500000;348.1500000;348.5000000;13370
TATN;5;20160307;102000;348.4500000;349.0000000;348.4000000;349.0000000;4990
TATN;5;20160307;102500;348.8000000;349.3000000;348.8000000;349.0000000;17170
TATN;5;20160307;103000;349.2500000;349.3000000;348.9500000;348.9500000;7480
TATN;5;20160307;103500;349.0000000;349.3000000;348.9000000;348.9500000;7180
TATN;5;20160307;104000;348.9500000;349.2500000;348.6500000;348.6500000;6140
TATN;5;20160307;104500;348.6500000;348.6500000;348.5000000;348.6500000;1480
TATN;5;20160307;105000;348.8500000;349.6000000;348.8500000;349.3500000;12070
TATN;5;20160307;105500;349.4500000;349.7000000;349.3500000;349.7000000;3950
TATN;5;20160307;110000;349.7000000;349.7000000;349.2000000;349.3500000;2380
TATN;5;20160307;110500;349.4500000;350.2000000;348.7000000;350.1500000;25330
TATN;5;20160307;111000;350.2000000;351.1000000;349.8500000;351.1000000;11930
TATN;5;20160307;111500;351.2000000;352.7000000;350.7000000;352.6000000;51780
TATN;5;20160307;112000;352.7000000;352.9500000;351.5500000;352.2500000;27420
TATN;5;20160307;112500;351.9500000;352.3500000;351.2500000;351.3500000;14140
TATN;5;20160307;113000;351.3500000;351.5500000;351.2500000;351.4000000;12560
TATN;5;20160307;113500;351.3500000;351.7000000;350.1500000;350.2000000;26270
TATN;5;20160307;114000;350.2000000;350.3000000;349.4000000;349.5000000;13880
TATN;5;20160307;114500;349.5000000;349.7000000;349.5000000;349.6000000;1050
TATN;5;20160307;115000;349.6000000;350.2500000;349.6000000;349.7500000;10810
TATN;5;20160307;115500;349.8000000;350.4000000;349.8000000;350.3500000;5040
TATN;5;20160307;120000;350.1500000;351.0500000;350.1500000;350.5500000;4740
TATN;5;20160307;120500;350.5500000;350.6000000;349.5000000;349.9000000;10480
TATN;5;20160307;121000;350.0000000;350.1500000;349.7000000;350.1000000;2280
TATN;5;20160307;121500;350.1500000;350.3000000;350.0000000;350.1000000;2480
TATN;5;20160307;122000;350.1000000;350.7500000;350.1000000;350.3500000;3790
TATN;5;20160307;122500;350.6000000;350.6000000;350.1500000;350.4500000;12070
TATN;5;20160307;123000;350.2000000;350.3500000;350.1000000;350.1500000;10430
TATN;5;20160307;123500;350.1500000;350.1500000;349.7000000;349.7500000;2480
TATN;5;20160307;124000;349.7500000;350.5000000;349.7500000;350.4000000;4450
TATN;5;20160307;124500;350.5000000;351.3000000;350.4000000;351.0000000;6080
TATN;5;20160307;125000;351.0000000;351.3000000;350.8500000;351.2000000;5330
TATN;5;20160307;125500;351.3000000;351.4000000;350.5500000;350.6000000;3680
TATN;5;20160307;130000;350.6000000;350.7500000;349.5000000;349.5000000;10360
TATN;5;20160307;130500;349.7000000;349.9500000;349.1500000;349.1500000;7610
TATN;5;20160307;131000;349.1500000;349.7500000;349.1000000;349.3500000;2020
TATN;5;20160307;131500;349.3500000;350.1000000;349.1500000;349.3000000;5950
TATN;5;20160307;132000;349.2000000;349.4500000;349.0000000;349.0000000;4950
TATN;5;20160307;132500;349.0000000;349.3000000;348.5000000;348.6500000;5850
TATN;5;20160307;133000;348.7000000;349.2500000;348.7000000;348.7500000;6260
TATN;5;20160307;133500;348.7500000;349.5000000;348.7500000;349.3000000;1530
TATN;5;20160307;134000;349.3000000;349.6500000;349.0000000;349.5000000;7160
TATN;5;20160307;134500;349.6500000;350.0000000;349.4000000;349.8000000;10020
TATN;5;20160307;135000;350.0000000;350.7000000;349.5000000;349.6500000;15400
TATN;5;20160307;135500;350.0000000;350.0500000;349.5500000;349.9500000;3160
TATN;5;20160307;140000;349.7500000;350.9500000;349.7500000;350.8500000;7760
TATN;5;20160307;140500;350.8500000;350.9000000;350.4500000;350.4500000;1620
TATN;5;20160307;141000;350.7000000;350.7500000;350.3000000;350.3000000;1980
TATN;5;20160307;141500;350.2500000;350.4000000;349.8000000;349.9500000;4410
TATN;5;20160307;142000;350.0000000;350.2500000;349.5500000;349.9500000;5830
TATN;5;20160307;142500;349.7500000;349.9500000;349.2500000;349.3000000;2410
TATN;5;20160307;143000;349.3000000;349.3000000;348.8000000;349.3000000;3140
TATN;5;20160307;143500;349.3000000;349.5500000;349.2500000;349.2500000;920
TATN;5;20160307;144000;349.2500000;349.7000000;349.2500000;349.3500000;1300
TATN;5;20160307;144500;349.3500000;349.5500000;349.3000000;349.3500000;650
TATN;5;20160307;145000;349.3500000;349.5500000;349.0000000;349.0500000;900
TATN;5;20160307;145500;349.0500000;349.6000000;349.0500000;349.6000000;2570
TATN;5;20160307;150000;349.3500000;349.5500000;349.1500000;349.1500000;3160
TATN;5;20160307;150500;349.1500000;349.4500000;349.1500000;349.3000000;2850
TATN;5;20160307;151000;349.3000000;350.1000000;349.0500000;349.7500000;4580
TATN;5;20160307;151500;349.8500000;350.1000000;349.4000000;349.4000000;3110
TATN;5;20160307;152000;349.4000000;349.6500000;348.8500000;348.8500000;23580
TATN;5;20160307;152500;348.8500000;349.3000000;348.7500000;348.9000000;22270
TATN;5;20160307;153000;348.7500000;349.3500000;348.7500000;349.0000000;18090
TATN;5;20160307;153500;348.8500000;349.0500000;348.7000000;348.7000000;6810
TATN;5;20160307;154000;348.7000000;349.0000000;348.7000000;348.7500000;5940
TATN;5;20160307;154500;348.7500000;348.9500000;348.7500000;348.7500000;1820
TATN;5;20160307;155000;348.9500000;349.9500000;348.7000000;349.6000000;21780
TATN;5;20160307;155500;349.6000000;350.9500000;349.6000000;350.3500000;8430
TATN;5;20160307;160000;350.3500000;350.3500000;350.0000000;350.2500000;1640
TATN;5;20160307;160500;350.1000000;351.2000000;350.1000000;350.5500000;12960
TATN;5;20160307;161000;350.5500000;350.9500000;350.4500000;350.7000000;2960
TATN;5;20160307;161500;350.7000000;351.1500000;350.5500000;350.9000000;4750
TATN;5;20160307;162000;351.0000000;351.9500000;351.0000000;351.6500000;16900
TATN;5;20160307;162500;351.6500000;353.1500000;351.6500000;352.2500000;37140
TATN;5;20160307;163000;352.2500000;352.8000000;351.9500000;352.4500000;10870
TATN;5;20160307;163500;352.2500000;352.8000000;351.9000000;352.5500000;11820
TATN;5;20160307;164000;352.3000000;352.5500000;351.4000000;351.4000000;3750
TATN;5;20160307;164500;351.4000000;351.6500000;351.1000000;351.1500000;6530
TATN;5;20160307;165000;351.1500000;351.4500000;350.7500000;350.7500000;14590
TATN;5;20160307;165500;350.8000000;351.5000000;349.7500000;350.0500000;16880
TATN;5;20160307;170000;350.1000000;351.0000000;349.4000000;349.7500000;41960
TATN;5;20160307;170500;349.7500000;351.0500000;349.5000000;350.7500000;25100
TATN;5;20160307;171000;350.7500000;350.9500000;349.5500000;350.1500000;21140
TATN;5;20160307;171500;350.1500000;351.3000000;349.6500000;351.3000000;16930
TATN;5;20160307;172000;351.0500000;352.0500000;349.9500000;352.0500000;19390
TATN;5;20160307;172500;352.0500000;352.3500000;351.2000000;351.5000000;22460
TATN;5;20160307;173000;351.7000000;352.4500000;351.7000000;352.3500000;9680
TATN;5;20160307;173500;352.5000000;352.9000000;352.1500000;352.7500000;20580
TATN;5;20160307;174000;352.7000000;353.0000000;352.6500000;352.8500000;14440
TATN;5;20160307;174500;352.8500000;353.0000000;352.7500000;352.7500000;28410
TATN;5;20160307;175000;352.9500000;353.4000000;352.8000000;353.1000000;44730
TATN;5;20160307;175500;353.2000000;353.5000000;352.2000000;352.4500000;69100
TATN;5;20160307;180000;352.4000000;353.3000000;352.2000000;352.5000000;28760
TATN;5;20160307;180500;352.6500000;352.9500000;352.1500000;352.9000000;17200
TATN;5;20160307;181000;352.6500000;353.1500000;352.2500000;352.3000000;4690
TATN;5;20160307;181500;352.3000000;352.7000000;352.3000000;352.3500000;6990
TATN;5;20160307;182000;352.3500000;353.4000000;352.3500000;353.3500000;20010
TATN;5;20160307;182500;353.3500000;353.4500000;352.6000000;353.3500000;24890
TATN;5;20160307;183000;353.2000000;353.6000000;352.4000000;353.1000000;26640
TATN;5;20160307;183500;353.2500000;353.3000000;351.7000000;352.9500000;28300
TATN;5;20160307;184000;353.1500000;354.9000000;352.3500000;352.5000000;85850
TATN;5;20160307;185000;355.1000000;355.1000000;355.1000000;355.1000000;96350
TATN;5;20160309;100500;352.0000000;358.4500000;351.7500000;357.4000000;170420
TATN;5;20160309;101000;357.2500000;357.2500000;355.0000000;355.4500000;42250
TATN;5;20160309;101500;355.4500000;355.4500000;354.2500000;354.2500000;18800
TATN;5;20160309;102000;354.2000000;357.4000000;353.7500000;356.6500000;130270
TATN;5;20160309;102500;356.6500000;356.9000000;356.0000000;356.1500000;21760
TATN;5;20160309;103000;356.2500000;356.2500000;355.4500000;355.4500000;8770
TATN;5;20160309;103500;355.6500000;355.7500000;354.3000000;354.3000000;29370
TATN;5;20160309;104000;354.2500000;355.1000000;353.1500000;353.5500000;78120
TATN;5;20160309;104500;353.6500000;354.3500000;352.8000000;353.9500000;85220
TATN;5;20160309;105000;354.0000000;354.3000000;353.5500000;353.8000000;18740
TATN;5;20160309;105500;353.9000000;354.3500000;353.5500000;353.5500000;7710
TATN;5;20160309;110000;353.5500000;354.1000000;353.5500000;353.5500000;8620
TATN;5;20160309;110500;353.5500000;353.8000000;348.5000000;349.3000000;119360
TATN;5;20160309;111000;349.7000000;349.7000000;348.2500000;348.3000000;68610
TATN;5;20160309;111500;348.5000000;349.5000000;347.9000000;349.2500000;31900
TATN;5;20160309;112000;349.2500000;350.6500000;349.1000000;350.6500000;33230
TATN;5;20160309;112500;350.6500000;350.7500000;349.3500000;349.4500000;20990
TATN;5;20160309;113000;349.6000000;350.7000000;349.6000000;349.9500000;16980
TATN;5;20160309;113500;350.2000000;351.7000000;350.1000000;350.2500000;22190
TATN;5;20160309;114000;350.4000000;350.6500000;348.8000000;349.0000000;18700
TATN;5;20160309;114500;349.0000000;349.6500000;348.8500000;349.1000000;23150
TATN;5;20160309;115000;349.2500000;350.9500000;349.1500000;350.7000000;23220
TATN;5;20160309;115500;350.8500000;351.3500000;350.5000000;350.5000000;20360
TATN;5;20160309;120000;350.7500000;351.3500000;350.6500000;350.8000000;33860
TATN;5;20160309;120500;350.5000000;351.0500000;349.3500000;351.0500000;22290
TATN;5;20160309;121000;351.0500000;351.6500000;350.7500000;351.4000000;26450
TATN;5;20160309;121500;351.5500000;352.5000000;351.0000000;352.5000000;30600
TATN;5;20160309;122000;352.3500000;352.6500000;351.2000000;351.5500000;26990
TATN;5;20160309;122500;351.6000000;352.3500000;351.6000000;352.0500000;16610
TATN;5;20160309;123000;352.0500000;352.6500000;351.9500000;352.6500000;17160
TATN;5;20160309;123500;352.4000000;352.7000000;351.6000000;352.0000000;20960
TATN;5;20160309;124000;352.1000000;352.1000000;350.6500000;351.4500000;29850
TATN;5;20160309;124500;351.2000000;351.8500000;350.4500000;350.5000000;24160
TATN;5;20160309;125000;350.5000000;351.1500000;350.0000000;350.5000000;15650
TATN;5;20160309;125500;350.5000000;350.5000000;349.5000000;349.9500000;11020
TATN;5;20160309;130000;349.9500000;350.0500000;349.3000000;349.3500000;15450
TATN;5;20160309;130500;349.4500000;349.7500000;349.1000000;349.7500000;5410
TATN;5;20160309;131000;349.9000000;350.5000000;349.6500000;350.0000000;8320
TATN;5;20160309;131500;350.2000000;350.9500000;350.0000000;350.6500000;15270
TATN;5;20160309;132000;350.3500000;350.5500000;350.3000000;350.4500000;6210
TATN;5;20160309;132500;350.5000000;350.8500000;350.4000000;350.6000000;4300
TATN;5;20160309;133000;350.6500000;350.6500000;349.6000000;349.7000000;7480
TATN;5;20160309;133500;349.6500000;349.7500000;349.2000000;349.5000000;7040
TATN;5;20160309;134000;349.7500000;349.7500000;349.6000000;349.7500000;1720
TATN;5;20160309;134500;349.7500000;350.1500000;349.5500000;349.6000000;8300
TATN;5;20160309;135000;349.8000000;349.8000000;349.3000000;349.3500000;3620
TATN;5;20160309;135500;349.3000000;349.7500000;349.2500000;349.6000000;5330
TATN;5;20160309;140000;349.6000000;350.1000000;349.0000000;349.1000000;16230
TATN;5;20160309;140500;349.0000000;349.5000000;348.9000000;349.5000000;7990
TATN;5;20160309;141000;349.5500000;349.5500000;349.2000000;349.4000000;3380
TATN;5;20160309;141500;349.4000000;350.0000000;349.4000000;349.5000000;6430
TATN;5;20160309;142000;349.6500000;349.9500000;349.3000000;349.3000000;5280
TATN;5;20160309;142500;349.3000000;349.6500000;349.3000000;349.6500000;5490
TATN;5;20160309;143000;349.6500000;350.4500000;349.5000000;350.4500000;9300
TATN;5;20160309;143500;350.4500000;351.8500000;350.3500000;351.4500000;49470
TATN;5;20160309;144000;351.6500000;351.9500000;351.2000000;351.4500000;44460
TATN;5;20160309;144500;351.5500000;351.5500000;350.3000000;351.0000000;15130
TATN;5;20160309;145000;350.8500000;351.0000000;350.3000000;350.5000000;6750
TATN;5;20160309;145500;350.5000000;351.2000000;350.2500000;350.9500000;9050
TATN;5;20160309;150000;350.9000000;351.0500000;350.3500000;350.3500000;6160
TATN;5;20160309;150500;350.3500000;350.6500000;350.1000000;350.1000000;7580
TATN;5;20160309;151000;350.3000000;351.0000000;349.8500000;351.0000000;10820
TATN;5;20160309;151500;351.1500000;352.6500000;350.4500000;352.5000000;21780
TATN;5;20160309;152000;352.5500000;352.5500000;351.0500000;351.0500000;5100
TATN;5;20160309;152500;351.3500000;352.0000000;350.6000000;350.7000000;11630
TATN;5;20160309;153000;350.5000000;351.1500000;350.4500000;350.5000000;9410
TATN;5;20160309;153500;350.6500000;351.0000000;350.4500000;350.7500000;11400
TATN;5;20160309;154000;350.5500000;350.7000000;350.3500000;350.4000000;5770
TATN;5;20160309;154500;350.4000000;350.5000000;349.8000000;350.0500000;7240
TATN;5;20160309;155000;350.0500000;350.1000000;350.0000000;350.1000000;1660
TATN;5;20160309;155500;350.1000000;350.1000000;349.4000000;349.4000000;5070
TATN;5;20160309;160000;349.6000000;350.1000000;349.5500000;349.6000000;7490
TATN;5;20160309;160500;349.8500000;350.3000000;349.6000000;349.8500000;10940
TATN;5;20160309;161000;349.8500000;350.1000000;349.5500000;349.6500000;2720
TATN;5;20160309;161500;349.4000000;349.8000000;349.2500000;349.3000000;9880
TATN;5;20160309;162000;349.6000000;350.4500000;349.5500000;350.3500000;7500
TATN;5;20160309;162500;350.2000000;350.4500000;349.5500000;349.5500000;13970
TATN;5;20160309;163000;349.7500000;349.8000000;349.2500000;349.3500000;8490
TATN;5;20160309;163500;349.2500000;349.4000000;349.0500000;349.3500000;10650
TATN;5;20160309;164000;349.3500000;349.3500000;349.0000000;349.0000000;5370
TATN;5;20160309;164500;349.2000000;349.2000000;348.3000000;348.3000000;29740
TATN;5;20160309;165000;348.3000000;348.4500000;347.7500000;348.2500000;32480
TATN;5;20160309;165500;348.4500000;348.4500000;347.2000000;347.5000000;22780
TATN;5;20160309;170000;347.4500000;347.5500000;346.9000000;347.0000000;26970
TATN;5;20160309;170500;347.1500000;348.4500000;347.1500000;348.1500000;33050
TATN;5;20160309;171000;348.1000000;348.1000000;347.3500000;347.7000000;13330
TATN;5;20160309;171500;347.8000000;348.0000000;347.6000000;347.9000000;8320
TATN;5;20160309;172000;347.9000000;348.4500000;347.3000000;347.4000000;20300
TATN;5;20160309;172500;347.3500000;347.9500000;347.3000000;347.3500000;9710
TATN;5;20160309;173000;347.3000000;347.7500000;347.2000000;347.5000000;11040
TATN;5;20160309;173500;347.5000000;348.3500000;347.5000000;348.1500000;9560
TATN;5;20160309;174000;348.1500000;348.7500000;347.3500000;347.4000000;30530
TATN;5;20160309;174500;347.5500000;347.8500000;347.1000000;347.3500000;38760
TATN;5;20160309;175000;347.5000000;347.5000000;346.9000000;347.2000000;29210
TATN;5;20160309;175500;347.0500000;347.2000000;346.3500000;347.1500000;44780
TATN;5;20160309;180000;347.2000000;348.1500000;346.7500000;346.9500000;15390
TATN;5;20160309;180500;346.9500000;347.4500000;346.6000000;347.2000000;30650
TATN;5;20160309;181000;347.2000000;347.7500000;346.3000000;346.3000000;20270
TATN;5;20160309;181500;346.3000000;346.7500000;346.0500000;346.2500000;27070
TATN;5;20160309;182000;346.2500000;346.5500000;345.4500000;345.7000000;31540
TATN;5;20160309;182500;345.6500000;345.6500000;343.8000000;343.8500000;79990
TATN;5;20160309;183000;343.8500000;345.1000000;343.1500000;344.7000000;96250
TATN;5;20160309;183500;344.6000000;347.0500000;344.5500000;347.0000000;69510
TATN;5;20160309;184000;346.9500000;353.3000000;346.0500000;350.2500000;321600
TATN;5;20160309;185000;347.7000000;347.7000000;347.7000000;347.7000000;47340
TATN;5;20160310;100500;349.1000000;349.2500000;346.5000000;347.7000000;23020
TATN;5;20160310;101000;347.6000000;347.6500000;346.2500000;346.4500000;9750
TATN;5;20160310;101500;346.5000000;347.9000000;346.5000000;347.7500000;19830
TATN;5;20160310;102000;347.7500000;348.7500000;346.5000000;346.5000000;17230
TATN;5;20160310;102500;346.5500000;347.1000000;345.8000000;346.3500000;23180
TATN;5;20160310;103000;346.2500000;346.3500000;345.8000000;345.9500000;7840
TATN;5;20160310;103500;345.9000000;347.4000000;345.8000000;346.5500000;38790
TATN;5;20160310;104000;346.5500000;346.9000000;346.5500000;346.9000000;4440
TATN;5;20160310;104500;346.7000000;346.8500000;345.9500000;346.0500000;12700
TATN;5;20160310;105000;346.0500000;346.0500000;345.6000000;345.9000000;14360
TATN;5;20160310;105500;345.9500000;346.2500000;345.9500000;346.1000000;9980
TATN;5;20160310;110000;346.4000000;346.4000000;345.0500000;345.1000000;3560
TATN;5;20160310;110500;345.2500000;345.7000000;345.0000000;345.1000000;6910
TATN;5;20160310;111000;345.0500000;345.1000000;344.1500000;345.0500000;21070
TATN;5;20160310;111500;345.4000000;346.5000000;345.4000000;345.9500000;14720
TATN;5;20160310;112000;345.9000000;347.2500000;344.9500000;345.9000000;42820
TATN;5;20160310;112500;346.5500000;347.5500000;345.3000000;346.0000000;35960
TATN;5;20160310;113000;346.0000000;347.2500000;346.0000000;346.9000000;36390
TATN;5;20160310;113500;347.2000000;347.7000000;346.3000000;347.7000000;39870
TATN;5;20160310;114000;347.7500000;348.7000000;347.3500000;348.1500000;23210
TATN;5;20160310;114500;348.2000000;348.8000000;347.9000000;348.3500000;11920
TATN;5;20160310;115000;348.3500000;348.4000000;347.6500000;348.0500000;4110
TATN;5;20160310;115500;348.1000000;348.4500000;347.9000000;348.3000000;17550
TATN;5;20160310;120000;348.4500000;348.8500000;347.4000000;348.5500000;40940
TATN;5;20160310;120500;348.5500000;348.9000000;348.0000000;348.9000000;25810
TATN;5;20160310;121000;348.7000000;349.0000000;348.7000000;348.8500000;14380
TATN;5;20160310;121500;348.9000000;349.1000000;348.0500000;349.1000000;11900
TATN;5;20160310;122000;348.9000000;349.4000000;348.4000000;348.5000000;18170
TATN;5;20160310;122500;348.7000000;349.0000000;348.7000000;348.9500000;3210
TATN;5;20160310;123000;348.9500000;349.0000000;348.2000000;348.8000000;4870
TATN;5;20160310;123500;348.8000000;349.0500000;348.1000000;348.1000000;6390
TATN;5;20160310;124000;348.0000000;348.1000000;347.5000000;347.7500000;7350
TATN;5;20160310;124500;347.5000000;348.9000000;347.5000000;348.8500000;18410
TATN;5;20160310;125000;348.8500000;348.9000000;348.2000000;348.7500000;8750
TATN;5;20160310;125500;348.6500000;348.6500000;348.1000000;348.1500000;940
TATN;5;20160310;130000;348.1500000;348.5500000;347.9500000;348.3000000;6450
TATN;5;20160310;130500;348.1000000;348.5500000;348.1000000;348.3000000;6570
TATN;5;20160310;131000;348.3000000;348.4000000;347.8500000;348.0500000;3690
TATN;5;20160310;131500;348.0500000;348.4000000;348.0500000;348.3500000;3310
TATN;5;20160310;132000;348.5000000;348.5000000;348.4000000;348.4000000;5940
TATN;5;20160310;132500;348.3000000;348.3000000;346.7000000;347.4500000;14230
TATN;5;20160310;133000;347.4500000;347.9500000;347.1500000;347.4000000;14080
TATN;5;20160310;133500;347.3000000;347.3000000;346.7500000;347.1000000;14980
TATN;5;20160310;134000;347.1000000;347.6500000;346.8000000;347.6500000;11510
TATN;5;20160310;134500;347.4000000;347.7000000;347.1500000;347.6000000;2610
TATN;5;20160310;135000;347.5000000;347.5000000;347.4500000;347.4500000;1460
TATN;5;20160310;135500;347.4500000;347.6500000;347.2500000;347.6500000;1600
TATN;5;20160310;140000;347.6000000;347.6000000;347.3000000;347.3500000;1140
TATN;5;20160310;140500;347.3000000;347.3000000;347.3000000;347.3000000;250
TATN;5;20160310;141000;347.1500000;347.6500000;346.7500000;347.6500000;7050
TATN;5;20160310;141500;347.6500000;347.7000000;347.1000000;347.6500000;5780
TATN;5;20160310;142000;347.3500000;347.3500000;346.7000000;347.2500000;3070
TATN;5;20160310;142500;347.2500000;347.6000000;346.8500000;346.8500000;5840
TATN;5;20160310;143000;346.7500000;347.0500000;346.5000000;346.8500000;15490
TATN;5;20160310;143500;347.1500000;347.7000000;347.1500000;347.7000000;2360
TATN;5;20160310;144000;347.7000000;348.0500000;346.8000000;347.1000000;16400
TATN;5;20160310;144500;347.1500000;347.7500000;347.1000000;347.5500000;13330
TATN;5;20160310;145000;347.6000000;347.8000000;347.4000000;347.8000000;5490
TATN;5;20160310;145500;347.8500000;348.0500000;347.7000000;348.0500000;9010
TATN;5;20160310;150000;347.6000000;347.9000000;347.6000000;347.9000000;510
TATN;5;20160310;150500;347.7000000;348.0000000;347.3000000;347.6500000;4790
TATN;5;20160310;151000;347.9000000;348.1500000;347.8000000;347.9000000;6250
TATN;5;20160310;151500;348.1000000;348.7000000;347.9500000;348.7000000;11400
TATN;5;20160310;152000;348.4000000;348.8000000;348.3500000;348.7000000;17060
TATN;5;20160310;152500;348.7000000;348.7000000;348.3500000;348.3500000;610
TATN;5;20160310;153000;348.5500000;348.6000000;347.9500000;348.0500000;23140
TATN;5;20160310;153500;348.0500000;348.0500000;347.8000000;347.8000000;2700
TATN;5;20160310;154000;347.7500000;347.7500000;347.1000000;347.1500000;4410
TATN;5;20160310;154500;347.1000000;347.1500000;346.2000000;347.1500000;6380
TATN;5;20160310;155000;346.9500000;347.6000000;346.7000000;346.7000000;8120
TATN;5;20160310;155500;347.1500000;348.0000000;347.1500000;348.0000000;4610
TATN;5;20160310;160000;347.6000000;347.6000000;346.6500000;346.7500000;12490
TATN;5;20160310;160500;347.0000000;347.5000000;346.9500000;347.0500000;3490
TATN;5;20160310;161000;347.0500000;348.3500000;347.0000000;348.2000000;15700
TATN;5;20160310;161500;347.8000000;348.7000000;347.7500000;348.5500000;13030
TATN;5;20160310;162000;348.3000000;348.7500000;348.3000000;348.7000000;4780
TATN;5;20160310;162500;348.3500000;348.9000000;348.3500000;348.7000000;22790
TATN;5;20160310;163000;348.6500000;348.9000000;348.6500000;348.8500000;10880
TATN;5;20160310;163500;348.7000000;348.9000000;348.3000000;348.8500000;27530
TATN;5;20160310;164000;348.8000000;349.3000000;348.7000000;348.9500000;36300
TATN;5;20160310;164500;348.7500000;349.2500000;348.7500000;348.7500000;6110
TATN;5;20160310;165000;348.7000000;348.7000000;348.4000000;348.5500000;2830
TATN;5;20160310;165500;348.4000000;348.8000000;348.1500000;348.8000000;10910
TATN;5;20160310;170000;348.6500000;349.4000000;348.4500000;348.7500000;13290
TATN;5;20160310;170500;348.7500000;349.4000000;348.7500000;348.9000000;7400
TATN;5;20160310;171000;349.4000000;349.8000000;349.4000000;349.8000000;27040
TATN;5;20160310;171500;349.8000000;350.0000000;349.0500000;349.6000000;15730
TATN;5;20160310;172000;349.6000000;349.7500000;349.0500000;349.5500000;6480
TATN;5;20160310;172500;349.2500000;349.8500000;348.4500000;348.8500000;22300
TATN;5;20160310;173000;348.6500000;348.9500000;346.7000000;347.2000000;54510
TATN;5;20160310;173500;347.0500000;348.0000000;347.0000000;347.4500000;21960
TATN;5;20160310;174000;347.4500000;348.6500000;346.2500000;348.6500000;31140
TATN;5;20160310;174500;348.4500000;348.4500000;346.8000000;346.8000000;13190
TATN;5;20160310;175000;346.8000000;346.9500000;346.0000000;346.2000000;14840
TATN;5;20160310;175500;346.0500000;347.3000000;346.0000000;346.6000000;15610
TATN;5;20160310;180000;346.6000000;347.1500000;346.1000000;346.6000000;21720
TATN;5;20160310;180500;346.5000000;347.3500000;346.0500000;346.9500000;21270
TATN;5;20160310;181000;346.9500000;347.7000000;346.9500000;347.2000000;5740
TATN;5;20160310;181500;347.2000000;347.4000000;346.8500000;347.3500000;12430
TATN;5;20160310;182000;347.1500000;347.8000000;347.1500000;347.4000000;10190
TATN;5;20160310;182500;347.3000000;348.0500000;347.3000000;347.8500000;16940
TATN;5;20160310;183000;347.6000000;348.0500000;346.6000000;346.8500000;28750
TATN;5;20160310;183500;346.9500000;347.8500000;346.6500000;347.7000000;33640
TATN;5;20160310;184000;347.6500000;348.0500000;346.1500000;346.1500000;49570
TATN;5;20160310;185000;349.6000000;349.6000000;349.6000000;349.6000000;104950
TATN;5;20160311;100500;350.0500000;350.7500000;348.3000000;348.4500000;33540
TATN;5;20160311;101000;348.6000000;348.6000000;347.9500000;347.9500000;20610
TATN;5;20160311;101500;348.0500000;348.3500000;347.5000000;347.8000000;14010
TATN;5;20160311;102000;347.9000000;347.9000000;347.3000000;347.4500000;7880
TATN;5;20160311;102500;347.5000000;348.0000000;347.1500000;348.0000000;8690
TATN;5;20160311;103000;347.9500000;348.7000000;346.9000000;347.7500000;18330
TATN;5;20160311;103500;347.6000000;347.6000000;346.8500000;346.8500000;13750
TATN;5;20160311;104000;346.8500000;347.8000000;346.8500000;347.4000000;10130
TATN;5;20160311;104500;347.2500000;348.0000000;347.2000000;347.6000000;8540
TATN;5;20160311;105000;347.6500000;347.6500000;346.9500000;347.1000000;4540
TATN;5;20160311;105500;347.1000000;347.5000000;347.0500000;347.2000000;7910
TATN;5;20160311;110000;347.2000000;347.4000000;347.0000000;347.4000000;6000
TATN;5;20160311;110500;347.4000000;347.6000000;347.0000000;347.0000000;4350
TATN;5;20160311;111000;346.9500000;347.1500000;346.5500000;346.6500000;9630
TATN;5;20160311;111500;346.6500000;347.9000000;346.6500000;347.2500000;12270
TATN;5;20160311;112000;347.2000000;347.5000000;346.9500000;347.1500000;4890
TATN;5;20160311;112500;347.1000000;347.1000000;346.7000000;346.9000000;3710
TATN;5;20160311;113000;346.9000000;347.2500000;346.5500000;346.5500000;5990
TATN;5;20160311;113500;346.5500000;347.9000000;346.5500000;347.5500000;30110
TATN;5;20160311;114000;347.4000000;347.4000000;346.9000000;346.9000000;1480
TATN;5;20160311;114500;346.7000000;347.3500000;346.7000000;347.0000000;3470
TATN;5;20160311;115000;346.7000000;347.2000000;346.7000000;347.1000000;6880
TATN;5;20160311;115500;347.2000000;347.2000000;346.5500000;346.5500000;10860
TATN;5;20160311;120000;346.5500000;347.2000000;346.1500000;347.0500000;22700
TATN;5;20160311;120500;347.0500000;347.2000000;346.1500000;346.6000000;15040
TATN;5;20160311;121000;346.6500000;347.1500000;346.1500000;346.6500000;9010
TATN;5;20160311;121500;346.6000000;347.0000000;346.2000000;346.7500000;4130
TATN;5;20160311;122000;346.6000000;347.0000000;346.5000000;346.9000000;3890
TATN;5;20160311;122500;346.9000000;347.5500000;346.3500000;346.5000000;18370
TATN;5;20160311;123000;346.4500000;347.1000000;345.5000000;345.5000000;42280
TATN;5;20160311;123500;345.5000000;345.8500000;345.4000000;345.8000000;7510
TATN;5;20160311;124000;345.7500000;345.9500000;345.6000000;345.6000000;3570
TATN;5;20160311;124500;345.6000000;346.0000000;345.5500000;345.7500000;3770
TATN;5;20160311;125000;345.7500000;346.3000000;345.7000000;346.3000000;4430
TATN;5;20160311;125500;346.3500000;346.7000000;346.2000000;346.2000000;6400
TATN;5;20160311;130000;346.0000000;346.2500000;345.7500000;346.1000000;3500
TATN;5;20160311;130500;345.9500000;346.4500000;345.6500000;346.4500000;8170
TATN;5;20160311;131000;346.4500000;347.1500000;346.4500000;347.1000000;13300
TATN;5;20160311;131500;347.1000000;347.7000000;346.9500000;347.7000000;11340
TATN;5;20160311;132000;347.7000000;350.5000000;347.6000000;349.6500000;66660
TATN;5;20160311;132500;349.4500000;349.9500000;349.2500000;349.2500000;11580
TATN;5;20160311;133000;349.2500000;350.0000000;349.2500000;349.8500000;9110
TATN;5;20160311;133500;349.8000000;350.3000000;349.0500000;350.3000000;13380
TATN;5;20160311;134000;350.3000000;350.4500000;349.4500000;350.0500000;12640
TATN;5;20160311;134500;350.0000000;350.0000000;349.0000000;349.6000000;5580
TATN;5;20160311;135000;349.6000000;350.0500000;349.2000000;350.0000000;9670
TATN;5;20160311;135500;349.8500000;350.0500000;349.3500000;349.7500000;10970
TATN;5;20160311;140000;349.7000000;350.9000000;349.4000000;350.7500000;33060
TATN;5;20160311;140500;350.9000000;351.0000000;350.4000000;350.4500000;5640
TATN;5;20160311;141000;350.6500000;351.9000000;350.6500000;351.9000000;26440
TATN;5;20160311;141500;351.8500000;351.9500000;351.3500000;351.3500000;8630
TATN;5;20160311;142000;351.2000000;351.2500000;350.4500000;351.2500000;13860
TATN;5;20160311;142500;351.1500000;351.9500000;351.0500000;351.5500000;14070
TATN;5;20160311;143000;351.7500000;351.7500000;350.6000000;351.0000000;14210
TATN;5;20160311;143500;351.1000000;351.3500000;350.4000000;350.8000000;15250
TATN;5;20160311;144000;350.4500000;350.7500000;349.8500000;349.8500000;17080
TATN;5;20160311;144500;350.1500000;350.4000000;349.9500000;349.9500000;1540
TATN;5;20160311;145000;349.9500000;350.2500000;349.7500000;349.7500000;5610
TATN;5;20160311;145500;349.8000000;349.9500000;349.2000000;349.4500000;5330
TATN;5;20160311;150000;349.3500000;350.5000000;349.1500000;349.7500000;18650
TATN;5;20160311;150500;349.9500000;350.8500000;349.9000000;350.8000000;14640
TATN;5;20160311;151000;350.6000000;350.6500000;350.6000000;350.6000000;1800
TATN;5;20160311;151500;350.4000000;350.4000000;349.9500000;349.9500000;8200
TATN;5;20160311;152000;349.5500000;349.7500000;349.5000000;349.5500000;5300
TATN;5;20160311;152500;349.6000000;349.7000000;349.4500000;349.7000000;5970
TATN;5;20160311;153000;349.3000000;349.3000000;349.2500000;349.2500000;530
TATN;5;20160311;153500;349.2500000;349.4500000;349.2500000;349.3500000;2500
TATN;5;20160311;154000;349.5000000;349.5000000;349.0500000;349.4000000;6800
TATN;5;20160311;154500;349.4000000;349.4500000;349.4000000;349.4500000;870
TATN;5;20160311;155000;349.5500000;349.9500000;349.5500000;349.9500000;5130
TATN;5;20160311;155500;349.7000000;349.9500000;349.5000000;349.8000000;8780
TATN;5;20160311;160000;349.7500000;350.0000000;349.7500000;349.9000000;5230
TATN;5;20160311;160500;349.9000000;350.0000000;349.5500000;349.9000000;7730
TATN;5;20160311;161000;349.8500000;350.0000000;349.8000000;350.0000000;5910
TATN;5;20160311;161500;350.0000000;350.0000000;349.6500000;349.6500000;12490
TATN;5;20160311;162000;349.6000000;349.6000000;348.5000000;348.5000000;9360
TATN;5;20160311;162500;348.6500000;349.5500000;348.6500000;349.4500000;8090
TATN;5;20160311;163000;349.5500000;349.6500000;349.4500000;349.6500000;850
TATN;5;20160311;163500;349.6000000;350.0000000;349.4000000;350.0000000;10010
TATN;5;20160311;164000;349.7500000;349.9500000;349.5500000;349.5500000;9990
TATN;5;20160311;164500;349.4500000;350.0000000;349.2000000;349.2000000;20770
TATN;5;20160311;165000;349.1500000;349.1500000;348.6500000;348.6500000;15020
TATN;5;20160311;165500;348.6500000;348.8500000;347.1000000;347.3500000;36180
TATN;5;20160311;170000;347.1500000;348.2500000;346.8000000;347.5500000;27100
TATN;5;20160311;170500;347.3000000;348.0000000;347.3000000;347.9500000;5060
TATN;5;20160311;171000;348.0000000;349.0000000;348.0000000;349.0000000;7190
TATN;5;20160311;171500;348.9500000;348.9500000;348.2000000;348.4000000;8560
TATN;5;20160311;172000;348.5500000;348.8500000;347.9500000;348.4000000;9630
TATN;5;20160311;172500;348.4000000;348.8000000;348.0500000;348.0500000;2270
TATN;5;20160311;173000;348.1000000;348.9500000;348.1000000;348.5500000;9250
TATN;5;20160311;173500;348.4500000;348.8000000;348.0000000;348.1500000;12250
TATN;5;20160311;174000;348.4500000;349.0000000;348.0500000;348.7000000;14770
TATN;5;20160311;174500;348.8500000;349.0000000;348.7000000;349.0000000;11160
TATN;5;20160311;175000;349.0000000;349.5500000;348.5500000;349.1500000;12530
TATN;5;20160311;175500;349.3000000;350.5500000;349.3000000;350.3000000;37920
TATN;5;20160311;180000;350.2500000;350.3000000;349.7000000;349.9500000;7260
TATN;5;20160311;180500;349.9500000;349.9500000;348.1500000;348.7000000;30800
TATN;5;20160311;181000;348.7000000;348.7000000;347.8000000;347.8000000;21500
TATN;5;20160311;181500;347.9500000;348.6000000;347.8000000;348.4000000;9550
TATN;5;20160311;182000;348.4000000;348.7000000;348.0000000;348.4500000;9860
TATN;5;20160311;182500;348.6500000;349.9000000;348.6000000;349.8000000;12750
TATN;5;20160311;183000;349.8500000;350.4000000;349.0000000;349.8500000;40560
TATN;5;20160311;183500;349.8500000;350.4000000;349.3000000;350.1000000;25100
TATN;5;20160311;184000;350.1000000;351.0000000;348.9500000;349.4500000;94360
TATN;5;20160311;185000;351.0000000;351.0000000;351.0000000;351.0000000;33460
TATN;5;20160314;100500;351.5000000;351.5000000;348.0500000;349.0000000;21480
TATN;5;20160314;101000;349.4000000;349.4500000;348.9000000;349.2000000;5420
TATN;5;20160314;101500;349.3500000;349.9500000;349.3500000;349.4500000;8330
TATN;5;20160314;102000;349.2500000;349.2500000;348.5500000;348.6000000;9520
TATN;5;20160314;102500;348.7000000;349.1000000;348.7000000;349.1000000;2210
TATN;5;20160314;103000;349.0000000;349.1000000;348.4000000;348.5500000;12170
TATN;5;20160314;103500;348.5000000;348.8500000;348.3500000;348.6500000;6250
TATN;5;20160314;104000;348.6500000;348.8500000;348.1000000;348.2500000;3630
TATN;5;20160314;104500;348.1000000;349.1000000;347.9500000;349.1000000;14090
TATN;5;20160314;105000;349.2000000;349.6500000;348.6500000;349.4000000;6020
TATN;5;20160314;105500;349.1500000;349.6000000;348.6500000;349.3500000;5450
TATN;5;20160314;110000;349.4000000;349.6000000;349.0000000;349.5000000;3950
TATN;5;20160314;110500;349.6000000;350.0000000;349.1000000;349.8500000;45930
TATN;5;20160314;111000;349.9500000;350.0000000;349.5500000;349.9500000;9110
TATN;5;20160314;111500;349.8500000;350.0000000;349.0000000;349.8000000;21620
TATN;5;20160314;112000;349.8500000;351.2000000;349.8500000;350.6500000;47700
TATN;5;20160314;112500;350.7000000;351.7500000;350.5500000;351.6500000;16460
TATN;5;20160314;113000;351.4500000;351.7500000;350.6000000;350.6000000;6500
TATN;5;20160314;113500;350.6000000;351.0000000;350.1000000;350.6500000;12580
TATN;5;20160314;114000;350.8000000;350.8000000;349.4000000;349.9000000;11270
TATN;5;20160314;114500;349.8500000;349.9500000;348.5500000;349.1000000;31190
TATN;5;20160314;115000;349.2500000;349.3000000;347.7500000;347.7500000;40030
TATN;5;20160314;115500;347.9000000;348.2000000;347.2500000;347.6000000;36460
TATN;5;20160314;120000;347.7500000;348.0000000;347.6000000;348.0000000;21860
TATN;5;20160314;120500;347.9500000;348.0000000;347.5500000;347.5500000;32030
TATN;5;20160314;121000;347.5500000;347.9000000;347.0500000;347.2500000;19950
TATN;5;20160314;121500;347.4500000;347.6500000;346.8000000;346.8500000;18670
TATN;5;20160314;122000;346.8500000;347.5000000;346.7000000;347.5000000;15620
TATN;5;20160314;122500;347.3500000;347.8000000;347.1000000;347.4500000;4640
TATN;5;20160314;123000;347.4500000;347.5500000;346.8500000;346.9500000;6740
TATN;5;20160314;123500;346.9500000;347.4500000;346.9500000;347.3500000;1700
TATN;5;20160314;124000;347.4000000;348.0000000;347.3500000;348.0000000;3700
TATN;5;20160314;124500;347.9500000;347.9500000;347.3000000;347.3500000;7900
TATN;5;20160314;125000;347.3500000;347.3500000;346.6000000;346.6000000;15430
TATN;5;20160314;125500;346.6000000;346.9000000;346.3500000;346.5500000;16270
TATN;5;20160314;130000;346.5500000;347.6500000;346.5500000;347.3500000;10070
TATN;5;20160314;130500;347.3500000;347.4500000;347.0500000;347.1500000;7270
TATN;5;20160314;131000;347.2500000;347.2500000;346.2000000;346.7500000;19440
TATN;5;20160314;131500;346.6500000;347.3500000;346.5000000;347.3500000;6450
TATN;5;20160314;132000;347.1000000;347.5000000;346.6500000;347.0000000;5700
TATN;5;20160314;132500;347.0000000;347.6000000;346.6500000;347.4500000;8930
TATN;5;20160314;133000;347.2500000;347.5000000;347.1000000;347.4500000;3400
TATN;5;20160314;133500;347.4500000;347.5000000;346.7000000;346.9500000;4680
TATN;5;20160314;134000;346.9500000;347.1000000;346.6000000;347.1000000;6820
TATN;5;20160314;134500;347.0000000;347.4000000;346.9000000;346.9000000;2560
TATN;5;20160314;135000;346.9000000;347.0000000;346.7000000;347.0000000;2760
TATN;5;20160314;135500;347.0000000;347.2000000;346.6000000;347.2000000;3630
TATN;5;20160314;140000;347.2500000;347.6000000;346.6500000;346.8000000;7900
TATN;5;20160314;140500;346.9000000;346.9000000;346.8000000;346.9000000;1490
TATN;5;20160314;141000;346.8000000;346.8000000;346.3000000;346.5000000;15460
TATN;5;20160314;141500;346.6500000;346.6500000;346.2000000;346.2500000;7200
TATN;5;20160314;142000;346.2500000;346.4500000;346.2500000;346.3500000;4820
TATN;5;20160314;142500;346.3500000;346.3500000;345.8500000;346.3500000;17230
TATN;5;20160314;143000;346.3000000;346.5000000;345.9000000;346.5000000;17310
TATN;5;20160314;143500;346.5000000;347.0500000;346.3000000;346.3000000;5710
TATN;5;20160314;144000;346.4000000;346.5500000;346.0000000;346.2000000;10070
TATN;5;20160314;144500;346.0500000;346.4500000;345.8500000;346.2000000;9460
TATN;5;20160314;145000;346.2000000;347.2000000;346.2000000;346.7500000;16780
TATN;5;20160314;145500;346.7500000;347.0000000;346.6500000;346.8500000;6720
TATN;5;20160314;150000;346.7500000;347.0000000;346.7500000;346.8500000;1810
TATN;5;20160314;150500;346.8500000;347.0000000;346.4500000;346.7000000;8740
TATN;5;20160314;151000;346.6500000;346.7000000;345.7500000;345.7500000;23980
TATN;5;20160314;151500;345.8500000;345.8500000;345.5500000;345.5500000;22940
TATN;5;20160314;152000;345.5500000;345.8500000;345.3000000;345.8000000;14800
TATN;5;20160314;152500;345.7500000;345.8500000;345.3500000;345.8000000;9830
TATN;5;20160314;153000;345.8000000;345.8500000;345.6500000;345.8000000;5510
TATN;5;20160314;153500;345.8000000;345.8500000;345.4500000;345.6000000;11920
TATN;5;20160314;154000;345.5000000;345.8000000;345.3500000;345.5500000;4300
TATN;5;20160314;154500;345.5500000;345.5500000;345.0500000;345.1500000;9570
TATN;5;20160314;155000;345.1000000;345.4500000;344.7500000;345.3000000;11980
TATN;5;20160314;155500;345.2000000;345.2500000;343.8500000;344.0500000;44390
TATN;5;20160314;160000;344.0500000;345.0000000;343.4000000;344.6500000;49350
TATN;5;20160314;160500;344.7000000;345.1500000;343.6500000;344.1500000;230000
TATN;5;20160314;161000;344.1000000;345.0500000;343.8500000;344.9500000;28100
TATN;5;20160314;161500;345.2000000;345.3000000;344.9000000;345.2000000;5860
TATN;5;20160314;162000;345.4000000;345.4500000;345.0000000;345.2000000;3530
TATN;5;20160314;162500;345.2000000;346.0500000;345.1000000;345.8500000;11900
TATN;5;20160314;163000;345.7500000;346.0000000;345.7500000;346.0000000;9820
TATN;5;20160314;163500;345.9000000;346.0000000;345.0500000;345.3500000;11710
TATN;5;20160314;164000;345.3000000;345.9500000;345.3000000;345.6500000;5620
TATN;5;20160314;164500;345.9000000;345.9500000;344.7500000;344.8500000;2500
TATN;5;20160314;165000;344.8000000;345.3000000;344.4000000;344.5000000;28920
TATN;5;20160314;165500;344.4500000;344.5500000;343.8000000;344.2000000;25740
TATN;5;20160314;170000;344.1000000;344.4000000;343.5500000;343.5500000;25010
TATN;5;20160314;170500;343.8500000;344.0500000;343.6000000;344.0500000;4180
TATN;5;20160314;171000;343.9000000;344.2000000;343.1500000;344.2000000;30500
TATN;5;20160314;171500;344.2000000;344.2000000;343.2500000;343.6500000;11080
TATN;5;20160314;172000;343.6000000;344.0000000;343.4500000;343.7500000;9200
TATN;5;20160314;172500;343.6000000;343.6500000;343.4000000;343.4000000;10730
TATN;5;20160314;173000;343.4000000;343.7000000;340.2000000;340.2500000;163450
TATN;5;20160314;173500;340.2500000;341.1500000;340.2500000;341.1500000;16600
TATN;5;20160314;174000;341.2000000;341.2500000;340.1000000;340.2000000;29530
TATN;5;20160314;174500;340.0500000;340.8000000;339.7500000;340.8000000;46570
TATN;5;20160314;175000;340.8000000;340.9500000;340.4000000;340.6500000;34400
TATN;5;20160314;175500;340.5500000;340.7500000;340.3000000;340.3000000;15870
TATN;5;20160314;180000;340.2500000;340.8500000;340.2500000;340.8500000;18430
TATN;5;20160314;180500;340.9000000;340.9000000;340.0500000;340.2500000;18230
TATN;5;20160314;181000;340.1500000;340.5500000;340.0000000;340.4500000;10620
TATN;5;20160314;181500;340.3500000;340.4500000;340.1500000;340.4500000;4910
TATN;5;20160314;182000;340.5000000;340.7500000;340.4000000;340.5000000;17480
TATN;5;20160314;182500;340.4500000;340.8500000;339.8500000;340.4500000;70180
TATN;5;20160314;183000;340.3500000;341.3500000;340.2000000;341.3000000;35600
TATN;5;20160314;183500;341.1500000;341.1500000;340.5000000;340.6500000;18020
TATN;5;20160314;184000;340.5500000;341.7000000;340.4500000;341.5000000;47850
TATN;5;20160314;185000;341.4500000;341.4500000;341.4500000;341.4500000;23140
TATN;5;20160315;100500;342.0000000;344.9500000;342.0000000;344.9500000;51080
TATN;5;20160315;101000;344.9500000;344.9500000;343.5000000;343.7500000;12890
TATN;5;20160315;101500;343.6500000;344.5500000;343.4500000;343.9000000;15260
TATN;5;20160315;102000;343.7000000;344.5000000;343.7000000;343.9500000;15220
TATN;5;20160315;102500;343.7000000;343.7000000;343.0500000;343.0500000;6260
TATN;5;20160315;103000;343.0000000;343.1000000;342.5500000;343.0000000;12560
TATN;5;20160315;103500;342.9500000;343.0000000;342.4500000;342.5500000;8100
TATN;5;20160315;104000;342.5500000;343.5500000;342.2500000;343.1500000;22550
TATN;5;20160315;104500;343.1000000;343.9500000;342.6500000;343.9500000;12550
TATN;5;20160315;105000;343.6000000;344.0000000;343.3500000;344.0000000;8740
TATN;5;20160315;105500;344.0000000;344.0000000;343.4500000;343.6500000;8500
TATN;5;20160315;110000;343.8000000;343.9000000;343.3500000;343.5500000;4050
TATN;5;20160315;110500;343.5500000;344.3000000;343.3500000;344.2500000;12810
TATN;5;20160315;111000;344.3000000;344.3000000;343.9000000;344.1000000;7870
TATN;5;20160315;111500;344.0000000;344.0000000;343.0000000;343.4000000;7130
TATN;5;20160315;112000;343.4500000;343.4500000;342.6500000;343.2500000;7750
TATN;5;20160315;112500;343.1500000;343.1500000;341.8000000;342.0500000;20980
TATN;5;20160315;113000;341.8500000;342.3500000;341.8000000;341.9500000;6300
TATN;5;20160315;113500;341.8000000;341.9000000;341.1000000;341.8000000;14550
TATN;5;20160315;114000;342.0000000;342.4500000;341.7500000;342.4500000;7590
TATN;5;20160315;114500;342.3000000;342.3000000;341.2000000;341.5500000;9010
TATN;5;20160315;115000;341.4000000;342.2000000;341.4000000;342.2000000;6980
TATN;5;20160315;115500;342.2500000;343.2000000;342.0500000;342.8500000;16830
TATN;5;20160315;120000;342.8500000;342.9000000;342.0000000;342.4500000;4040
TATN;5;20160315;120500;342.6500000;343.2000000;342.1500000;342.6500000;6970
TATN;5;20160315;121000;342.9000000;343.2000000;342.6000000;342.9000000;6210
TATN;5;20160315;121500;343.0000000;343.3000000;342.6000000;343.1000000;11540
TATN;5;20160315;122000;342.9000000;343.6000000;342.7500000;343.4000000;18390
TATN;5;20160315;122500;343.5000000;344.3000000;342.6500000;343.7500000;24580
TATN;5;20160315;123000;343.8500000;344.0000000;343.2500000;343.9000000;24520
TATN;5;20160315;123500;344.0000000;344.0000000;343.3500000;343.6000000;4760
TATN;5;20160315;124000;343.6000000;343.6000000;342.5000000;342.6000000;19600
TATN;5;20160315;124500;342.5500000;343.2000000;342.5500000;343.2000000;7410
TATN;5;20160315;125000;343.2500000;343.9000000;342.9000000;343.5000000;37630
TATN;5;20160315;125500;343.5000000;343.5000000;342.7500000;342.7500000;51730
TATN;5;20160315;130000;342.7000000;343.0000000;342.5500000;342.6500000;6010
TATN;5;20160315;130500;342.7500000;343.0500000;341.4500000;343.0500000;144430
TATN;5;20160315;131000;343.2500000;344.0000000;342.9000000;343.4500000;14680
TATN;5;20160315;131500;343.6000000;344.0000000;343.3500000;343.7500000;7300
TATN;5;20160315;132000;343.8000000;344.2000000;343.2500000;343.4500000;16570
TATN;5;20160315;132500;343.2500000;343.7500000;343.2500000;343.6000000;6640
TATN;5;20160315;133000;343.5000000;344.0000000;343.3000000;343.8500000;13340
TATN;5;20160315;133500;343.5500000;343.9000000;343.4000000;343.6000000;3900
TATN;5;20160315;134000;343.6500000;344.3500000;343.6000000;344.1000000;7400
TATN;5;20160315;134500;344.0000000;344.1000000;343.6000000;343.6000000;3940
TATN;5;20160315;135000;343.8500000;344.5000000;343.8500000;344.2500000;10830
TATN;5;20160315;135500;344.4500000;344.7000000;344.2500000;344.5000000;9410
TATN;5;20160315;140000;344.6500000;344.8500000;344.5000000;344.5000000;8820
TATN;5;20160315;140500;344.6500000;344.7000000;344.5000000;344.7000000;7620
TATN;5;20160315;141000;344.6000000;344.6000000;344.2000000;344.2000000;3800
TATN;5;20160315;141500;344.1000000;344.1500000;343.9500000;344.0000000;3710
TATN;5;20160315;142000;344.0000000;344.0000000;343.3500000;343.7000000;6650
TATN;5;20160315;142500;343.9000000;344.0000000;343.2500000;343.4000000;10280
TATN;5;20160315;143000;343.3000000;343.7500000;343.1500000;343.5500000;4770
TATN;5;20160315;143500;343.6500000;344.2000000;343.5000000;344.1000000;9630
TATN;5;20160315;144000;344.1500000;344.1500000;343.8000000;343.8000000;3240
TATN;5;20160315;144500;343.7500000;344.0500000;343.7000000;343.9500000;6910
TATN;5;20160315;145000;343.9000000;343.9500000;343.5500000;343.6000000;3770
TATN;5;20160315;145500;343.8500000;343.9500000;342.5000000;343.6000000;34230
TATN;5;20160315;150000;343.5000000;343.7000000;341.6500000;342.2000000;40340
TATN;5;20160315;150500;342.1500000;344.1000000;342.1500000;344.0000000;98220
TATN;5;20160315;151000;343.7000000;343.9000000;342.6000000;343.3500000;180420
TATN;5;20160315;151500;343.3500000;343.5000000;342.1500000;343.0500000;200020
TATN;5;20160315;152000;343.0500000;344.1000000;342.2000000;343.7000000;164460
TATN;5;20160315;152500;343.8500000;343.8500000;342.3000000;342.8500000;157260
TATN;5;20160315;153000;342.8500000;343.2500000;342.1000000;342.4500000;175450
TATN;5;20160315;153500;342.4000000;343.2000000;341.5500000;342.5000000;148300
TATN;5;20160315;154000;342.5000000;343.7000000;342.2500000;342.6500000;130720
TATN;5;20160315;154500;342.6500000;344.5000000;342.6500000;344.3500000;135950
TATN;5;20160315;155000;344.3500000;344.4000000;343.4000000;344.2000000;97460
TATN;5;20160315;155500;344.0000000;344.6000000;343.4500000;344.5500000;105570
TATN;5;20160315;160000;344.5000000;344.6000000;343.1000000;344.5500000;121030
TATN;5;20160315;160500;344.6000000;344.6500000;344.1500000;344.6000000;21290
TATN;5;20160315;161000;344.6000000;344.6000000;343.9000000;343.9000000;5700
TATN;5;20160315;161500;344.1000000;344.6500000;344.0000000;344.3500000;9740
TATN;5;20160315;162000;344.4000000;344.4500000;344.1000000;344.2000000;4130
TATN;5;20160315;162500;344.2000000;344.2000000;344.0000000;344.0500000;2680
TATN;5;20160315;163000;344.0000000;344.0000000;343.5000000;343.5000000;2480
TATN;5;20160315;163500;343.6000000;343.8500000;343.1000000;343.1000000;6150
TATN;5;20160315;164000;343.2000000;343.2500000;342.7500000;343.2000000;7600
TATN;5;20160315;164500;342.9000000;343.3000000;342.6500000;342.7500000;6400
TATN;5;20160315;165000;342.8000000;342.9500000;342.5500000;342.6000000;1710
TATN;5;20160315;165500;342.6000000;342.6000000;342.0500000;342.1000000;13510
TATN;5;20160315;170000;342.0500000;342.4000000;341.9000000;341.9000000;7030
TATN;5;20160315;170500;341.9000000;342.4500000;341.9000000;342.2000000;4650
TATN;5;20160315;171000;342.2500000;342.3500000;341.8500000;342.0000000;8600
TATN;5;20160315;171500;342.0000000;342.7000000;342.0000000;342.4000000;4200
TATN;5;20160315;172000;342.4500000;343.1000000;342.4500000;342.4500000;5650
TATN;5;20160315;172500;342.4000000;342.7500000;342.3000000;342.5000000;4130
TATN;5;20160315;173000;342.6000000;343.0500000;342.6000000;343.0500000;2980
TATN;5;20160315;173500;343.2000000;343.5000000;342.4000000;342.6500000;19500
TATN;5;20160315;174000;342.7500000;342.9000000;341.8500000;341.9000000;10080
TATN;5;20160315;174500;341.9000000;342.4000000;341.8500000;341.9000000;5480
TATN;5;20160315;175000;341.8500000;342.1000000;341.5000000;342.0500000;12940
TATN;5;20160315;175500;342.0500000;342.8000000;342.0500000;342.5000000;9700
TATN;5;20160315;180000;342.6500000;343.0500000;342.6500000;343.0500000;7660
TATN;5;20160315;180500;343.3500000;343.3500000;342.7000000;343.1000000;10610
TATN;5;20160315;181000;342.9500000;343.3500000;342.9500000;343.3500000;14210
TATN;5;20160315;181500;343.3000000;343.5000000;343.1000000;343.4000000;17260
TATN;5;20160315;182000;343.4500000;344.6500000;343.4500000;344.0000000;27250
TATN;5;20160315;182500;344.1000000;344.7500000;344.0500000;344.3500000;13700
TATN;5;20160315;183000;344.4000000;344.4000000;343.3500000;343.4000000;9200
TATN;5;20160315;183500;343.4000000;343.6500000;343.2500000;343.3500000;4610
TATN;5;20160315;184000;343.4000000;348.5000000;343.3000000;348.3500000;274630
TATN;5;20160315;185000;347.3000000;347.3000000;347.3000000;347.3000000;17300
TATN;5;20160316;100500;348.4500000;349.4500000;346.8500000;347.5000000;18400
TATN;5;20160316;101000;347.8000000;347.8000000;346.4500000;346.7000000;10150
TATN;5;20160316;101500;346.8500000;346.8500000;346.0500000;346.1500000;11190
TATN;5;20160316;102000;346.0500000;346.4500000;345.6000000;346.3000000;16610
TATN;5;20160316;102500;346.4500000;346.6500000;346.3500000;346.5000000;1890
TATN;5;20160316;103000;346.7000000;346.8500000;346.5000000;346.5000000;3920
TATN;5;20160316;103500;346.5500000;346.8000000;346.5000000;346.7000000;5160
TATN;5;20160316;104000;346.6500000;347.3500000;346.5000000;347.3500000;6980
TATN;5;20160316;104500;347.3500000;347.6500000;347.0500000;347.6000000;4670
TATN;5;20160316;105000;347.6000000;347.7000000;347.4500000;347.6000000;1500
TATN;5;20160316;105500;347.5500000;347.7000000;347.3000000;347.4000000;3100
TATN;5;20160316;110000;347.4000000;348.0500000;347.0500000;348.0500000;10120
TATN;5;20160316;110500;348.2000000;348.4000000;346.6000000;347.2500000;17950
TATN;5;20160316;111000;347.0000000;347.6500000;346.5000000;347.5000000;3410
TATN;5;20160316;111500;347.3000000;348.1000000;347.2000000;347.4500000;30350
TATN;5;20160316;112000;347.3500000;348.2500000;347.2000000;347.3000000;12060
TATN;5;20160316;112500;347.5000000;348.2500000;347.3000000;347.8000000;7690
TATN;5;20160316;113000;347.6000000;347.7500000;346.6500000;346.8500000;7500
TATN;5;20160316;113500;346.7500000;347.2000000;345.8000000;346.2000000;34830
TATN;5;20160316;114000;345.9000000;346.2500000;345.4500000;346.1000000;29560
TATN;5;20160316;114500;345.9000000;346.3000000;345.4000000;345.7500000;10350
TATN;5;20160316;115000;345.5500000;346.4000000;345.5500000;346.3500000;6440
TATN;5;20160316;115500;346.1000000;347.0000000;346.1000000;346.8500000;5710
TATN;5;20160316;120000;346.5500000;347.7500000;346.5500000;347.3500000;15960
TATN;5;20160316;120500;347.2500000;347.4000000;346.9500000;347.1500000;3840
TATN;5;20160316;121000;346.9500000;347.1500000;346.6000000;346.6000000;1100
TATN;5;20160316;121500;346.5000000;347.3000000;346.5000000;347.0500000;4820
TATN;5;20160316;122000;347.0500000;348.0000000;346.7000000;347.6000000;16240
TATN;5;20160316;122500;347.7500000;348.4500000;347.5500000;347.9500000;13720
TATN;5;20160316;123000;347.7000000;347.8500000;346.4500000;347.0500000;9540
TATN;5;20160316;123500;346.8500000;347.5500000;346.8500000;347.5500000;3780
TATN;5;20160316;124000;347.6500000;347.6500000;346.4000000;346.5000000;3110
TATN;5;20160316;124500;346.4000000;346.8500000;346.4000000;346.7000000;1470
TATN;5;20160316;125000;346.5500000;346.6500000;346.3500000;346.5500000;2370
TATN;5;20160316;125500;346.4000000;346.8500000;346.4000000;346.5500000;4970
TATN;5;20160316;130000;346.4000000;347.2000000;346.4000000;347.2000000;14930
TATN;5;20160316;130500;347.2500000;347.3500000;346.4500000;346.6500000;5160
TATN;5;20160316;131000;346.4000000;346.5000000;346.2000000;346.2000000;1200
TATN;5;20160316;131500;346.1500000;346.4500000;346.0500000;346.4500000;8580
TATN;5;20160316;132000;346.3000000;346.6500000;346.1500000;346.4000000;5310
TATN;5;20160316;132500;346.2000000;346.8000000;346.2000000;346.7500000;2300
TATN;5;20160316;133000;346.5000000;346.7500000;346.4000000;346.7000000;2520
TATN;5;20160316;133500;346.5000000;346.8500000;346.5000000;346.8000000;2250
TATN;5;20160316;134000;346.6000000;347.4000000;346.5000000;347.1500000;3630
TATN;5;20160316;134500;347.2000000;347.7000000;346.9500000;347.0500000;6650
TATN;5;20160316;135000;347.0000000;347.0500000;346.7500000;347.0500000;2470
TATN;5;20160316;135500;346.9000000;347.1500000;346.6500000;346.7500000;1280
TATN;5;20160316;140000;346.7500000;346.7500000;346.5000000;346.6000000;2280
TATN;5;20160316;140500;346.6500000;346.6500000;346.6000000;346.6500000;700
TATN;5;20160316;141000;346.6000000;346.6500000;346.3000000;346.6500000;3170
TATN;5;20160316;141500;346.6500000;346.6500000;346.3000000;346.5500000;820
TATN;5;20160316;142000;346.3500000;346.6500000;346.3000000;346.6500000;950
TATN;5;20160316;142500;346.6500000;346.8500000;346.4500000;346.8500000;1410
TATN;5;20160316;143000;346.7500000;346.9000000;346.6000000;346.7000000;2150
TATN;5;20160316;143500;346.5000000;346.6500000;346.3500000;346.5000000;660
TATN;5;20160316;144000;346.3500000;346.8500000;346.3500000;346.8500000;2490
TATN;5;20160316;144500;346.7500000;346.9000000;346.5500000;346.7500000;310
TATN;5;20160316;145000;346.5000000;346.6500000;346.2000000;346.3000000;790
TATN;5;20160316;145500;346.2000000;346.3500000;346.2000000;346.2500000;1670
TATN;5;20160316;150000;346.1500000;346.4500000;346.1500000;346.2500000;1900
TATN;5;20160316;150500;346.1000000;346.3000000;346.0000000;346.3000000;4720
TATN;5;20160316;151000;346.0500000;346.2500000;346.0500000;346.2000000;350
TATN;5;20160316;151500;346.1500000;346.2000000;346.0000000;346.0500000;1450
TATN;5;20160316;152000;346.0000000;346.2000000;345.8500000;346.1000000;1620
TATN;5;20160316;152500;345.8500000;346.3000000;345.7500000;346.3000000;5230
TATN;5;20160316;153000;346.1000000;346.3000000;346.1000000;346.2500000;340
TATN;5;20160316;153500;346.0000000;346.1500000;345.2500000;345.4500000;7320
TATN;5;20160316;154000;345.4000000;345.7000000;344.1000000;344.3500000;15860
TATN;5;20160316;154500;344.2000000;344.5500000;344.0000000;344.1000000;15550
TATN;5;20160316;155000;344.0000000;344.4500000;344.0000000;344.1000000;3680
TATN;5;20160316;155500;344.0500000;344.4500000;343.7500000;344.0000000;13770
TATN;5;20160316;160000;343.8500000;345.1000000;343.8500000;344.9000000;13180
TATN;5;20160316;160500;344.6500000;344.8500000;343.2500000;343.9000000;13360
TATN;5;20160316;161000;343.5000000;344.0000000;343.5000000;343.9500000;2480
TATN;5;20160316;161500;343.7500000;343.9500000;343.6000000;343.6500000;1760
TATN;5;20160316;162000;343.6000000;343.9500000;343.5000000;343.5500000;3040
TATN;5;20160316;162500;343.6500000;343.8500000;343.3000000;343.3000000;4130
TATN;5;20160316;163000;343.3000000;343.7000000;343.1500000;343.1500000;4240
TATN;5;20160316;163500;343.1500000;343.7000000;343.1500000;343.4000000;4250
TATN;5;20160316;164000;343.2000000;344.8500000;343.2000000;344.1000000;17960
TATN;5;20160316;164500;343.8000000;344.7000000;343.8000000;344.7000000;10390
TATN;5;20160316;165000;344.6000000;344.7500000;343.9500000;344.7500000;2330
TATN;5;20160316;165500;344.7500000;344.8500000;344.1500000;344.1500000;12900
TATN;5;20160316;170000;344.1000000;344.3000000;344.0000000;344.1000000;4760
TATN;5;20160316;170500;344.1500000;344.5000000;343.9000000;344.1000000;7420
TATN;5;20160316;171000;344.2000000;344.2000000;343.6000000;344.2000000;6740
TATN;5;20160316;171500;344.2000000;344.2000000;343.8000000;343.9000000;1930
TATN;5;20160316;172000;344.1500000;344.4000000;343.7000000;344.0000000;6420
TATN;5;20160316;172500;344.0000000;344.1000000;343.8000000;343.9000000;3680
TATN;5;20160316;173000;343.9000000;344.3000000;343.9000000;344.2500000;16140
TATN;5;20160316;173500;344.3000000;344.3000000;342.3000000;342.3000000;42670
TATN;5;20160316;174000;342.2500000;343.1000000;342.2000000;342.9000000;20580
TATN;5;20160316;174500;342.9000000;343.9500000;342.9000000;343.8500000;13900
TATN;5;20160316;175000;343.8500000;344.2000000;343.0500000;343.8500000;10380
TATN;5;20160316;175500;343.8500000;344.2000000;343.7000000;344.2000000;2730
TATN;5;20160316;180000;344.1000000;344.6000000;343.9500000;344.5500000;3420
TATN;5;20160316;180500;344.5500000;345.4000000;344.4500000;345.4000000;7240
TATN;5;20160316;181000;345.3500000;346.6500000;345.2500000;346.6500000;22110
TATN;5;20160316;181500;346.6500000;346.8000000;345.7500000;346.1000000;9390
TATN;5;20160316;182000;345.9500000;346.4000000;345.8500000;346.4000000;6680
TATN;5;20160316;182500;346.1000000;346.7000000;345.4500000;345.7500000;12010
TATN;5;20160316;183000;345.5500000;346.6500000;345.5500000;345.5500000;9000
TATN;5;20160316;183500;345.8000000;347.2500000;345.8000000;347.2500000;29220
TATN;5;20160316;184000;347.2000000;348.9500000;346.3500000;348.0500000;291070
TATN;5;20160316;185000;349.0000000;349.0000000;349.0000000;349.0000000;77800
TATN;5;20160317;100500;350.2500000;351.0000000;349.6000000;349.6000000;46110
TATN;5;20160317;101000;349.6500000;349.8500000;348.7000000;349.7000000;38210
TATN;5;20160317;101500;349.7000000;350.0000000;349.5500000;350.0000000;56240
TATN;5;20160317;102000;350.0000000;351.0000000;349.3500000;350.5000000;113900
TATN;5;20160317;102500;350.4500000;351.9500000;350.3000000;351.6500000;38090
TATN;5;20160317;103000;351.6500000;351.9000000;351.4500000;351.8500000;40480
TATN;5;20160317;103500;351.8500000;351.9000000;351.3000000;351.6000000;13200
TATN;5;20160317;104000;351.5000000;351.5000000;350.1000000;350.3500000;14290
TATN;5;20160317;104500;350.4000000;351.3500000;350.3000000;351.3500000;12950
TATN;5;20160317;105000;351.2000000;353.6000000;351.2000000;353.5000000;108790
TATN;5;20160317;105500;353.6000000;353.6000000;352.5000000;352.5000000;18470
TATN;5;20160317;110000;352.7500000;352.7500000;350.8000000;352.2500000;31790
TATN;5;20160317;110500;352.3500000;353.6500000;350.6500000;353.5500000;38290
TATN;5;20160317;111000;353.6500000;353.9500000;352.1500000;352.1500000;122060
TATN;5;20160317;111500;352.1000000;353.0000000;351.7000000;352.4000000;35540
TATN;5;20160317;112000;352.6000000;352.8000000;349.6500000;349.7000000;64390
TATN;5;20160317;112500;349.6500000;350.3000000;348.8000000;349.0500000;35850
TATN;5;20160317;113000;348.9500000;350.3500000;348.9500000;350.1000000;63950
TATN;5;20160317;113500;350.0500000;350.4000000;349.9500000;350.4000000;13680
TATN;5;20160317;114000;350.4000000;350.7000000;349.5500000;350.2000000;26020
TATN;5;20160317;114500;350.1500000;351.6000000;349.8500000;351.3500000;22570
TATN;5;20160317;115000;351.3500000;352.4000000;350.9500000;351.4500000;35800
TATN;5;20160317;115500;351.8500000;352.4000000;351.6500000;352.4000000;12280
TATN;5;20160317;120000;352.4000000;352.9500000;352.2500000;352.8000000;30770
TATN;5;20160317;120500;352.8000000;352.8500000;350.6000000;351.4000000;44150
TATN;5;20160317;121000;351.4000000;351.9000000;350.9000000;351.5500000;6010
TATN;5;20160317;121500;351.5000000;352.6000000;351.1000000;351.8000000;28370
TATN;5;20160317;122000;351.8500000;352.2500000;351.4000000;351.7000000;13130
TATN;5;20160317;122500;351.7500000;351.8000000;350.8000000;351.1000000;12460
TATN;5;20160317;123000;351.1000000;351.4000000;350.5500000;351.0000000;19340
TATN;5;20160317;123500;351.0000000;351.6500000;350.6000000;351.4000000;13000
TATN;5;20160317;124000;351.6000000;351.6000000;350.7000000;351.2000000;8290
TATN;5;20160317;124500;351.2000000;351.2500000;350.5000000;350.9000000;13550
TATN;5;20160317;125000;350.8000000;350.8000000;349.8000000;349.8000000;12770
TATN;5;20160317;125500;349.8000000;350.1500000;349.3000000;349.8500000;24410
TATN;5;20160317;130000;349.8500000;350.5000000;349.6500000;350.4000000;20540
TATN;5;20160317;130500;350.3000000;350.5000000;350.1500000;350.3000000;3740
TATN;5;20160317;131000;350.2500000;351.1000000;350.1000000;350.1500000;22170
TATN;5;20160317;131500;350.1000000;350.5500000;348.3500000;348.6000000;31180
TATN;5;20160317;132000;348.4000000;348.6000000;348.1000000;348.4000000;10500
TATN;5;20160317;132500;348.2000000;348.2500000;347.1000000;347.3000000;24960
TATN;5;20160317;133000;347.1500000;347.7500000;347.0000000;347.5000000;14910
TATN;5;20160317;133500;347.7000000;347.8500000;346.1000000;346.2000000;27100
TATN;5;20160317;134000;346.2000000;346.6500000;346.1000000;346.5500000;14190
TATN;5;20160317;134500;346.4500000;347.6500000;346.2000000;346.2000000;19680
TATN;5;20160317;135000;346.2000000;347.5000000;345.8500000;346.3000000;20190
TATN;5;20160317;135500;346.2500000;346.8500000;345.5000000;345.5000000;10690
TATN;5;20160317;140000;345.6500000;346.9000000;345.2000000;346.9000000;13650
TATN;5;20160317;140500;346.7500000;347.1000000;346.7500000;347.1000000;6110
TATN;5;20160317;141000;347.1000000;347.9500000;347.0500000;347.7000000;15670
TATN;5;20160317;141500;347.7000000;348.4000000;347.4500000;348.4000000;6700
TATN;5;20160317;142000;348.3500000;348.4000000;346.9500000;347.1500000;7360
TATN;5;20160317;142500;347.1500000;348.4000000;347.1500000;348.3500000;20700
TATN;5;20160317;143000;348.3000000;348.7000000;348.1500000;348.5500000;7660
TATN;5;20160317;143500;348.5500000;350.8000000;348.3000000;350.5500000;44690
TATN;5;20160317;144000;350.3500000;350.8000000;349.3500000;349.7000000;34860
TATN;5;20160317;144500;349.9500000;350.2000000;348.3000000;348.4000000;33820
TATN;5;20160317;145000;348.2500000;348.7000000;348.2000000;348.6500000;3410
TATN;5;20160317;145500;348.6500000;349.8500000;348.6000000;349.7500000;16130
TATN;5;20160317;150000;349.6500000;349.9500000;348.4500000;349.7000000;23400
TATN;5;20160317;150500;349.3500000;349.9000000;349.0000000;349.9000000;13770
TATN;5;20160317;151000;349.7000000;349.9000000;349.4500000;349.8000000;6420
TATN;5;20160317;151500;349.6000000;350.2500000;349.6000000;350.1500000;8180
TATN;5;20160317;152000;350.3000000;350.9000000;350.2500000;350.8500000;12120
TATN;5;20160317;152500;350.8500000;350.9000000;349.7000000;349.9500000;9320
TATN;5;20160317;153000;349.7000000;351.2500000;349.7000000;351.1000000;12670
TATN;5;20160317;153500;351.2000000;351.5500000;350.6500000;351.5000000;29340
TATN;5;20160317;154000;351.5000000;351.7500000;350.6500000;351.5500000;13650
TATN;5;20160317;154500;351.4500000;352.7500000;351.1000000;351.9500000;30140
TATN;5;20160317;155000;351.9500000;352.1500000;351.4000000;352.0500000;10040
TATN;5;20160317;155500;352.1500000;352.5000000;351.3500000;351.9000000;16520
TATN;5;20160317;160000;351.9000000;352.4000000;351.9000000;352.1500000;7940
TATN;5;20160317;160500;352.1500000;352.7000000;351.6000000;352.5000000;17970
TATN;5;20160317;161000;352.5500000;353.0000000;352.4000000;352.4000000;28130
TATN;5;20160317;161500;352.6500000;353.0000000;352.3000000;352.5500000;16330
TATN;5;20160317;162000;352.5000000;353.2000000;352.5000000;352.8500000;37360
TATN;5;20160317;162500;352.9000000;353.4500000;352.6000000;352.8500000;29930
TATN;5;20160317;163000;353.0000000;353.1500000;352.2000000;352.2500000;4530
TATN;5;20160317;163500;352.4500000;352.9000000;352.4500000;352.9000000;7630
TATN;5;20160317;164000;352.8500000;352.8500000;352.0500000;352.0500000;8750
TATN;5;20160317;164500;352.3000000;352.6500000;351.5000000;351.8000000;20100
TATN;5;20160317;165000;351.9500000;351.9500000;351.3000000;351.3500000;11400
TATN;5;20160317;165500;351.6000000;351.7500000;350.8000000;351.7000000;11840
TATN;5;20160317;170000;351.7000000;352.7000000;351.7000000;352.4500000;7470
TATN;5;20160317;170500;352.7500000;352.7500000;352.0500000;352.6500000;7400
TATN;5;20160317;171000;352.6500000;352.7500000;352.5000000;352.6000000;3750
TATN;5;20160317;171500;352.7000000;352.8500000;352.2500000;352.8500000;4040
TATN;5;20160317;172000;352.8500000;352.8500000;351.7000000;352.0000000;14460
TATN;5;20160317;172500;352.1000000;352.9000000;352.0500000;352.8500000;6640
TATN;5;20160317;173000;352.8500000;353.1000000;352.6500000;353.1000000;15640
TATN;5;20160317;173500;353.1000000;353.1000000;352.8000000;352.8500000;16600
TATN;5;20160317;174000;352.8500000;353.8500000;352.8000000;353.8000000;52650
TATN;5;20160317;174500;353.8500000;353.9000000;353.1000000;353.5500000;13620
TATN;5;20160317;175000;353.7000000;353.9500000;353.2000000;353.2000000;25970
TATN;5;20160317;175500;353.2500000;353.4500000;352.5000000;352.9500000;16550
TATN;5;20160317;180000;352.9500000;353.2000000;352.3500000;352.8500000;21940
TATN;5;20160317;180500;352.9500000;352.9500000;351.5000000;351.7500000;16070
TATN;5;20160317;181000;351.6500000;352.7000000;351.6000000;352.5500000;3440
TATN;5;20160317;181500;352.7000000;353.2000000;352.3500000;353.0500000;16610
TATN;5;20160317;182000;353.0500000;353.9500000;353.0000000;353.9500000;19670
TATN;5;20160317;182500;353.9500000;354.6000000;353.7000000;354.6000000;53480
TATN;5;20160317;183000;354.6000000;355.0000000;354.5500000;354.9000000;46350
TATN;5;20160317;183500;354.9500000;354.9500000;354.1500000;354.6500000;27610
TATN;5;20160317;184000;354.7500000;355.0000000;351.0000000;352.8500000;289580
TATN;5;20160317;185000;352.2000000;352.2000000;352.2000000;352.2000000;79240
TATN;5;20160318;100500;352.7000000;353.2000000;351.6500000;352.2500000;19120
TATN;5;20160318;101000;352.4000000;352.4500000;351.8500000;352.0500000;11240
TATN;5;20160318;101500;351.9500000;352.0500000;351.0500000;351.5500000;22630
TATN;5;20160318;102000;351.5500000;351.5500000;350.3500000;350.6000000;13580
TATN;5;20160318;102500;350.4500000;350.6500000;350.3500000;350.3500000;9310
TATN;5;20160318;103000;350.3000000;350.5000000;350.2000000;350.3500000;7600
TATN;5;20160318;103500;350.3500000;351.0000000;350.3000000;350.5000000;12110
TATN;5;20160318;104000;350.7000000;351.0000000;350.7000000;350.9500000;4050
TATN;5;20160318;104500;350.9500000;351.5000000;350.9000000;351.4000000;11400
TATN;5;20160318;105000;351.2500000;351.5000000;351.0000000;351.0000000;4550
TATN;5;20160318;105500;351.0000000;351.7000000;350.6500000;351.6000000;5580
TATN;5;20160318;110000;351.7000000;351.7000000;350.6000000;351.1500000;9820
TATN;5;20160318;110500;351.2500000;352.3000000;351.0000000;351.9500000;17000
TATN;5;20160318;111000;352.1000000;352.5000000;351.6500000;352.5000000;6490
TATN;5;20160318;111500;352.5500000;352.6000000;352.0000000;352.0000000;8400
TATN;5;20160318;112000;352.0000000;352.0000000;351.3000000;351.5000000;6680
TATN;5;20160318;112500;351.6000000;351.9000000;351.2500000;351.7000000;3720
TATN;5;20160318;113000;351.7000000;351.7000000;351.0500000;351.5500000;6570
TATN;5;20160318;113500;351.6000000;351.8000000;351.2000000;351.2500000;5510
TATN;5;20160318;114000;351.2500000;352.9000000;351.2500000;352.7500000;21870
TATN;5;20160318;114500;352.8500000;353.6000000;352.6500000;353.6000000;40850
TATN;5;20160318;115000;353.5500000;354.1500000;352.9500000;353.9500000;39750
TATN;5;20160318;115500;353.9500000;354.0000000;353.5000000;353.6500000;24220
TATN;5;20160318;120000;353.6500000;354.3500000;353.5500000;354.1500000;24930
TATN;5;20160318;120500;354.1500000;355.0000000;353.7000000;354.9500000;57660
TATN;5;20160318;121000;354.9500000;355.9000000;354.9500000;355.4500000;34360
TATN;5;20160318;121500;355.4500000;356.6500000;355.4000000;356.6500000;47380
TATN;5;20160318;122000;356.6500000;356.8000000;356.3500000;356.6500000;27530
TATN;5;20160318;122500;356.7000000;357.5000000;356.2000000;357.3500000;60530
TATN;5;20160318;123000;357.3500000;357.3500000;356.1500000;356.9000000;29280
TATN;5;20160318;123500;356.9000000;357.3500000;356.5000000;357.3500000;10510
TATN;5;20160318;124000;357.3500000;357.9000000;357.1000000;357.7000000;35200
TATN;5;20160318;124500;357.8500000;357.9000000;357.4000000;357.7000000;10730
TATN;5;20160318;125000;357.7000000;357.9500000;357.5000000;357.9500000;16140
TATN;5;20160318;125500;357.9000000;358.7500000;357.7000000;358.7500000;47420
TATN;5;20160318;130000;358.5500000;358.9500000;358.3000000;358.7000000;40830
TATN;5;20160318;130500;358.4000000;359.0000000;358.1000000;358.6000000;35830
TATN;5;20160318;131000;358.5000000;359.5000000;358.0000000;359.4000000;39750
TATN;5;20160318;131500;359.3000000;359.5000000;359.1000000;359.2500000;41610
TATN;5;20160318;132000;359.2000000;359.8000000;359.2000000;359.5000000;24550
TATN;5;20160318;132500;359.5000000;359.8000000;359.4500000;359.6500000;19250
TATN;5;20160318;133000;359.8000000;360.0000000;359.6000000;359.6000000;73140
TATN;5;20160318;133500;359.9500000;360.5000000;357.8000000;357.8000000;66580
TATN;5;20160318;134000;357.8500000;359.9000000;356.0000000;359.9000000;307310
TATN;5;20160318;134500;359.9000000;360.2000000;358.1000000;359.5000000;30840
TATN;5;20160318;135000;359.4000000;360.3000000;359.2500000;360.2000000;46730
TATN;5;20160318;135500;360.3000000;360.4000000;359.8500000;360.4000000;103620
TATN;5;20160318;140000;360.4000000;361.0000000;360.3000000;361.0000000;93660
TATN;5;20160318;140500;360.9500000;360.9500000;360.7500000;360.8500000;8150
TATN;5;20160318;141000;360.9000000;361.0000000;360.4000000;360.9500000;26360
TATN;5;20160318;141500;360.9500000;361.0000000;360.3500000;360.8500000;32370
TATN;5;20160318;142000;361.0000000;362.4500000;360.9500000;362.0500000;69850
TATN;5;20160318;142500;362.0500000;362.4000000;361.1000000;361.3500000;22390
TATN;5;20160318;143000;361.7000000;361.7500000;360.7500000;360.9000000;20800
TATN;5;20160318;143500;360.8500000;360.8500000;359.6000000;360.0000000;15360
TATN;5;20160318;144000;360.2000000;360.7000000;359.5500000;359.9500000;20580
TATN;5;20160318;144500;360.2000000;360.2000000;359.1000000;359.1000000;10220
TATN;5;20160318;145000;359.4000000;360.0500000;359.0000000;360.0000000;11690
TATN;5;20160318;145500;360.1500000;360.4500000;360.1000000;360.1500000;4280
TATN;5;20160318;150000;360.3500000;360.4500000;359.9000000;359.9500000;4990
TATN;5;20160318;150500;360.0000000;361.6000000;359.9500000;361.4500000;11080
TATN;5;20160318;151000;361.4500000;363.3000000;361.1000000;362.2500000;62790
TATN;5;20160318;151500;362.0000000;362.1500000;361.2000000;361.9500000;13990
TATN;5;20160318;152000;361.4000000;361.6000000;360.2000000;360.2000000;16130
TATN;5;20160318;152500;360.3000000;360.3000000;359.3000000;359.7000000;15990
TATN;5;20160318;153000;359.5500000;359.9500000;359.1500000;359.3000000;5100
TATN;5;20160318;153500;359.4000000;360.5000000;358.8000000;359.2500000;32680
TATN;5;20160318;154000;359.3500000;359.8000000;359.3000000;359.7000000;2690
TATN;5;20160318;154500;359.7500000;360.4500000;359.4000000;360.2500000;8950
TATN;5;20160318;155000;360.2500000;360.4500000;359.5500000;360.2000000;3390
TATN;5;20160318;155500;360.4000000;360.4000000;360.1500000;360.1500000;3740
TATN;5;20160318;160000;360.1500000;360.4500000;359.3000000;359.7500000;9920
TATN;5;20160318;160500;359.7500000;361.7500000;359.7500000;361.7500000;15020
TATN;5;20160318;161000;361.3500000;361.4500000;360.7000000;360.9500000;10530
TATN;5;20160318;161500;360.9500000;361.3500000;360.1500000;360.9500000;11940
TATN;5;20160318;162000;360.9500000;361.5500000;359.8500000;361.5500000;39590
TATN;5;20160318;162500;361.5500000;361.7000000;360.7000000;361.2000000;7520
TATN;5;20160318;163000;360.9500000;361.6000000;360.9000000;361.4000000;4840
TATN;5;20160318;163500;361.4000000;361.5000000;361.1500000;361.5000000;5990
TATN;5;20160318;164000;361.4500000;362.5000000;360.8500000;362.3500000;40810
TATN;5;20160318;164500;362.3500000;362.9000000;362.2000000;362.6000000;20590
TATN;5;20160318;165000;362.6500000;363.2000000;362.5000000;362.9000000;20890
TATN;5;20160318;165500;363.2000000;363.9500000;363.0500000;363.8000000;29890
TATN;5;20160318;170000;363.5000000;363.5000000;362.5500000;363.5000000;30640
TATN;5;20160318;170500;363.5000000;363.7500000;363.4500000;363.5500000;9210
TATN;5;20160318;171000;363.5500000;363.9000000;363.4000000;363.7500000;26480
TATN;5;20160318;171500;363.7500000;364.4500000;363.5500000;363.8000000;44990
TATN;5;20160318;172000;363.9500000;364.3500000;362.9500000;362.9500000;24060
TATN;5;20160318;172500;362.8000000;363.5000000;362.1000000;362.2000000;18330
TATN;5;20160318;173000;362.2000000;363.0500000;362.1000000;362.7500000;19950
TATN;5;20160318;173500;362.9000000;363.6000000;362.1000000;362.3000000;29120
TATN;5;20160318;174000;362.5000000;362.7000000;361.8000000;362.2500000;18090
TATN;5;20160318;174500;362.2500000;363.0000000;361.5000000;361.6000000;56360
TATN;5;20160318;175000;361.6000000;361.8000000;361.2500000;361.5000000;26680
TATN;5;20160318;175500;361.7000000;362.2500000;361.3000000;361.6500000;33330
TATN;5;20160318;180000;361.5500000;361.7500000;361.0500000;361.2000000;30360
TATN;5;20160318;180500;361.2000000;361.6500000;361.0500000;361.1500000;26340
TATN;5;20160318;181000;361.3500000;361.6500000;361.0000000;361.0500000;30310
TATN;5;20160318;181500;360.9000000;362.3000000;360.9000000;362.1500000;41900
TATN;5;20160318;182000;362.3000000;363.2500000;362.1000000;363.1000000;28670
TATN;5;20160318;182500;363.1500000;364.1500000;362.8500000;364.1500000;41970
TATN;5;20160318;183000;364.1500000;364.2500000;362.5500000;363.0000000;117530
TATN;5;20160318;183500;362.7500000;363.7500000;362.4000000;362.9000000;74340
TATN;5;20160318;184000;362.7500000;365.0000000;361.2000000;363.0000000;554180
TATN;5;20160318;185000;364.0000000;364.0000000;364.0000000;364.0000000;253950
TATN;5;20160321;100500;361.5500000;362.2500000;360.0000000;361.4500000;54230
TATN;5;20160321;101000;361.4000000;362.1000000;361.0000000;361.8500000;26350
TATN;5;20160321;101500;361.7500000;361.7500000;361.0000000;361.0500000;27810
TATN;5;20160321;102000;361.0500000;361.8000000;361.0500000;361.5000000;10540
TATN;5;20160321;102500;361.5500000;361.9000000;361.1500000;361.1500000;39130
TATN;5;20160321;103000;361.2000000;361.5500000;360.3000000;360.3000000;34520
TATN;5;20160321;103500;360.2500000;360.5500000;359.0000000;359.6000000;32470
TATN;5;20160321;104000;359.5000000;360.3500000;359.1500000;359.2500000;18050
TATN;5;20160321;104500;359.4000000;359.4000000;358.3000000;359.2000000;30760
TATN;5;20160321;105000;359.6500000;359.6500000;358.7000000;359.4000000;5250
TATN;5;20160321;105500;359.5000000;361.8500000;359.2000000;361.4500000;39290
TATN;5;20160321;110000;361.4500000;361.8500000;360.8000000;360.8000000;19110
TATN;5;20160321;110500;360.5500000;361.2000000;360.0500000;360.2500000;28430
TATN;5;20160321;111000;360.4000000;360.9000000;359.5000000;359.5500000;10750
TATN;5;20160321;111500;359.5500000;359.8500000;359.0000000;359.2500000;9480
TATN;5;20160321;112000;359.2500000;361.0000000;359.2500000;360.8000000;13760
TATN;5;20160321;112500;360.7000000;360.9000000;360.0500000;360.7000000;14460
TATN;5;20160321;113000;361.0000000;361.0000000;360.2000000;361.0000000;15130
TATN;5;20160321;113500;361.2500000;362.6500000;360.9500000;362.6000000;29670
TATN;5;20160321;114000;362.6000000;362.8000000;361.8000000;361.8000000;23230
TATN;5;20160321;114500;362.0500000;362.0500000;360.9500000;361.8500000;16140
TATN;5;20160321;115000;362.2500000;362.5500000;361.3500000;362.1000000;12460
TATN;5;20160321;115500;361.9500000;362.2500000;361.3500000;361.4500000;10990
TATN;5;20160321;120000;361.4000000;361.7000000;361.0500000;361.4000000;6900
TATN;5;20160321;120500;361.3500000;361.3500000;360.9500000;360.9500000;20100
TATN;5;20160321;121000;361.0500000;362.8500000;361.0500000;362.4000000;21370
TATN;5;20160321;121500;362.4000000;362.8000000;361.9500000;362.4000000;6090
TATN;5;20160321;122000;362.4000000;362.5500000;362.1500000;362.1500000;6060
TATN;5;20160321;122500;362.1500000;362.6500000;361.6500000;361.7500000;5120
TATN;5;20160321;123000;361.7500000;362.2500000;361.7500000;362.0000000;1930
TATN;5;20160321;123500;362.1500000;362.7500000;361.9500000;362.6000000;5990
TATN;5;20160321;124000;362.4000000;362.6500000;361.9500000;362.1500000;15310
TATN;5;20160321;124500;362.4000000;362.5500000;361.7500000;362.1000000;10470
TATN;5;20160321;125000;361.9000000;361.9500000;361.5000000;361.6500000;21230
TATN;5;20160321;125500;361.6500000;361.6500000;361.3000000;361.3500000;2370
TATN;5;20160321;130000;361.5000000;362.4500000;361.4000000;361.6000000;8110
TATN;5;20160321;130500;361.5500000;361.5500000;361.1500000;361.5500000;8020
TATN;5;20160321;131000;361.4000000;361.5000000;361.1500000;361.1500000;1580
TATN;5;20160321;131500;361.2500000;361.4500000;361.2000000;361.2000000;2700
TATN;5;20160321;132000;361.3500000;362.5000000;361.3500000;362.1500000;14830
TATN;5;20160321;132500;362.4500000;362.4500000;361.8000000;361.9500000;4860
TATN;5;20160321;133000;361.8500000;362.4000000;361.2500000;361.2500000;6830
TATN;5;20160321;133500;361.2000000;362.0000000;361.0500000;361.8500000;5120
TATN;5;20160321;134000;362.0000000;362.6500000;361.9000000;362.4500000;18720
TATN;5;20160321;134500;362.4000000;362.4000000;361.0500000;361.1500000;18470
TATN;5;20160321;135000;361.3500000;362.0000000;361.1500000;361.4000000;6680
TATN;5;20160321;135500;361.3500000;361.6000000;360.9500000;361.3000000;12190
TATN;5;20160321;140000;361.1000000;361.4000000;360.9500000;361.2500000;26290
TATN;5;20160321;140500;361.1000000;361.4500000;360.9500000;361.3000000;7760
TATN;5;20160321;141000;361.1500000;361.3000000;360.4500000;360.5000000;13030
TATN;5;20160321;141500;360.5000000;360.5000000;359.7500000;359.9000000;10200
TATN;5;20160321;142000;359.7000000;360.0000000;359.5000000;360.0000000;6570
TATN;5;20160321;142500;359.9500000;360.6000000;359.8500000;360.3000000;8900
TATN;5;20160321;143000;360.3500000;360.3500000;359.7500000;359.7500000;5300
TATN;5;20160321;143500;359.7500000;359.7500000;358.9000000;359.0500000;10070
TATN;5;20160321;144000;359.2500000;359.6000000;358.9000000;359.0000000;9010
TATN;5;20160321;144500;359.1500000;359.4500000;358.7000000;359.1500000;5090
TATN;5;20160321;145000;358.9000000;359.1000000;358.5500000;358.7500000;17520
TATN;5;20160321;145500;358.7500000;359.4500000;358.6000000;358.6000000;6590
TATN;5;20160321;150000;358.6500000;359.1500000;358.6000000;359.1000000;3280
TATN;5;20160321;150500;359.1000000;359.4500000;358.6000000;359.0000000;12480
TATN;5;20160321;151000;359.2500000;359.3500000;358.7500000;359.0500000;17980
TATN;5;20160321;151500;359.0500000;359.3000000;359.0500000;359.3000000;3350
TATN;5;20160321;152000;359.1500000;359.1500000;358.6500000;358.6500000;9220
TATN;5;20160321;152500;358.6500000;358.8000000;358.4000000;358.4500000;33010
TATN;5;20160321;153000;358.6500000;359.0000000;358.4000000;358.4000000;7090
TATN;5;20160321;153500;358.6000000;358.7000000;358.0000000;358.4500000;12970
TATN;5;20160321;154000;358.4500000;358.8000000;357.5500000;357.7500000;20720
TATN;5;20160321;154500;357.8000000;358.5000000;357.3000000;357.5500000;18310
TATN;5;20160321;155000;357.5500000;357.7000000;357.1500000;357.4000000;21590
TATN;5;20160321;155500;357.3000000;357.6500000;356.8000000;357.0000000;24290
TATN;5;20160321;160000;356.8000000;357.0500000;356.7500000;356.9000000;9410
TATN;5;20160321;160500;357.2000000;357.5000000;356.8000000;357.2000000;14170
TATN;5;20160321;161000;357.1000000;357.4000000;356.8500000;357.0500000;8100
TATN;5;20160321;161500;356.8500000;357.0500000;356.6500000;357.0000000;13480
TATN;5;20160321;162000;356.9500000;357.3000000;356.5000000;357.3000000;14320
TATN;5;20160321;162500;357.3000000;357.3500000;356.9500000;357.0000000;9540
TATN;5;20160321;163000;356.9500000;357.1500000;356.6000000;356.7500000;10260
TATN;5;20160321;163500;356.7500000;357.6000000;356.6000000;357.1000000;11550
TATN;5;20160321;164000;357.2500000;358.3500000;357.1500000;358.3500000;9120
TATN;5;20160321;164500;358.5000000;360.8500000;358.5000000;360.8500000;56370
TATN;5;20160321;165000;360.8500000;360.9000000;360.0000000;360.5500000;16430
TATN;5;20160321;165500;360.7000000;361.7000000;360.7000000;361.2500000;29120
TATN;5;20160321;170000;361.5000000;362.2000000;361.2500000;361.5000000;43850
TATN;5;20160321;170500;361.5500000;362.8500000;359.8000000;360.2000000;110200
TATN;5;20160321;171000;360.1500000;361.2000000;360.1000000;361.2000000;23180
TATN;5;20160321;171500;361.2000000;361.4500000;360.7500000;361.2000000;13730
TATN;5;20160321;172000;361.2500000;361.8000000;361.0500000;361.5500000;27930
TATN;5;20160321;172500;361.4000000;362.2500000;361.4000000;361.5500000;23300
TATN;5;20160321;173000;361.8000000;361.9000000;361.1000000;361.3500000;10770
TATN;5;20160321;173500;361.3000000;362.3500000;361.3000000;362.1500000;19460
TATN;5;20160321;174000;362.3000000;362.7000000;362.3000000;362.5000000;21170
TATN;5;20160321;174500;362.5000000;362.5500000;361.4000000;361.6500000;22450
TATN;5;20160321;175000;361.6000000;361.9000000;360.8000000;361.5000000;17410
TATN;5;20160321;175500;361.6500000;361.6500000;357.6000000;358.0500000;149870
TATN;5;20160321;180000;358.0500000;359.2500000;357.1000000;358.2000000;199990
TATN;5;20160321;180500;358.2000000;359.0500000;358.1500000;358.9000000;31980
TATN;5;20160321;181000;359.0500000;359.7000000;358.8500000;358.8500000;25050
TATN;5;20160321;181500;358.8000000;359.1000000;358.5000000;358.5500000;19960
TATN;5;20160321;182000;358.8500000;360.4000000;358.8500000;360.4000000;29700
TATN;5;20160321;182500;360.3000000;360.7500000;360.0000000;360.0500000;27040
TATN;5;20160321;183000;360.1000000;360.8000000;359.7500000;359.8500000;24330
TATN;5;20160321;183500;359.9000000;359.9000000;358.8500000;359.5000000;17570
TATN;5;20160321;184000;359.2500000;359.4000000;358.6500000;358.6500000;22260
TATN;5;20160321;185000;360.6000000;360.6000000;360.6000000;360.6000000;32370
TATN;5;20160322;100500;361.0000000;361.0000000;359.1500000;359.4500000;11550
TATN;5;20160322;101000;359.1500000;359.4500000;358.7000000;358.9000000;16410
TATN;5;20160322;101500;358.7500000;360.1500000;358.7000000;360.0000000;11060
TATN;5;20160322;102000;359.9000000;360.3000000;359.4000000;359.5500000;11190
TATN;5;20160322;102500;359.3500000;359.6500000;359.2500000;359.6000000;14140
TATN;5;20160322;103000;359.6000000;359.6500000;358.9500000;359.6000000;30320
TATN;5;20160322;103500;359.5000000;359.6500000;359.1000000;359.4500000;23150
TATN;5;20160322;104000;359.4000000;359.6500000;358.9000000;359.2000000;18010
TATN;5;20160322;104500;359.2000000;359.5000000;359.2000000;359.4500000;3080
TATN;5;20160322;105000;359.4500000;359.6500000;359.3500000;359.6500000;18950
TATN;5;20160322;105500;359.6500000;359.6500000;358.8000000;359.0500000;27910
TATN;5;20160322;110000;358.8500000;359.5500000;358.8500000;359.5000000;10730
TATN;5;20160322;110500;359.6000000;360.3000000;359.0000000;359.9000000;49760
TATN;5;20160322;111000;359.6500000;360.0000000;359.2000000;359.2500000;28310
TATN;5;20160322;111500;359.4000000;360.1500000;358.7000000;359.6500000;47480
TATN;5;20160322;112000;359.5000000;359.8500000;359.1000000;359.8000000;15820
TATN;5;20160322;112500;359.6000000;359.6000000;358.7000000;358.7500000;29460
TATN;5;20160322;113000;358.7500000;358.8500000;358.1500000;358.5000000;35480
TATN;5;20160322;113500;358.4500000;358.4500000;357.1000000;357.2500000;29390
TATN;5;20160322;114000;357.3500000;357.9500000;357.2500000;357.5500000;22980
TATN;5;20160322;114500;357.5000000;358.2000000;357.5000000;358.2000000;11430
TATN;5;20160322;115000;358.2000000;358.9500000;358.0000000;358.5000000;24160
TATN;5;20160322;115500;358.3500000;358.8000000;358.2500000;358.5000000;12750
TATN;5;20160322;120000;358.6500000;359.0000000;358.3000000;358.9500000;15220
TATN;5;20160322;120500;359.1500000;359.7000000;358.4500000;358.4500000;24340
TATN;5;20160322;121000;358.6000000;358.8500000;357.9500000;358.3500000;9020
TATN;5;20160322;121500;358.6000000;359.2000000;358.3000000;358.7000000;20880
TATN;5;20160322;122000;358.6000000;359.2500000;358.6000000;358.7000000;14490
TATN;5;20160322;122500;358.7000000;359.2000000;358.3000000;358.6500000;10070
TATN;5;20160322;123000;358.9000000;359.0000000;358.4500000;358.7000000;9510
TATN;5;20160322;123500;358.4500000;358.6500000;358.2500000;358.5500000;5600
TATN;5;20160322;124000;358.6500000;360.3500000;358.6500000;360.0000000;39700
TATN;5;20160322;124500;360.1500000;360.3500000;359.2000000;359.8000000;32440
TATN;5;20160322;125000;359.8000000;359.8500000;358.9000000;359.4000000;22190
TATN;5;20160322;125500;359.3000000;359.5000000;358.2000000;358.6500000;20750
TATN;5;20160322;130000;358.6000000;358.6000000;357.4000000;357.6500000;41530
TATN;5;20160322;130500;357.5500000;357.7500000;357.1500000;357.5500000;24860
TATN;5;20160322;131000;357.6000000;357.7500000;357.1500000;357.3000000;9020
TATN;5;20160322;131500;357.4000000;357.5000000;357.0500000;357.4000000;15260
TATN;5;20160322;132000;357.4500000;357.4500000;356.8500000;357.0000000;13030
TATN;5;20160322;132500;357.0000000;357.3500000;357.0000000;357.3500000;3630
TATN;5;20160322;133000;357.2500000;357.2500000;355.2000000;355.4000000;61270
TATN;5;20160322;133500;355.3000000;356.0000000;354.8500000;355.7000000;37030
TATN;5;20160322;134000;355.6500000;356.0000000;355.1000000;355.6000000;27590
TATN;5;20160322;134500;355.6000000;356.0500000;355.4500000;355.5000000;13420
TATN;5;20160322;135000;355.6500000;356.0000000;355.1000000;355.3500000;18150
TATN;5;20160322;135500;355.4000000;355.8500000;355.3000000;355.8500000;6200
TATN;5;20160322;140000;355.8500000;355.9000000;355.5000000;355.9000000;5220
TATN;5;20160322;140500;356.0000000;356.0000000;355.5500000;355.5500000;5060
TATN;5;20160322;141000;355.6500000;355.9500000;355.4500000;355.7500000;8540
TATN;5;20160322;141500;355.7500000;355.7500000;355.3000000;355.4000000;8730
TATN;5;20160322;142000;355.6000000;356.3500000;355.6000000;356.3500000;16160
TATN;5;20160322;142500;356.3500000;356.6000000;356.2500000;356.2500000;8430
TATN;5;20160322;143000;356.2500000;356.6000000;356.2000000;356.2000000;7340
TATN;5;20160322;143500;356.2500000;356.2500000;355.6500000;355.6500000;13440
TATN;5;20160322;144000;355.6500000;355.6500000;355.3500000;355.4000000;7920
TATN;5;20160322;144500;355.4000000;355.4500000;354.3500000;354.3500000;48110
TATN;5;20160322;145000;354.3500000;354.8000000;354.2500000;354.6500000;15600
TATN;5;20160322;145500;354.5000000;354.7000000;354.1000000;354.1000000;35420
TATN;5;20160322;150000;354.1000000;354.5000000;354.0500000;354.5000000;13890
TATN;5;20160322;150500;354.5000000;354.6500000;353.8500000;354.1000000;22730
TATN;5;20160322;151000;354.1500000;354.1500000;353.8000000;353.9500000;17040
TATN;5;20160322;151500;353.9000000;354.3000000;353.5500000;354.3000000;18090
TATN;5;20160322;152000;354.1500000;354.1500000;353.8500000;354.0500000;10510
TATN;5;20160322;152500;354.0500000;354.0500000;353.0000000;353.3000000;33360
TATN;5;20160322;153000;353.4000000;354.0000000;353.3000000;353.6500000;9710
TATN;5;20160322;153500;353.5500000;354.0000000;353.3500000;354.0000000;10300
TATN;5;20160322;154000;354.0000000;354.3500000;354.0000000;354.3000000;11600
TATN;5;20160322;154500;354.3500000;355.0500000;354.3500000;354.9000000;11860
TATN;5;20160322;155000;354.9000000;354.9000000;353.4500000;353.4500000;21910
TATN;5;20160322;155500;353.5500000;353.9000000;353.4500000;353.8000000;9940
TATN;5;20160322;160000;353.8500000;355.1500000;353.6500000;355.1000000;34990
TATN;5;20160322;160500;355.1500000;355.2500000;354.2500000;354.6000000;19880
TATN;5;20160322;161000;354.6000000;354.7000000;353.6000000;353.7000000;16450
TATN;5;20160322;161500;353.7000000;353.8500000;352.6500000;353.0000000;35560
TATN;5;20160322;162000;352.8500000;353.0000000;352.2500000;352.9500000;43160
TATN;5;20160322;162500;353.0500000;353.0500000;352.3000000;352.4500000;18350
TATN;5;20160322;163000;352.6000000;353.1500000;352.6000000;353.1000000;8510
TATN;5;20160322;163500;353.0000000;353.4500000;352.3000000;353.0500000;20500
TATN;5;20160322;164000;353.2000000;353.4500000;352.7500000;353.0500000;20750
TATN;5;20160322;164500;353.0500000;353.5000000;353.0000000;353.4000000;16900
TATN;5;20160322;165000;353.3000000;353.4000000;352.3000000;352.3000000;17470
TATN;5;20160322;165500;352.4000000;353.1500000;352.4000000;353.1500000;19620
TATN;5;20160322;170000;353.0000000;353.2000000;352.7000000;353.2000000;17450
TATN;5;20160322;170500;353.1000000;353.3000000;352.5000000;352.5000000;17700
TATN;5;20160322;171000;352.6500000;352.8000000;352.0000000;352.0000000;30260
TATN;5;20160322;171500;352.0000000;352.9500000;351.9500000;352.2000000;15880
TATN;5;20160322;172000;352.2000000;352.4000000;351.6500000;351.8500000;17980
TATN;5;20160322;172500;352.0000000;352.6000000;352.0000000;352.0000000;13150
TATN;5;20160322;173000;352.0500000;352.4000000;351.6000000;352.0000000;23760
TATN;5;20160322;173500;352.0500000;354.2000000;351.9000000;353.1500000;50530
TATN;5;20160322;174000;353.1500000;355.9000000;353.1500000;355.7500000;99770
TATN;5;20160322;174500;355.7000000;355.9000000;354.3000000;355.2500000;92670
TATN;5;20160322;175000;355.3500000;357.5500000;355.2500000;356.3000000;73190
TATN;5;20160322;175500;356.5000000;356.9000000;356.0000000;356.1000000;35170
TATN;5;20160322;180000;355.9000000;356.4000000;355.5000000;355.5000000;16210
TATN;5;20160322;180500;355.2500000;355.6000000;355.0000000;355.1500000;18920
TATN;5;20160322;181000;355.0000000;355.5000000;354.5500000;354.8500000;26980
TATN;5;20160322;181500;354.8000000;355.2500000;353.9000000;354.2500000;39590
TATN;5;20160322;182000;354.2500000;355.5000000;354.2000000;355.5000000;19330
TATN;5;20160322;182500;355.5000000;355.5000000;353.8000000;353.9500000;31950
TATN;5;20160322;183000;354.0500000;354.4000000;354.0000000;354.4000000;3960
TATN;5;20160323;100500;357.5000000;357.6000000;354.4000000;354.8000000;59300
TATN;5;20160323;101000;354.7500000;355.5500000;354.7500000;355.2000000;13590
TATN;5;20160323;101500;355.2500000;356.1500000;355.0500000;355.9000000;9610
TATN;5;20160323;102000;355.9500000;355.9500000;354.7000000;354.8500000;14010
TATN;5;20160323;102500;354.8500000;355.3000000;354.8500000;355.3000000;5010
TATN;5;20160323;103000;355.1000000;355.7000000;355.1000000;355.4000000;3100
TATN;5;20160323;103500;355.4500000;355.9500000;355.0500000;355.9000000;7120
TATN;5;20160323;104000;355.6500000;356.7500000;355.5000000;356.2500000;11880
TATN;5;20160323;104500;356.2000000;356.6500000;355.7000000;356.3500000;10740
TATN;5;20160323;105000;356.0000000;356.0000000;356.0000000;356.0000000;80
TATN;5;20160323;105500;355.9000000;356.0500000;355.5000000;355.9500000;3480
TATN;5;20160323;110000;355.7500000;357.4500000;355.7500000;356.3500000;18290
TATN;5;20160323;110500;356.6500000;358.1500000;356.0000000;357.9500000;48290
TATN;5;20160323;111000;357.9500000;358.2000000;357.5000000;357.6500000;9290
TATN;5;20160323;111500;357.9500000;358.6000000;357.9000000;358.2000000;20540
TATN;5;20160323;112000;358.3500000;358.3500000;357.6500000;358.1000000;14820
TATN;5;20160323;112500;358.0000000;358.4000000;357.7500000;358.2500000;9490
TATN;5;20160323;113000;358.1500000;358.9500000;357.8500000;358.7000000;13690
TATN;5;20160323;113500;358.4500000;359.2500000;358.4500000;358.8000000;10970
TATN;5;20160323;114000;358.8000000;360.1500000;358.8000000;360.1500000;51480
TATN;5;20160323;114500;359.9000000;360.8500000;359.7000000;360.6500000;31670
TATN;5;20160323;115000;360.8500000;361.5000000;360.6500000;360.8500000;54810
TATN;5;20160323;115500;360.9500000;360.9500000;359.6500000;360.0000000;20240
TATN;5;20160323;120000;360.2000000;360.4000000;359.1500000;360.3000000;14950
TATN;5;20160323;120500;360.4000000;360.4500000;358.7000000;359.5500000;17700
TATN;5;20160323;121000;359.5000000;359.7500000;358.9000000;359.2000000;3660
TATN;5;20160323;121500;359.2500000;359.8000000;358.5000000;359.8000000;16480
TATN;5;20160323;122000;359.5000000;360.1500000;359.3000000;359.3000000;5710
TATN;5;20160323;122500;359.3000000;359.3500000;358.3000000;358.4000000;10940
TATN;5;20160323;123000;358.6000000;358.6500000;358.3500000;358.6000000;1820
TATN;5;20160323;123500;358.6500000;359.1500000;358.6500000;358.8000000;2420
TATN;5;20160323;124000;358.8500000;358.9500000;358.0500000;358.8500000;7490
TATN;5;20160323;124500;359.0500000;359.1500000;358.0000000;358.0000000;1170
TATN;5;20160323;125000;358.0000000;358.3500000;357.8500000;358.3000000;4330
TATN;5;20160323;125500;358.3000000;358.6000000;358.3000000;358.3000000;1290
TATN;5;20160323;130000;358.5500000;358.5500000;357.7500000;358.4000000;16010
TATN;5;20160323;130500;358.4000000;358.4000000;357.9500000;358.1500000;1800
TATN;5;20160323;131000;358.1000000;358.3000000;357.8000000;358.0500000;7120
TATN;5;20160323;131500;358.0500000;359.0500000;358.0500000;358.5000000;11120
TATN;5;20160323;132000;358.4500000;358.6500000;358.1000000;358.3000000;1180
TATN;5;20160323;132500;358.3000000;358.3500000;357.8500000;358.0500000;19150
TATN;5;20160323;133000;358.0500000;358.0500000;357.7500000;357.8500000;3050
TATN;5;20160323;133500;357.7500000;358.2000000;357.6500000;358.1000000;4160
TATN;5;20160323;134000;358.0500000;358.3500000;357.9500000;358.0500000;2070
TATN;5;20160323;134500;358.0000000;358.0000000;357.6500000;357.7500000;18480
TATN;5;20160323;135000;357.7000000;359.5000000;357.5000000;358.7500000;33970
TATN;5;20160323;135500;358.9000000;359.2500000;358.9000000;359.1500000;2560
TATN;5;20160323;140000;359.1500000;359.5000000;358.8000000;358.8500000;5170
TATN;5;20160323;140500;358.8500000;358.8500000;358.8000000;358.8500000;590
TATN;5;20160323;141000;358.8500000;359.5000000;358.7000000;359.4000000;2090
TATN;5;20160323;141500;359.5000000;359.5000000;358.9000000;358.9000000;3110
TATN;5;20160323;142000;358.8000000;358.8000000;358.2000000;358.2000000;2360
TATN;5;20160323;142500;358.2000000;358.6500000;358.2000000;358.6000000;1560
TATN;5;20160323;143000;358.6000000;359.4500000;358.6000000;359.4500000;16740
TATN;5;20160323;143500;359.4500000;359.7000000;359.1000000;359.1000000;2990
TATN;5;20160323;144000;359.0000000;359.2500000;358.7000000;359.0000000;2790
TATN;5;20160323;144500;359.2500000;359.6500000;359.2500000;359.6500000;1800
TATN;5;20160323;145000;359.6500000;359.7500000;359.2000000;359.7500000;7500
TATN;5;20160323;145500;359.7500000;359.7500000;358.7000000;359.0000000;4170
TATN;5;20160323;150000;359.3500000;359.3500000;357.4500000;357.4500000;14590
TATN;5;20160323;150500;357.9500000;357.9500000;356.7500000;357.1000000;12970
TATN;5;20160323;151000;357.1000000;357.5000000;356.3500000;357.5000000;12570
TATN;5;20160323;151500;357.2000000;357.2000000;356.8000000;356.8000000;4930
TATN;5;20160323;152000;356.7000000;356.8000000;356.3500000;356.7500000;5410
TATN;5;20160323;152500;356.5000000;356.7000000;356.1500000;356.6500000;14550
TATN;5;20160323;153000;356.3000000;356.8500000;355.9500000;356.4500000;13440
TATN;5;20160323;153500;356.5000000;357.2500000;356.5000000;357.0500000;4180
TATN;5;20160323;154000;356.9500000;357.4000000;356.9500000;357.0500000;4690
TATN;5;20160323;154500;357.1500000;357.3500000;357.0000000;357.0000000;6900
TATN;5;20160323;155000;357.0500000;357.1000000;356.7500000;356.8500000;10950
TATN;5;20160323;155500;357.1000000;357.5000000;357.0000000;357.5000000;3370
TATN;5;20160323;160000;357.2500000;357.9500000;357.2500000;357.5000000;7560
TATN;5;20160323;160500;357.3000000;357.3000000;355.3000000;355.3000000;33350
TATN;5;20160323;161000;355.3000000;356.2500000;355.3000000;355.7500000;9130
TATN;5;20160323;161500;355.9000000;356.0000000;355.5000000;355.7000000;6560
TATN;5;20160323;162000;355.5000000;355.5000000;354.6500000;354.9500000;32780
TATN;5;20160323;162500;354.9000000;355.6000000;354.5500000;355.6000000;18410
TATN;5;20160323;163000;355.6000000;355.6500000;355.0000000;355.2500000;5440
TATN;5;20160323;163500;355.2500000;355.4500000;354.5500000;354.7000000;9830
TATN;5;20160323;164000;354.5500000;355.5000000;354.5500000;354.8000000;8930
TATN;5;20160323;164500;354.8000000;355.0000000;354.3000000;354.3500000;9950
TATN;5;20160323;165000;354.5500000;354.7500000;354.0000000;354.5500000;11970
TATN;5;20160323;165500;354.5500000;354.8500000;354.0000000;354.0000000;7470
TATN;5;20160323;170000;354.0000000;354.0000000;352.7000000;352.7000000;43050
TATN;5;20160323;170500;352.6500000;353.7500000;352.5000000;353.3500000;25720
TATN;5;20160323;171000;353.3000000;353.6500000;352.8500000;353.2000000;7270
TATN;5;20160323;171500;353.3000000;354.0000000;353.3000000;353.5000000;5920
TATN;5;20160323;172000;353.8500000;354.0500000;353.5500000;353.8500000;1220
TATN;5;20160323;172500;353.9000000;354.9000000;353.2500000;354.9000000;14910
TATN;5;20160323;173000;354.9500000;355.3500000;354.1500000;354.4500000;11280
TATN;5;20160323;173500;354.1500000;354.4500000;353.1500000;353.4000000;27420
TATN;5;20160323;174000;353.5000000;354.0500000;353.3500000;353.5500000;10550
TATN;5;20160323;174500;353.3500000;353.7500000;353.1000000;353.5500000;15320
TATN;5;20160323;175000;353.5000000;354.9500000;353.4000000;354.2000000;45130
TATN;5;20160323;175500;354.0500000;354.5000000;353.2500000;353.8000000;26370
TATN;5;20160323;180000;353.7500000;354.0000000;353.5000000;354.0000000;10700
TATN;5;20160323;180500;353.8500000;355.2500000;353.7000000;354.3000000;35320
TATN;5;20160323;181000;354.4000000;356.8000000;354.2500000;356.8000000;66310
TATN;5;20160323;181500;356.8500000;356.9500000;354.0500000;354.0500000;92460
TATN;5;20160323;182000;354.0500000;354.6500000;353.3500000;353.3500000;60230
TATN;5;20160323;182500;353.3500000;354.0500000;353.1000000;353.5500000;43030
TATN;5;20160323;183000;353.4000000;354.3500000;353.1000000;353.1000000;48160
TATN;5;20160323;183500;353.3500000;354.7000000;353.3500000;354.7000000;43350
TATN;5;20160323;184000;354.7000000;358.3000000;354.6500000;357.9000000;266250
TATN;5;20160323;185000;357.9500000;357.9500000;357.9500000;357.9500000;87470
TATN;5;20160324;100500;356.0000000;357.0000000;355.6500000;356.0500000;38760
TATN;5;20160324;101000;356.0500000;356.2000000;355.5000000;355.8500000;11270
TATN;5;20160324;101500;355.5000000;355.6500000;353.6000000;353.6000000;42930
TATN;5;20160324;102000;353.9000000;355.9000000;353.9000000;354.0500000;22500
TATN;5;20160324;102500;354.1000000;354.7000000;353.5000000;354.0000000;18720
TATN;5;20160324;103000;354.0000000;354.1000000;353.5500000;353.8500000;10630
TATN;5;20160324;103500;354.1500000;354.2500000;353.9000000;354.0500000;5630
TATN;5;20160324;104000;354.0500000;354.6000000;353.9000000;354.4500000;11560
TATN;5;20160324;104500;354.3500000;354.7000000;353.8000000;353.8000000;7040
TATN;5;20160324;105000;353.7500000;354.1500000;353.7500000;354.1500000;3540
TATN;5;20160324;105500;353.8000000;353.8000000;352.5500000;352.5500000;24160
TATN;5;20160324;110000;352.7500000;353.1500000;352.7000000;353.0000000;4960
TATN;5;20160324;110500;353.0000000;353.9500000;353.0000000;353.2500000;5430
TATN;5;20160324;111000;353.0500000;353.0500000;352.5500000;352.9500000;5900
TATN;5;20160324;111500;352.9500000;353.9000000;352.7000000;353.9000000;62000
TATN;5;20160324;112000;353.7500000;354.0000000;353.5000000;353.8500000;14640
TATN;5;20160324;112500;353.9500000;354.6000000;353.8000000;354.4000000;70780
TATN;5;20160324;113000;354.4000000;354.5000000;353.3500000;353.6500000;21870
TATN;5;20160324;113500;353.5500000;353.9500000;353.3000000;353.3000000;5910
TATN;5;20160324;114000;353.3000000;353.3500000;352.9000000;352.9000000;15050
TATN;5;20160324;114500;352.9000000;352.9000000;352.6000000;352.6500000;11590
TATN;5;20160324;115000;352.7000000;353.3500000;352.7000000;353.3500000;3630
TATN;5;20160324;115500;353.3500000;353.3500000;352.7000000;352.7000000;5300
TATN;5;20160324;120000;352.8500000;353.0500000;352.6500000;352.8000000;7490
TATN;5;20160324;120500;352.7000000;353.0500000;352.5500000;352.5500000;12950
TATN;5;20160324;121000;352.5500000;353.0000000;351.7500000;352.5500000;57890
TATN;5;20160324;121500;352.4000000;352.5000000;351.2500000;351.8500000;31290
TATN;5;20160324;122000;352.0000000;352.4000000;351.3500000;351.5000000;27030
TATN;5;20160324;122500;351.5000000;352.1000000;351.5000000;351.9500000;25020
TATN;5;20160324;123000;352.0500000;352.8000000;351.7500000;351.8000000;28610
TATN;5;20160324;123500;351.7500000;351.7500000;350.5500000;351.4000000;191320
TATN;5;20160324;124000;351.1500000;352.3500000;350.9000000;352.1500000;40240
TATN;5;20160324;124500;351.9500000;352.4500000;351.8000000;351.8000000;9460
TATN;5;20160324;125000;351.8000000;352.4500000;351.7000000;351.7000000;8610
TATN;5;20160324;125500;351.8500000;352.3500000;351.6000000;351.9500000;16790
TATN;5;20160324;130000;351.9000000;351.9000000;350.8000000;350.8500000;50180
TATN;5;20160324;130500;350.8000000;351.0000000;349.6500000;349.8500000;54580
TATN;5;20160324;131000;349.9000000;350.2500000;349.6000000;349.6000000;12230
TATN;5;20160324;131500;349.8000000;350.0500000;349.5500000;350.0000000;6360
TATN;5;20160324;132000;350.2500000;350.2500000;350.0000000;350.2500000;11800
TATN;5;20160324;132500;350.2500000;350.5000000;350.0000000;350.4500000;19400
TATN;5;20160324;133000;350.2500000;350.5500000;348.1500000;348.4500000;126260
TATN;5;20160324;133500;348.4000000;348.6500000;345.3000000;347.1500000;360830
TATN;5;20160324;134000;347.0000000;347.2000000;346.3500000;346.9000000;44140
TATN;5;20160324;134500;346.9500000;347.2500000;346.8000000;347.2000000;13990
TATN;5;20160324;135000;347.2000000;347.2500000;346.4500000;346.9500000;19020
TATN;5;20160324;135500;346.9500000;347.8500000;346.9000000;347.8000000;11360
TATN;5;20160324;140000;347.9000000;348.0000000;346.7000000;346.7500000;13420
TATN;5;20160324;140500;346.9000000;347.1000000;346.7000000;346.8500000;10100
TATN;5;20160324;141000;347.0500000;347.5000000;347.0500000;347.4000000;5700
TATN;5;20160324;141500;347.2000000;347.5000000;347.1000000;347.1000000;1560
TATN;5;20160324;142000;347.0000000;347.3500000;347.0000000;347.0500000;2880
TATN;5;20160324;142500;347.3000000;347.7000000;347.0500000;347.7000000;6140
TATN;5;20160324;143000;347.7000000;348.0500000;347.4000000;347.7500000;17090
TATN;5;20160324;143500;347.6000000;348.1500000;347.2500000;348.1500000;8420
TATN;5;20160324;144000;348.2000000;348.4500000;347.8500000;348.4000000;9450
TATN;5;20160324;144500;348.4000000;348.4000000;347.4000000;347.5500000;10200
TATN;5;20160324;145000;347.5500000;347.7000000;347.1500000;347.4000000;3990
TATN;5;20160324;145500;347.2500000;347.7000000;346.9000000;347.7000000;10610
TATN;5;20160324;150000;347.8500000;348.0000000;347.4000000;347.7500000;2330
TATN;5;20160324;150500;347.6500000;347.6500000;347.2000000;347.3500000;990
TATN;5;20160324;151000;347.1500000;347.7000000;347.0500000;347.6500000;6430
TATN;5;20160324;151500;347.6000000;347.6000000;347.2500000;347.3000000;3010
TATN;5;20160324;152000;347.4500000;348.0500000;347.3000000;347.4000000;9060
TATN;5;20160324;152500;347.4000000;348.0000000;347.2000000;347.8000000;6450
TATN;5;20160324;153000;347.7500000;347.7500000;347.2500000;347.5500000;3470
TATN;5;20160324;153500;347.3500000;347.9000000;347.1000000;347.9000000;11760
TATN;5;20160324;154000;347.6500000;347.9000000;347.3500000;347.3500000;1550
TATN;5;20160324;154500;347.3500000;347.9000000;347.2000000;347.3500000;4050
TATN;5;20160324;155000;347.2500000;347.5000000;346.7000000;346.7000000;19900
TATN;5;20160324;155500;346.6500000;346.9000000;346.5000000;346.5500000;5610
TATN;5;20160324;160000;346.5500000;346.7500000;346.5500000;346.6500000;2350
TATN;5;20160324;160500;346.6500000;346.7500000;346.1500000;346.4500000;15010
TATN;5;20160324;161000;346.3500000;346.5000000;345.9500000;345.9500000;8940
TATN;5;20160324;161500;346.0000000;346.1000000;345.8000000;345.8500000;11420
TATN;5;20160324;162000;345.8500000;346.3500000;345.8000000;346.3500000;9880
TATN;5;20160324;162500;346.1500000;346.3500000;345.8000000;346.1500000;15670
TATN;5;20160324;163000;345.9000000;346.1000000;345.7000000;345.8500000;7790
TATN;5;20160324;163500;345.8500000;346.1500000;345.7000000;346.1500000;17810
TATN;5;20160324;164000;345.9000000;346.6500000;345.8500000;346.4500000;1500
TATN;5;20160324;164500;346.4500000;346.9000000;346.0000000;346.0000000;7930
TATN;5;20160324;165000;346.0000000;346.5500000;345.9500000;346.2500000;12310
TATN;5;20160324;165500;346.5500000;347.0500000;346.5000000;346.7500000;5940
TATN;5;20160324;170000;346.7000000;347.7500000;346.6000000;347.2500000;14590
TATN;5;20160324;170500;347.2500000;347.2500000;346.4500000;346.4500000;8940
TATN;5;20160324;171000;346.7000000;347.0500000;346.6000000;346.9500000;10340
TATN;5;20160324;171500;346.9500000;346.9500000;346.6000000;346.9000000;5480
TATN;5;20160324;172000;346.7000000;347.1000000;346.7000000;346.8000000;3160
TATN;5;20160324;172500;346.8500000;347.1000000;346.1500000;346.2500000;7080
TATN;5;20160324;173000;346.2500000;346.4500000;345.9000000;345.9000000;8030
TATN;5;20160324;173500;345.9500000;346.9500000;345.9500000;346.6500000;5200
TATN;5;20160324;174000;346.5000000;347.1000000;346.5000000;346.8000000;3870
TATN;5;20160324;174500;346.8000000;347.5000000;346.7000000;347.5000000;9390
TATN;5;20160324;175000;347.4000000;347.5000000;347.4000000;347.5000000;1000
TATN;5;20160324;175500;347.5500000;347.5500000;347.0000000;347.2500000;5420
TATN;5;20160324;180000;347.2500000;347.9000000;347.2500000;347.9000000;28510
TATN;5;20160324;180500;347.7500000;348.6500000;347.7500000;348.5500000;20990
TATN;5;20160324;181000;348.4000000;348.4000000;348.0000000;348.3000000;990
TATN;5;20160324;181500;348.0500000;348.4500000;347.9000000;348.0000000;12010
TATN;5;20160324;182000;347.9000000;348.1000000;346.8000000;347.3000000;24930
TATN;5;20160324;182500;347.8000000;348.3000000;347.2500000;347.5500000;30550
TATN;5;20160324;183000;347.4500000;347.9500000;347.0000000;347.8500000;33040
TATN;5;20160324;183500;347.9000000;349.7500000;347.5000000;349.4000000;67920
TATN;5;20160324;184000;349.0500000;349.6500000;348.2000000;348.2000000;113660
TATN;5;20160324;185000;348.5000000;348.5000000;348.5000000;348.5000000;12890
TATN;5;20160325;100500;350.6500000;351.4500000;350.2000000;350.2000000;25570
TATN;5;20160325;101000;350.4000000;350.7500000;349.6000000;350.7500000;9330
TATN;5;20160325;101500;350.7500000;351.8000000;350.7500000;351.5500000;14530
TATN;5;20160325;102000;351.5500000;351.7000000;350.8500000;351.3500000;4420
TATN;5;20160325;102500;351.1500000;351.2000000;350.6500000;351.2000000;2830
TATN;5;20160325;103000;350.9500000;351.4000000;350.9500000;351.2500000;2830
TATN;5;20160325;103500;351.2500000;351.4000000;350.4500000;350.5500000;9020
TATN;5;20160325;104000;350.8500000;350.8500000;349.6000000;349.7000000;10270
TATN;5;20160325;104500;349.7500000;350.2000000;349.3500000;350.0500000;10690
TATN;5;20160325;105000;350.3500000;350.8000000;350.2000000;350.5500000;1010
TATN;5;20160325;105500;350.5500000;350.9500000;350.5500000;350.9500000;1460
TATN;5;20160325;110000;350.9000000;350.9500000;350.3500000;350.5000000;5110
TATN;5;20160325;110500;350.5000000;350.8000000;349.7500000;349.7500000;4850
TATN;5;20160325;111000;349.8000000;349.8000000;349.1000000;349.3500000;5680
TATN;5;20160325;111500;349.2500000;349.5500000;349.2500000;349.4000000;1300
TATN;5;20160325;112000;349.5500000;349.5500000;349.4000000;349.4000000;770
TATN;5;20160325;112500;349.4000000;349.5000000;349.4000000;349.5000000;250
TATN;5;20160325;113000;349.5000000;349.5500000;349.5000000;349.5500000;50
TATN;5;20160325;113500;349.5500000;349.5500000;349.4000000;349.4000000;610
TATN;5;20160325;114000;349.1000000;349.1000000;348.5000000;348.6500000;3330
TATN;5;20160325;114500;348.6000000;348.9000000;348.5500000;348.9000000;1240
TATN;5;20160325;115000;348.7000000;348.7500000;348.7000000;348.7500000;520
TATN;5;20160325;115500;348.7000000;348.8000000;348.7000000;348.8000000;210
TATN;5;20160325;120000;349.0000000;349.2500000;349.0000000;349.2000000;870
TATN;5;20160325;120500;349.0500000;349.2500000;349.0000000;349.2500000;2100
TATN;5;20160325;121000;349.5000000;349.5500000;349.5000000;349.5000000;210
TATN;5;20160325;121500;349.1000000;349.1000000;349.0500000;349.0500000;1100
TATN;5;20160325;122000;349.0500000;349.4500000;349.0500000;349.4000000;1590
TATN;5;20160325;122500;349.6000000;349.6000000;349.1500000;349.2500000;530
TATN;5;20160325;123000;349.1500000;349.1500000;349.1000000;349.1000000;20
TATN;5;20160325;123500;349.1000000;349.1000000;348.9000000;348.9500000;540
TATN;5;20160325;124000;348.8000000;348.8000000;348.6500000;348.8000000;2740
TATN;5;20160325;124500;348.8000000;348.9500000;348.7500000;348.9500000;890
TATN;5;20160325;125000;348.9500000;348.9500000;348.7000000;348.7000000;290
TATN;5;20160325;125500;348.7500000;349.1000000;348.7500000;349.1000000;1280
TATN;5;20160325;130000;349.1500000;349.3000000;348.9000000;349.3000000;1080
TATN;5;20160325;130500;349.3500000;349.3500000;349.3500000;349.3500000;10
TATN;5;20160325;131500;349.0500000;349.3500000;349.0500000;349.3500000;390
TATN;5;20160325;132000;349.1500000;349.1500000;349.1000000;349.1000000;20
TATN;5;20160325;132500;349.1500000;350.1500000;349.1500000;349.9000000;4550
TATN;5;20160325;133000;349.9000000;350.5500000;349.9000000;350.5000000;5440
TATN;5;20160325;133500;350.5000000;350.8500000;350.4500000;350.7000000;6810
TATN;5;20160325;134000;350.5500000;350.6500000;350.4000000;350.4500000;1230
TATN;5;20160325;134500;350.2500000;350.9500000;350.2500000;350.7000000;7090
TATN;5;20160325;135000;350.7000000;350.9500000;350.5500000;350.7000000;1850
TATN;5;20160325;135500;350.9000000;350.9000000;350.6000000;350.8000000;2500
TATN;5;20160325;140000;350.8000000;350.9000000;350.4500000;350.8000000;2220
TATN;5;20160325;140500;350.8000000;350.8000000;350.2500000;350.2500000;1160
TATN;5;20160325;141000;350.4000000;350.7000000;350.4000000;350.6500000;2680
TATN;5;20160325;142000;350.3500000;350.6500000;350.1500000;350.3500000;2080
TATN;5;20160325;142500;350.2000000;350.2000000;350.2000000;350.2000000;100
TATN;5;20160325;143000;350.2000000;350.2000000;350.1500000;350.1500000;630
TATN;5;20160325;143500;349.8500000;349.8500000;349.7500000;349.7500000;30
TATN;5;20160325;144000;349.7500000;349.7500000;349.1000000;349.1500000;3870
TATN;5;20160325;144500;349.1500000;349.5000000;349.1500000;349.1500000;2450
TATN;5;20160325;145000;349.1500000;349.1500000;348.5000000;348.5000000;5340
TATN;5;20160325;145500;348.5000000;349.3500000;348.5000000;349.1000000;5410
TATN;5;20160325;150000;348.7500000;348.7500000;348.6500000;348.6500000;1140
TATN;5;20160325;150500;348.9500000;349.1000000;348.9500000;349.1000000;40
TATN;5;20160325;152000;349.2000000;349.2000000;349.2000000;349.2000000;100
TATN;5;20160325;152500;348.9500000;348.9500000;348.8000000;348.8000000;1900
TATN;5;20160325;153000;348.8000000;348.8000000;348.8000000;348.8000000;140
TATN;5;20160325;153500;348.7500000;349.6000000;348.7500000;349.4000000;7000
TATN;5;20160325;154000;349.4500000;349.4500000;349.1000000;349.4000000;240
TATN;5;20160325;154500;349.4000000;349.6000000;349.3000000;349.6000000;1250
TATN;5;20160325;155000;349.6000000;349.7500000;349.6000000;349.7500000;1410
TATN;5;20160325;155500;349.7500000;349.7500000;349.6000000;349.6000000;570
TATN;5;20160325;160000;349.7500000;349.9500000;349.6000000;349.9500000;3840
TATN;5;20160325;160500;349.8500000;349.8500000;349.8500000;349.8500000;190
TATN;5;20160325;161500;349.7500000;349.7500000;349.5000000;349.6000000;40
TATN;5;20160325;162000;349.6500000;349.6500000;349.6500000;349.6500000;10
TATN;5;20160325;162500;349.6500000;349.6500000;349.3000000;349.3000000;240
TATN;5;20160325;163000;349.2000000;349.2000000;348.8500000;348.8500000;1300
TATN;5;20160325;163500;349.4500000;349.5000000;349.4500000;349.5000000;820
TATN;5;20160325;164500;349.6000000;349.6000000;349.6000000;349.6000000;890
TATN;5;20160325;165500;349.4000000;349.6000000;349.4000000;349.6000000;80
TATN;5;20160325;170000;349.2000000;349.2000000;349.1000000;349.1000000;960
TATN;5;20160325;171000;349.0000000;349.0000000;348.9500000;348.9500000;1280
TATN;5;20160325;171500;349.1000000;349.1000000;349.1000000;349.1000000;60
TATN;5;20160325;172000;349.0000000;349.0000000;348.9500000;348.9500000;1250
TATN;5;20160325;173000;348.9000000;349.4500000;348.9000000;349.2500000;1320
TATN;5;20160325;173500;349.2500000;349.6000000;349.2500000;349.5500000;2530
TATN;5;20160325;174500;349.3000000;349.3000000;349.3000000;349.3000000;10
TATN;5;20160325;175000;349.4500000;349.5000000;349.4500000;349.5000000;20
TATN;5;20160325;175500;349.3500000;349.5000000;349.3500000;349.5000000;700
TATN;5;20160325;180000;349.4500000;349.4500000;349.4500000;349.4500000;100
TATN;5;20160325;180500;349.5000000;349.5000000;349.3500000;349.5000000;530
TATN;5;20160325;181000;349.5000000;349.5000000;349.2500000;349.2500000;710
TATN;5;20160325;181500;349.3500000;349.3500000;349.2000000;349.2000000;3500
TATN;5;20160325;182000;349.3500000;349.5000000;349.3500000;349.5000000;1570
TATN;5;20160325;182500;349.3500000;349.5000000;349.0500000;349.0500000;4620
TATN;5;20160325;183000;349.0500000;349.3500000;349.0500000;349.3500000;1020
TATN;5;20160325;183500;349.4500000;349.4500000;348.8500000;349.1500000;3800
TATN;5;20160325;184000;349.1000000;349.3500000;348.8500000;349.0500000;2420
TATN;5;20160325;185000;348.7500000;348.7500000;348.7500000;348.7500000;4930
TATN;5;20160328;100500;350.7500000;351.3000000;349.9500000;351.3000000;9650
TATN;5;20160328;101000;351.3000000;352.2500000;351.2000000;352.0500000;24020
TATN;5;20160328;101500;352.0500000;352.3500000;351.8500000;352.0500000;9950
TATN;5;20160328;102000;351.9500000;352.1000000;351.8000000;352.0500000;8160
TATN;5;20160328;102500;351.8000000;352.1500000;351.8000000;352.1500000;13600
TATN;5;20160328;103000;352.1000000;352.1500000;351.9500000;352.1000000;5620
TATN;5;20160328;103500;351.9500000;351.9500000;351.3000000;351.3000000;18340
TATN;5;20160328;104000;351.4500000;351.7000000;350.9000000;351.2000000;6070
TATN;5;20160328;104500;351.6000000;351.6000000;351.2000000;351.3000000;1470
TATN;5;20160328;105000;351.4500000;351.5000000;350.9000000;351.5000000;3330
TATN;5;20160328;105500;351.5000000;351.5500000;351.2500000;351.3000000;1040
TATN;5;20160328;110000;351.3000000;351.4000000;351.0500000;351.0500000;490
TATN;5;20160328;110500;351.0000000;351.0000000;350.5500000;350.7000000;5320
TATN;5;20160328;111000;350.7500000;350.7500000;350.7500000;350.7500000;400
TATN;5;20160328;111500;350.8500000;350.8500000;350.5000000;350.5000000;2970
TATN;5;20160328;112000;350.5000000;350.7500000;350.4500000;350.4500000;660
TATN;5;20160328;112500;350.4500000;350.5000000;350.0500000;350.3500000;24150
TATN;5;20160328;113000;350.1000000;350.4000000;349.7500000;350.1500000;2950
TATN;5;20160328;113500;350.0000000;350.9000000;350.0000000;350.1500000;1930
TATN;5;20160328;114000;349.9500000;350.8500000;349.8000000;350.7500000;7740
TATN;5;20160328;114500;350.1500000;350.9500000;350.1000000;350.9500000;730
TATN;5;20160328;115000;350.6500000;350.6500000;350.0000000;350.0000000;3280
TATN;5;20160328;115500;350.4000000;350.4000000;350.4000000;350.4000000;900
TATN;5;20160328;120000;350.0000000;350.0000000;349.4000000;349.4000000;5170
TATN;5;20160328;120500;349.4000000;349.4000000;348.8500000;348.8500000;4470
TATN;5;20160328;121000;349.1500000;349.1500000;348.5000000;348.7500000;7050
TATN;5;20160328;121500;348.5500000;348.8500000;347.6500000;347.7500000;13110
TATN;5;20160328;122000;347.7500000;348.4500000;347.7000000;347.9500000;3720
TATN;5;20160328;122500;348.1500000;348.1500000;347.7500000;348.0500000;5360
TATN;5;20160328;123000;347.9500000;348.6500000;347.7500000;348.6500000;2990
TATN;5;20160328;123500;348.4500000;348.7500000;348.4500000;348.7500000;80
TATN;5;20160328;124000;348.7500000;348.9500000;348.7500000;348.9500000;300
TATN;5;20160328;124500;348.7500000;348.7500000;348.7500000;348.7500000;960
TATN;5;20160328;125000;348.5500000;348.5500000;348.4000000;348.4000000;20
TATN;5;20160328;125500;348.2500000;348.2500000;347.5500000;347.7000000;6140
TATN;5;20160328;130000;347.9500000;347.9500000;347.1000000;347.1000000;7300
TATN;5;20160328;130500;347.1000000;347.4000000;347.1000000;347.2000000;2060
TATN;5;20160328;131000;347.3000000;347.7000000;347.0500000;347.1000000;7580
TATN;5;20160328;131500;347.1000000;347.2000000;347.0000000;347.2000000;7510
TATN;5;20160328;132000;347.2000000;347.2000000;347.2000000;347.2000000;750
TATN;5;20160328;132500;347.3000000;347.3000000;347.2000000;347.3000000;330
TATN;5;20160328;133000;347.2000000;347.3000000;347.2000000;347.3000000;8170
TATN;5;20160328;133500;347.4000000;347.4000000;346.5000000;346.5000000;15790
TATN;5;20160328;134000;346.5000000;346.6500000;346.2500000;346.2500000;7420
TATN;5;20160328;134500;346.3500000;346.6500000;346.3500000;346.6500000;880
TATN;5;20160328;135000;346.3500000;346.5500000;346.3500000;346.5000000;1090
TATN;5;20160328;135500;346.5000000;346.5500000;346.5000000;346.5500000;530
TATN;5;20160328;140000;346.4500000;346.4500000;346.2000000;346.2000000;15490
TATN;5;20160328;140500;346.2500000;346.3000000;346.2000000;346.3000000;900
TATN;5;20160328;141000;346.3000000;346.7000000;346.3000000;346.6000000;10640
TATN;5;20160328;141500;346.6000000;346.9500000;346.6000000;346.9500000;970
TATN;5;20160328;142000;346.7000000;346.9500000;346.5000000;346.8000000;1750
TATN;5;20160328;142500;346.5000000;346.5500000;346.4000000;346.4000000;660
TATN;5;20160328;143000;346.3500000;346.3500000;346.0000000;346.0000000;10990
TATN;5;20160328;143500;346.0000000;346.0000000;345.5500000;345.5500000;7200
TATN;5;20160328;144000;345.6500000;345.9500000;345.5500000;345.9500000;17910
TATN;5;20160328;144500;345.7500000;345.8000000;345.3500000;345.4000000;15660
TATN;5;20160328;145000;345.3000000;345.8000000;345.2000000;345.7500000;11420
TATN;5;20160328;145500;345.7500000;345.7500000;345.3500000;345.3500000;4060
TATN;5;20160328;150000;345.4000000;345.5000000;345.1500000;345.4000000;4610
TATN;5;20160328;150500;345.3000000;345.3000000;345.0500000;345.1000000;8420
TATN;5;20160328;151000;345.4000000;345.4000000;345.1500000;345.2000000;960
TATN;5;20160328;151500;345.3000000;345.3000000;345.1500000;345.2000000;2010
TATN;5;20160328;152000;345.3500000;346.0000000;345.3500000;345.9500000;11110
TATN;5;20160328;152500;345.8000000;346.1000000;345.8000000;345.8000000;5680
TATN;5;20160328;153000;345.8000000;345.8000000;345.6000000;345.8000000;1250
TATN;5;20160328;153500;346.1000000;346.2500000;345.9000000;346.0000000;600
TATN;5;20160328;154000;345.9500000;346.2000000;345.9500000;346.2000000;6440
TATN;5;20160328;154500;346.0500000;346.1000000;345.6000000;345.6000000;7760
TATN;5;20160328;155000;345.8500000;345.8500000;345.6000000;345.6000000;110
TATN;5;20160328;155500;345.8000000;345.9000000;345.8000000;345.8000000;400
TATN;5;20160328;160000;345.7500000;345.7500000;345.3000000;345.3000000;11500
TATN;5;20160328;160500;345.3500000;345.3500000;345.1500000;345.1500000;3500
TATN;5;20160328;161000;345.1000000;345.6000000;345.0000000;345.0000000;26440
TATN;5;20160328;161500;345.0000000;345.1000000;344.7000000;344.8500000;18540
TATN;5;20160328;162000;344.9500000;345.2500000;344.9500000;345.2500000;3050
TATN;5;20160328;162500;345.2000000;345.6000000;345.2000000;345.3500000;19170
TATN;5;20160328;163000;345.4500000;345.7000000;345.3000000;345.7000000;2690
TATN;5;20160328;163500;345.4500000;345.7000000;345.4500000;345.6500000;3800
TATN;5;20160328;164000;345.4500000;345.4500000;344.2500000;344.3000000;20490
TATN;5;20160328;164500;344.3000000;344.8500000;344.2500000;344.7000000;8890
TATN;5;20160328;165000;344.7000000;345.0500000;344.5500000;344.6500000;4010
TATN;5;20160328;165500;344.6000000;344.6500000;344.6000000;344.6500000;880
TATN;5;20160328;170000;344.9500000;344.9500000;344.6500000;344.7000000;780
TATN;5;20160328;170500;344.7000000;344.9000000;344.3000000;344.3500000;12530
TATN;5;20160328;171000;344.3500000;344.6500000;344.2000000;344.6000000;7430
TATN;5;20160328;171500;344.5500000;345.0500000;344.5500000;345.0500000;1470
TATN;5;20160328;172000;344.6500000;344.6500000;344.3000000;344.3500000;8340
TATN;5;20160328;172500;344.6000000;344.8000000;344.6000000;344.8000000;80
TATN;5;20160328;173000;344.6500000;344.7000000;344.4000000;344.4000000;2410
TATN;5;20160328;173500;344.3500000;344.8000000;344.2000000;344.7500000;9350
TATN;5;20160328;174000;344.7500000;345.1500000;344.4500000;344.5000000;6380
TATN;5;20160328;174500;344.4500000;344.8000000;344.4500000;344.7500000;940
TATN;5;20160328;175000;344.7000000;344.8500000;344.2500000;344.8500000;4390
TATN;5;20160328;175500;344.9000000;345.1000000;344.9000000;345.1000000;2180
TATN;5;20160328;180000;345.1000000;345.2500000;345.0000000;345.2000000;1140
TATN;5;20160328;180500;345.0500000;345.0500000;345.0500000;345.0500000;10
TATN;5;20160328;181000;345.0000000;345.2500000;344.8500000;345.2500000;2230
TATN;5;20160328;181500;345.0500000;345.0500000;344.8500000;345.0000000;2460
TATN;5;20160328;182000;345.2500000;345.2500000;345.1500000;345.1500000;840
TATN;5;20160328;182500;345.0000000;345.2500000;345.0000000;345.0000000;3320
TATN;5;20160328;183000;345.0500000;345.5000000;345.0000000;345.0000000;7310
TATN;5;20160328;183500;345.1500000;345.6000000;345.1500000;345.6000000;930
TATN;5;20160328;184000;345.3500000;345.9000000;345.2000000;345.4500000;23500
TATN;5;20160328;185000;345.0000000;345.0000000;345.0000000;345.0000000;11840
TATN;5;20160329;100500;345.9000000;345.9000000;344.2500000;345.0000000;33940
TATN;5;20160329;101000;345.0000000;345.4000000;344.8500000;344.8500000;7890
TATN;5;20160329;101500;344.6500000;345.0000000;344.2000000;344.4000000;10010
TATN;5;20160329;102000;344.5000000;344.9500000;344.3000000;344.3000000;2760
TATN;5;20160329;102500;344.6500000;345.0000000;344.3000000;344.7500000;10020
TATN;5;20160329;103000;344.6000000;345.6500000;344.6000000;345.4000000;31450
TATN;5;20160329;103500;345.4000000;345.8500000;344.9500000;345.8500000;24940
TATN;5;20160329;104000;345.8500000;345.9500000;345.5000000;345.7500000;12830
TATN;5;20160329;104500;345.7000000;345.9500000;345.5500000;345.6500000;5880
TATN;5;20160329;105000;345.7500000;345.7500000;345.0000000;345.6000000;9190
TATN;5;20160329;105500;345.6000000;346.3500000;345.6000000;346.0000000;26620
TATN;5;20160329;110000;346.1000000;346.7000000;346.1000000;346.7000000;12270
TATN;5;20160329;110500;346.7000000;346.9000000;346.2000000;346.7500000;11210
TATN;5;20160329;111000;346.8500000;347.2500000;346.6500000;346.9000000;22440
TATN;5;20160329;111500;346.9000000;347.3500000;346.6000000;347.0000000;19110
TATN;5;20160329;112000;347.2000000;347.3000000;346.8000000;347.0000000;2540
TATN;5;20160329;112500;347.2000000;347.5000000;346.7000000;346.8500000;15800
TATN;5;20160329;113000;346.9000000;347.4500000;346.5000000;346.7500000;8070
TATN;5;20160329;113500;346.7500000;347.5000000;346.7500000;347.1000000;7540
TATN;5;20160329;114000;347.2000000;347.5000000;346.8500000;346.8500000;6520
TATN;5;20160329;114500;346.9000000;346.9000000;346.5500000;346.6500000;3330
TATN;5;20160329;115000;346.6000000;346.7500000;346.0500000;346.3500000;7310
TATN;5;20160329;115500;346.6000000;346.6500000;346.3500000;346.5500000;1720
TATN;5;20160329;120000;346.5500000;346.5500000;345.9000000;346.1000000;3740
TATN;5;20160329;120500;345.9500000;346.9000000;345.9000000;346.6000000;14810
TATN;5;20160329;121000;346.5000000;346.5000000;345.8000000;345.8500000;3650
TATN;5;20160329;121500;345.8000000;346.0000000;345.4000000;345.4000000;6970
TATN;5;20160329;122000;345.5500000;345.7000000;345.4000000;345.4500000;4360
TATN;5;20160329;122500;345.4500000;345.9000000;345.0500000;345.3000000;15590
TATN;5;20160329;123000;345.3000000;345.7000000;344.7500000;344.7500000;15070
TATN;5;20160329;123500;344.7500000;344.9500000;344.4000000;344.6500000;9230
TATN;5;20160329;124000;344.6000000;344.6500000;344.3500000;344.6000000;8550
TATN;5;20160329;124500;344.6000000;345.0000000;344.5500000;344.8000000;6220
TATN;5;20160329;125000;344.8000000;345.0500000;344.8000000;344.8000000;3110
TATN;5;20160329;125500;344.6500000;344.8500000;344.6000000;344.8500000;2540
TATN;5;20160329;130000;344.8500000;345.3500000;344.8500000;345.1000000;6360
TATN;5;20160329;130500;345.1000000;345.1000000;344.4500000;344.4500000;11550
TATN;5;20160329;131000;344.4500000;345.0000000;344.4000000;344.8000000;8600
TATN;5;20160329;131500;344.8500000;345.4500000;344.8500000;345.4500000;7190
TATN;5;20160329;132000;345.5000000;345.9500000;345.5000000;345.9000000;11700
TATN;5;20160329;132500;345.8500000;346.5000000;345.7000000;346.4500000;9260
TATN;5;20160329;133000;346.4500000;346.5000000;346.2500000;346.4000000;3660
TATN;5;20160329;133500;346.5500000;346.7000000;346.2500000;346.2500000;7070
TATN;5;20160329;134000;346.1500000;346.5500000;346.1500000;346.5500000;2380
TATN;5;20160329;134500;346.5500000;346.9000000;346.0500000;346.5000000;25770
TATN;5;20160329;135000;346.4000000;346.6000000;346.1500000;346.1500000;7160
TATN;5;20160329;135500;345.9500000;346.4500000;345.9500000;346.2500000;8720
TATN;5;20160329;140000;346.0000000;346.3000000;345.1000000;345.3500000;11440
TATN;5;20160329;140500;345.6500000;345.6500000;345.4000000;345.4500000;840
TATN;5;20160329;141000;345.5500000;345.6500000;345.1500000;345.2500000;3010
TATN;5;20160329;141500;345.2500000;345.3500000;344.9000000;345.2500000;2610
TATN;5;20160329;142000;345.0000000;345.7000000;345.0000000;345.7000000;7000
TATN;5;20160329;142500;345.7000000;345.9500000;345.6000000;345.6500000;2080
TATN;5;20160329;143000;345.6000000;345.9500000;345.5000000;345.9500000;3350
TATN;5;20160329;143500;345.7000000;345.9500000;345.5500000;345.8500000;6390
TATN;5;20160329;144000;345.8000000;346.1500000;345.8000000;346.1500000;4320
TATN;5;20160329;144500;346.1000000;346.2500000;345.9000000;345.9000000;2440
TATN;5;20160329;145000;345.9000000;346.0000000;344.5000000;344.5500000;10360
TATN;5;20160329;145500;344.6000000;345.3500000;344.4000000;345.0000000;14460
TATN;5;20160329;150000;345.3000000;345.3000000;344.8500000;344.9500000;1550
TATN;5;20160329;150500;344.9500000;345.6500000;344.9000000;345.5500000;5230
TATN;5;20160329;151000;345.4500000;345.8000000;345.3000000;345.8000000;3200
TATN;5;20160329;151500;345.5500000;345.8500000;345.4500000;345.5500000;3030
TATN;5;20160329;152000;345.8500000;346.1500000;345.6000000;345.8500000;7740
TATN;5;20160329;152500;345.8500000;346.5500000;345.8500000;346.4000000;10100
TATN;5;20160329;153000;346.2000000;346.9500000;346.2000000;346.8000000;15990
TATN;5;20160329;153500;346.8000000;346.8000000;345.2500000;346.2000000;19260
TATN;5;20160329;154000;345.9500000;346.7500000;345.9500000;346.6000000;6230
TATN;5;20160329;154500;346.5000000;346.8000000;346.3500000;346.7000000;8680
TATN;5;20160329;155000;346.4000000;346.7500000;346.3000000;346.6500000;4770
TATN;5;20160329;155500;346.5000000;347.2000000;346.5000000;347.2000000;8850
TATN;5;20160329;160000;346.9500000;347.6500000;346.9000000;347.2500000;19860
TATN;5;20160329;160500;347.5000000;347.5000000;346.8000000;347.3000000;4300
TATN;5;20160329;161000;347.3500000;347.4000000;346.9500000;347.3000000;13300
TATN;5;20160329;161500;347.4000000;347.4000000;347.0500000;347.3500000;2080
TATN;5;20160329;162000;347.3500000;347.8500000;347.3500000;347.4000000;11440
TATN;5;20160329;162500;347.3000000;347.4000000;346.8500000;347.4000000;11440
TATN;5;20160329;163000;347.0500000;347.3500000;346.8000000;347.1000000;3480
TATN;5;20160329;163500;346.8500000;347.7000000;346.8500000;347.3000000;13670
TATN;5;20160329;164000;347.3500000;347.3500000;346.0500000;346.4500000;11860
TATN;5;20160329;164500;346.4500000;346.4500000;346.0000000;346.1500000;2910
TATN;5;20160329;165000;345.9500000;346.1500000;345.4500000;345.8500000;12030
TATN;5;20160329;165500;345.8500000;346.0000000;345.8500000;346.0000000;2160
TATN;5;20160329;170000;345.8500000;346.2000000;345.5000000;345.7000000;7770
TATN;5;20160329;170500;345.7000000;346.0500000;345.6500000;345.6500000;7240
TATN;5;20160329;171000;345.9000000;346.0000000;345.7500000;345.9500000;2950
TATN;5;20160329;171500;346.0000000;346.5500000;345.8500000;345.8500000;7790
TATN;5;20160329;172000;346.0000000;346.2000000;345.8500000;346.0500000;4330
TATN;5;20160329;172500;345.8000000;346.0000000;345.0000000;345.3500000;31490
TATN;5;20160329;173000;345.2500000;345.3000000;344.6000000;344.6500000;16320
TATN;5;20160329;173500;344.6500000;345.0500000;343.5500000;344.4500000;48400
TATN;5;20160329;174000;344.1500000;344.7500000;344.0000000;344.2000000;6510
TATN;5;20160329;174500;344.2000000;344.3000000;343.6500000;343.8500000;27770
TATN;5;20160329;175000;343.8500000;344.5000000;343.8500000;344.5000000;5440
TATN;5;20160329;175500;344.4500000;344.6500000;344.0500000;344.6000000;7790
TATN;5;20160329;180000;344.5000000;344.7500000;344.5000000;344.5500000;6800
TATN;5;20160329;180500;344.5500000;345.1000000;344.5500000;344.7000000;9040
TATN;5;20160329;181000;344.8500000;345.0000000;344.6500000;344.9500000;7680
TATN;5;20160329;181500;345.0000000;345.1000000;344.6500000;344.6500000;10690
TATN;5;20160329;182000;344.6500000;345.2000000;344.6000000;345.0500000;12620
TATN;5;20160329;182500;344.9500000;345.2500000;344.8500000;345.0500000;21190
TATN;5;20160329;183000;345.3000000;345.8000000;345.0000000;345.0000000;18940
TATN;5;20160329;183500;345.2500000;346.5500000;344.9000000;346.4000000;26590
TATN;5;20160329;184000;346.5500000;348.9500000;346.5500000;347.0500000;202590
TATN;5;20160329;185000;348.8000000;348.8000000;348.8000000;348.8000000;48610
TATN;5;20160330;100500;350.9500000;351.7000000;350.2000000;350.7000000;31720
TATN;5;20160330;101000;350.9500000;351.0000000;350.3000000;350.5000000;19680
TATN;5;20160330;101500;350.3500000;350.8000000;350.2000000;350.3500000;13840
TATN;5;20160330;102000;350.4500000;350.4500000;349.4000000;349.7500000;45240
TATN;5;20160330;102500;349.9000000;350.0000000;349.0500000;349.6500000;34790
TATN;5;20160330;103000;349.8000000;349.9500000;349.4000000;349.8500000;14320
TATN;5;20160330;103500;349.8500000;351.7500000;349.6000000;351.1000000;79910
TATN;5;20160330;104000;351.1000000;353.5500000;351.0500000;353.0000000;104990
TATN;5;20160330;104500;353.0000000;353.1500000;352.3500000;352.9000000;14450
TATN;5;20160330;105000;352.9000000;353.7000000;352.6500000;353.2000000;147720
TATN;5;20160330;105500;353.4000000;353.5500000;353.0000000;353.2500000;19900
TATN;5;20160330;110000;353.4000000;353.6500000;352.4500000;352.9500000;18000
TATN;5;20160330;110500;353.0000000;353.9500000;353.0000000;353.8000000;30660
TATN;5;20160330;111000;353.9500000;354.9000000;353.9000000;354.4000000;38010
TATN;5;20160330;111500;354.4000000;354.6500000;353.8000000;354.4000000;21140
TATN;5;20160330;112000;354.6500000;354.8000000;354.3000000;354.3500000;9400
TATN;5;20160330;112500;354.5500000;354.5500000;353.9500000;354.3000000;10420
TATN;5;20160330;113000;354.2500000;354.3500000;353.7500000;353.9500000;8270
TATN;5;20160330;113500;353.9500000;353.9500000;353.2500000;353.4000000;11930
TATN;5;20160330;114000;353.4000000;353.4000000;352.6500000;353.1000000;11940
TATN;5;20160330;114500;353.0000000;353.0500000;352.2500000;352.6500000;18710
TATN;5;20160330;115000;352.7500000;352.8500000;352.5500000;352.7000000;3540
TATN;5;20160330;115500;352.7000000;353.1000000;352.4500000;353.0000000;4780
TATN;5;20160330;120000;353.0000000;353.2500000;352.8500000;353.2500000;3710
TATN;5;20160330;120500;353.2500000;353.5000000;352.2500000;352.5500000;12460
TATN;5;20160330;121000;352.5000000;352.8000000;352.2500000;352.8000000;2070
TATN;5;20160330;121500;352.8000000;353.3500000;352.7500000;353.3000000;3990
TATN;5;20160330;122000;353.3000000;353.3500000;353.0500000;353.3000000;2320
TATN;5;20160330;122500;353.3000000;353.6000000;353.1500000;353.6000000;2170
TATN;5;20160330;123000;353.6000000;354.3000000;353.3500000;354.2500000;16190
TATN;5;20160330;123500;354.2000000;354.7000000;353.9500000;354.7000000;15000
TATN;5;20160330;124000;354.7000000;354.7000000;354.3000000;354.7000000;8870
TATN;5;20160330;124500;354.7000000;354.8500000;354.2000000;354.5000000;9820
TATN;5;20160330;125000;354.5000000;354.8500000;354.5000000;354.7500000;10320
TATN;5;20160330;125500;354.7500000;355.0000000;354.6000000;354.9500000;27400
TATN;5;20160330;130000;354.9500000;355.0000000;354.8000000;354.9000000;6450
TATN;5;20160330;130500;354.9000000;356.2000000;354.8000000;356.2000000;52630
TATN;5;20160330;131000;356.2000000;356.4500000;355.7500000;356.2500000;15830
TATN;5;20160330;131500;356.3000000;356.4500000;356.0000000;356.4500000;9920
TATN;5;20160330;132000;356.4500000;356.5500000;356.3500000;356.4000000;6860
TATN;5;20160330;132500;356.4000000;356.4000000;355.9000000;356.1500000;9400
TATN;5;20160330;133000;356.1000000;356.7500000;356.0000000;356.5000000;18080
TATN;5;20160330;133500;356.6000000;357.4500000;356.3500000;356.9000000;22940
TATN;5;20160330;134000;356.9500000;356.9500000;356.5000000;356.8500000;5200
TATN;5;20160330;134500;356.8500000;357.0000000;356.5500000;356.9000000;16020
TATN;5;20160330;135000;356.9000000;356.9000000;356.6000000;356.7000000;3920
TATN;5;20160330;135500;356.7000000;357.2000000;356.6500000;357.1000000;12180
TATN;5;20160330;140000;357.1000000;357.9000000;356.5000000;357.6000000;40940
TATN;5;20160330;140500;357.7500000;357.8500000;357.6500000;357.6500000;7000
TATN;5;20160330;141000;357.7500000;358.5000000;357.7500000;358.0000000;27590
TATN;5;20160330;141500;358.1500000;358.6000000;357.8500000;358.5000000;8420
TATN;5;20160330;142000;358.6000000;358.7000000;358.2000000;358.5000000;19400
TATN;5;20160330;142500;358.5000000;358.6500000;358.1500000;358.1500000;6800
TATN;5;20160330;143000;358.1500000;358.8000000;357.9500000;358.7000000;12270
TATN;5;20160330;143500;358.7000000;359.1500000;358.7000000;359.0500000;16590
TATN;5;20160330;144000;359.0500000;359.0500000;357.4000000;357.7500000;25500
TATN;5;20160330;144500;357.7000000;357.7500000;356.7500000;357.1500000;11490
TATN;5;20160330;145000;357.1500000;357.3500000;356.7500000;357.2000000;10480
TATN;5;20160330;145500;357.2000000;357.7500000;357.0000000;357.6500000;10170
TATN;5;20160330;150000;357.6500000;357.6500000;357.2500000;357.2500000;5250
TATN;5;20160330;150500;357.3500000;357.7500000;357.3000000;357.5000000;5760
TATN;5;20160330;151000;357.6500000;357.6500000;356.8500000;357.3000000;16710
TATN;5;20160330;151500;357.4500000;357.6500000;357.2500000;357.6500000;2270
TATN;5;20160330;152000;357.6500000;357.7500000;357.3000000;357.4500000;2710
TATN;5;20160330;152500;357.4500000;357.4500000;356.9500000;357.0000000;4390
TATN;5;20160330;153000;357.0000000;357.3000000;356.7500000;356.8500000;6910
TATN;5;20160330;153500;356.8500000;356.9000000;356.1500000;356.8500000;15210
TATN;5;20160330;154000;356.8500000;357.3500000;356.6000000;357.3500000;14770
TATN;5;20160330;154500;357.3500000;358.2500000;357.3500000;357.9000000;18390
TATN;5;20160330;155000;358.0000000;358.4500000;357.5500000;358.3000000;13370
TATN;5;20160330;155500;358.3000000;358.6500000;358.1000000;358.3000000;14440
TATN;5;20160330;160000;358.5500000;358.8500000;358.2000000;358.6500000;5210
TATN;5;20160330;160500;358.6500000;358.6500000;358.0000000;358.2000000;2720
TATN;5;20160330;161000;358.2000000;358.2500000;357.1500000;357.7000000;15150
TATN;5;20160330;161500;357.7500000;357.8000000;357.4000000;357.8000000;2990
TATN;5;20160330;162000;357.8000000;358.3500000;357.8000000;358.3000000;6410
TATN;5;20160330;162500;358.3000000;358.3000000;358.0500000;358.2500000;1590
TATN;5;20160330;163000;358.2000000;358.4500000;357.9000000;358.1500000;5510
TATN;5;20160330;163500;358.4000000;359.1500000;358.4000000;359.0000000;27940
TATN;5;20160330;164000;359.0000000;359.4000000;358.7000000;359.3500000;26630
TATN;5;20160330;164500;359.3500000;359.4000000;358.8500000;359.3000000;20020
TATN;5;20160330;165000;359.3000000;359.6000000;358.8500000;359.0500000;40670
TATN;5;20160330;165500;359.3000000;359.6500000;358.5500000;359.0500000;30450
TATN;5;20160330;170000;359.0500000;359.1000000;357.9500000;359.0500000;24100
TATN;5;20160330;170500;359.0500000;359.3500000;358.7500000;359.3500000;11770
TATN;5;20160330;171000;359.3500000;359.5500000;359.0000000;359.2000000;11170
TATN;5;20160330;171500;359.2000000;359.3000000;358.8500000;359.0000000;5020
TATN;5;20160330;172000;359.0000000;359.0000000;357.7500000;357.8000000;10600
TATN;5;20160330;172500;357.9500000;357.9500000;357.0000000;357.2500000;19480
TATN;5;20160330;173000;357.3500000;357.6500000;357.0000000;357.3500000;17310
TATN;5;20160330;173500;357.6000000;358.4500000;357.4500000;358.4000000;16680
TATN;5;20160330;174000;358.4000000;358.4000000;356.8000000;357.0000000;36130
TATN;5;20160330;174500;357.0500000;357.0500000;355.5000000;355.9000000;44510
TATN;5;20160330;175000;355.9000000;356.7000000;355.9000000;356.7000000;11130
TATN;5;20160330;175500;356.7000000;356.7000000;355.8500000;355.8500000;8920
TATN;5;20160330;180000;355.8500000;356.4000000;355.7000000;356.1000000;13880
TATN;5;20160330;180500;356.1000000;356.3500000;355.4000000;356.3500000;14230
TATN;5;20160330;181000;356.3500000;357.7500000;356.0500000;357.7500000;28580
TATN;5;20160330;181500;357.7000000;357.7000000;356.6000000;356.8000000;23370
TATN;5;20160330;182000;356.8000000;356.8000000;355.2500000;355.4500000;32780
TATN;5;20160330;182500;355.3500000;356.0000000;355.1000000;355.5000000;34750
TATN;5;20160330;183000;355.7000000;355.9000000;354.2500000;354.5000000;37940
TATN;5;20160330;183500;354.5000000;355.8500000;354.4000000;355.8500000;20970
TATN;5;20160330;184000;355.8500000;359.0500000;355.5500000;359.0500000;145230
TATN;5;20160330;185000;357.9000000;357.9000000;357.9000000;357.9000000;22260
TATN;5;20160331;100500;356.3000000;358.8000000;355.7000000;358.0500000;87830
TATN;5;20160331;101000;358.4500000;358.7500000;356.7500000;358.3500000;74490
TATN;5;20160331;101500;358.5000000;365.5000000;357.6000000;359.5500000;384100
TATN;5;20160331;102000;359.5500000;363.0000000;359.0500000;359.5000000;306720
TATN;5;20160331;102500;359.4000000;359.4000000;358.0500000;358.3000000;34000
TATN;5;20160331;103000;358.3500000;358.4000000;357.0000000;357.2000000;47620
TATN;5;20160331;103500;357.2000000;357.2000000;355.3500000;355.3500000;63910
TATN;5;20160331;104000;355.5000000;357.0500000;355.3000000;356.8500000;27170
TATN;5;20160331;104500;356.9500000;358.0500000;356.2500000;358.0000000;33070
TATN;5;20160331;105000;358.0000000;358.0000000;357.1000000;357.5000000;15390
TATN;5;20160331;105500;357.4500000;358.1500000;357.2000000;358.1500000;7550
TATN;5;20160331;110000;358.1500000;358.6000000;357.9500000;358.2500000;25640
TATN;5;20160331;110500;358.2500000;358.2500000;357.1000000;357.2500000;22800
TATN;5;20160331;111000;357.2500000;357.4500000;356.1500000;357.0500000;39890
TATN;5;20160331;111500;357.0000000;357.2500000;356.6000000;357.2500000;10120
TATN;5;20160331;112000;357.2500000;357.2500000;357.0000000;357.2000000;4700
TATN;5;20160331;112500;357.2000000;357.5500000;356.6000000;357.4000000;9260
TATN;5;20160331;113000;357.4000000;357.9500000;357.2000000;357.6000000;5910
TATN;5;20160331;113500;357.9000000;357.9500000;357.7000000;357.9500000;22680
TATN;5;20160331;114000;357.9500000;358.8000000;357.6500000;358.5000000;25620
TATN;5;20160331;114500;358.4000000;359.0000000;358.4000000;358.5000000;15710
TATN;5;20160331;115000;358.7500000;358.8500000;358.3500000;358.5500000;6860
TATN;5;20160331;115500;358.8000000;358.9500000;358.5000000;358.5500000;8310
TATN;5;20160331;120000;358.7500000;358.9000000;358.2500000;358.9000000;6450
TATN;5;20160331;120500;358.9000000;358.9000000;358.1000000;358.6000000;11030
TATN;5;20160331;121000;358.6000000;358.8000000;358.3000000;358.7500000;4040
TATN;5;20160331;121500;358.7500000;358.8000000;357.1000000;357.1000000;10650
TATN;5;20160331;122000;357.4500000;357.8500000;357.0000000;357.1500000;9830
TATN;5;20160331;122500;357.5500000;357.8500000;357.4000000;357.7000000;5530
TATN;5;20160331;123000;357.7000000;358.3000000;357.4000000;358.2500000;5190
TATN;5;20160331;123500;358.2500000;358.4500000;357.2000000;358.2000000;13530
TATN;5;20160331;124000;358.3500000;358.9000000;357.9000000;358.6500000;15300
TATN;5;20160331;124500;358.6500000;359.0500000;358.2500000;358.8000000;14420
TATN;5;20160331;125000;358.8000000;358.9000000;357.7500000;358.1000000;13050
TATN;5;20160331;125500;358.1500000;358.8000000;358.1500000;358.6500000;12150
TATN;5;20160331;130000;358.6500000;358.8000000;358.0500000;358.3500000;17400
TATN;5;20160331;130500;358.4500000;358.5000000;357.7000000;358.2000000;5150
TATN;5;20160331;131000;358.1500000;358.4500000;357.8500000;358.3500000;4980
TATN;5;20160331;131500;358.3500000;358.3500000;357.8000000;358.2000000;5870
TATN;5;20160331;132000;358.2000000;358.5500000;358.0500000;358.5500000;6090
TATN;5;20160331;132500;358.5500000;358.6000000;358.4000000;358.5500000;4520
TATN;5;20160331;133000;358.5500000;358.6000000;358.1500000;358.4000000;6540
TATN;5;20160331;133500;358.5500000;358.5500000;358.1500000;358.4000000;4570
TATN;5;20160331;134000;358.4000000;358.6000000;358.0000000;358.5500000;5930
TATN;5;20160331;134500;358.5500000;358.8000000;358.3000000;358.6000000;5270
TATN;5;20160331;135000;358.6500000;358.8500000;358.4500000;358.8500000;11620
TATN;5;20160331;135500;358.8500000;359.0000000;358.7000000;359.0000000;25580
TATN;5;20160331;140000;359.0000000;359.2500000;358.8000000;359.2500000;11120
TATN;5;20160331;140500;359.2500000;359.2500000;358.7000000;358.9500000;3740
TATN;5;20160331;141000;358.9500000;359.2000000;358.7000000;359.0000000;5640
TATN;5;20160331;141500;359.0000000;359.4000000;359.0000000;359.3500000;13470
TATN;5;20160331;142000;359.3000000;359.5500000;358.9000000;359.0000000;22970
TATN;5;20160331;142500;359.0000000;359.4000000;358.7500000;359.2000000;4960
TATN;5;20160331;143000;359.2000000;359.4000000;358.7500000;359.4000000;4650
TATN;5;20160331;143500;359.4000000;359.8000000;359.0500000;359.6500000;21710
TATN;5;20160331;144000;359.6500000;359.7500000;359.4000000;359.7500000;3870
TATN;5;20160331;144500;359.7500000;359.9500000;359.5000000;359.9500000;6680
TATN;5;20160331;145000;359.9500000;361.8000000;359.7000000;361.4500000;86270
TATN;5;20160331;145500;361.7500000;363.9000000;361.5500000;362.8500000;346430
TATN;5;20160331;150000;362.9500000;363.4500000;362.3500000;362.8000000;53310
TATN;5;20160331;150500;362.8000000;363.0000000;362.2000000;362.3000000;17610
TATN;5;20160331;151000;362.4500000;362.4500000;360.1500000;360.4000000;27670
TATN;5;20160331;151500;360.4000000;361.2000000;360.4000000;361.0500000;7370
TATN;5;20160331;152000;361.0500000;361.2500000;360.6500000;361.0000000;41700
TATN;5;20160331;152500;361.0000000;361.0000000;360.5500000;360.5500000;21140
TATN;5;20160331;153000;360.7500000;361.0000000;360.4500000;360.9500000;11250
TATN;5;20160331;153500;360.9500000;361.0000000;360.4500000;360.5500000;14540
TATN;5;20160331;154000;360.8500000;361.8000000;360.7000000;361.8000000;15710
TATN;5;20160331;154500;361.8000000;362.1500000;360.5500000;361.7000000;19530
TATN;5;20160331;155000;361.7000000;361.7000000;359.4000000;359.8500000;34560
TATN;5;20160331;155500;359.8500000;360.3500000;359.6000000;360.3000000;23060
TATN;5;20160331;160000;360.3000000;360.5000000;359.6500000;359.7000000;22140
TATN;5;20160331;160500;359.8500000;359.9500000;359.4000000;359.4000000;13200
TATN;5;20160331;161000;359.5500000;359.6000000;358.5000000;359.1500000;11510
TATN;5;20160331;161500;359.1500000;359.2000000;358.1500000;359.2000000;11450
TATN;5;20160331;162000;359.2000000;359.2000000;358.9000000;359.1000000;5010
TATN;5;20160331;162500;359.1500000;359.6000000;358.8500000;359.6000000;10080
TATN;5;20160331;163000;359.6500000;360.4500000;359.2000000;359.4500000;35200
TATN;5;20160331;163500;359.4500000;359.8500000;358.5000000;358.5000000;28700
TATN;5;20160331;164000;358.7500000;359.7500000;358.4500000;358.6500000;51820
TATN;5;20160331;164500;359.0000000;359.0000000;357.8500000;357.8500000;19010
TATN;5;20160331;165000;358.2000000;358.8500000;357.2500000;357.5500000;53020
TATN;5;20160331;165500;357.4000000;358.0000000;356.4000000;356.7000000;33530
TATN;5;20160331;170000;356.7000000;357.1500000;356.0000000;356.3000000;24540
TATN;5;20160331;170500;356.3000000;356.8000000;355.9500000;356.8000000;12000
TATN;5;20160331;171000;356.8000000;357.7000000;356.5000000;357.3500000;14920
TATN;5;20160331;171500;357.3500000;358.1500000;357.3500000;357.6500000;16360
TATN;5;20160331;172000;357.6500000;357.8000000;356.1000000;356.1500000;24280
TATN;5;20160331;172500;356.4500000;356.7000000;355.8000000;355.9000000;50280
TATN;5;20160331;173000;356.0000000;356.3500000;355.9000000;355.9000000;60570
TATN;5;20160331;173500;356.0500000;356.1000000;355.3500000;355.3500000;40950
TATN;5;20160331;174000;355.3500000;355.4000000;354.0000000;354.2000000;60730
TATN;5;20160331;174500;354.4500000;354.8000000;354.1500000;354.7500000;10240
TATN;5;20160331;175000;354.7500000;354.7500000;353.5500000;353.7000000;22780
TATN;5;20160331;175500;353.7000000;353.9500000;352.9000000;353.9500000;31030
TATN;5;20160331;180000;353.9500000;354.6000000;353.5500000;353.9000000;16670
TATN;5;20160331;180500;353.8000000;354.2000000;353.4000000;354.2000000;8760
TATN;5;20160331;181000;354.3000000;355.7000000;353.9500000;355.2000000;41820
TATN;5;20160331;181500;355.3500000;355.7000000;354.9000000;355.4500000;16110
TATN;5;20160331;182000;355.4500000;356.5000000;355.3500000;356.4000000;17590
TATN;5;20160331;182500;356.4000000;356.7000000;355.7000000;355.7500000;10970
TATN;5;20160331;183000;355.8500000;356.9500000;355.7500000;356.2500000;35140
TATN;5;20160331;183500;356.5000000;357.6500000;356.2500000;356.9500000;87110
TATN;5;20160331;184000;357.1500000;360.0000000;356.9500000;360.0000000;359760
TATN;5;20160331;185000;361.0000000;361.0000000;361.0000000;361.0000000;436820
TATN;5;20160401;100500;358.8500000;358.9500000;355.2000000;355.2500000;172770
TATN;5;20160401;101000;355.2500000;357.0500000;355.0000000;355.8500000;53270
TATN;5;20160401;101500;356.3000000;357.3500000;356.1500000;356.6500000;31200
TATN;5;20160401;102000;356.9500000;356.9500000;355.1000000;355.8000000;54070
TATN;5;20160401;102500;355.8500000;355.8500000;354.8500000;355.0500000;32270
TATN;5;20160401;103000;355.0500000;355.3500000;354.7000000;355.0000000;20570
TATN;5;20160401;103500;354.8500000;355.8500000;354.8500000;355.6000000;46990
TATN;5;20160401;104000;355.6000000;356.0000000;355.0500000;355.6000000;79020
TATN;5;20160401;104500;355.3000000;355.6500000;355.1000000;355.2500000;28970
TATN;5;20160401;105000;355.2500000;355.4000000;354.8000000;355.2000000;31190
TATN;5;20160401;105500;355.0000000;355.1500000;354.8500000;355.0500000;19590
TATN;5;20160401;110000;354.9500000;354.9500000;353.9500000;354.0500000;79370
TATN;5;20160401;110500;354.0000000;354.0500000;353.4000000;353.4000000;34420
TATN;5;20160401;111000;353.4000000;354.0000000;353.3500000;353.7000000;30290
TATN;5;20160401;111500;353.7000000;354.1000000;353.5500000;353.7500000;14820
TATN;5;20160401;112000;353.9500000;354.0000000;353.3500000;353.3500000;16180
TATN;5;20160401;112500;353.4500000;353.5000000;353.1500000;353.4000000;28090
TATN;5;20160401;113000;353.5500000;354.1000000;353.5000000;353.7000000;19920
TATN;5;20160401;113500;353.7500000;354.4000000;353.7500000;354.2500000;5580
TATN;5;20160401;114000;354.5000000;354.7500000;353.5000000;353.5000000;18240
TATN;5;20160401;114500;353.7000000;353.8000000;353.5000000;353.8000000;3070
TATN;5;20160401;115000;353.9500000;354.4000000;353.7000000;354.0000000;21560
TATN;5;20160401;115500;354.0000000;354.4000000;353.7500000;354.3500000;11050
TATN;5;20160401;120000;354.4000000;354.4000000;354.0500000;354.3000000;3330
TATN;5;20160401;120500;354.2500000;354.4500000;353.9000000;354.0000000;16350
TATN;5;20160401;121000;353.9000000;353.9000000;353.5000000;353.7500000;7320
TATN;5;20160401;121500;353.7500000;354.0000000;353.6500000;354.0000000;4170
TATN;5;20160401;122000;354.0500000;354.5000000;354.0500000;354.5000000;3860
TATN;5;20160401;122500;354.5000000;354.8000000;354.3000000;354.3000000;2290
TATN;5;20160401;123000;354.4500000;354.4500000;354.0500000;354.0500000;2130
TATN;5;20160401;123500;354.0500000;354.0500000;353.2000000;353.5500000;14420
TATN;5;20160401;124000;353.5000000;353.5000000;351.5000000;351.8000000;52750
TATN;5;20160401;124500;351.8000000;351.9000000;351.0000000;351.1000000;12990
TATN;5;20160401;125000;351.0000000;351.7500000;350.9500000;351.6000000;12810
TATN;5;20160401;125500;351.6000000;351.6000000;350.5000000;350.8500000;17110
TATN;5;20160401;130000;350.8500000;350.9500000;350.0000000;350.8000000;32570
TATN;5;20160401;130500;350.4500000;351.6500000;350.2000000;351.1000000;19270
TATN;5;20160401;131000;351.2000000;351.4500000;350.6500000;350.7000000;17700
TATN;5;20160401;131500;350.9000000;351.0500000;350.1000000;350.1500000;17070
TATN;5;20160401;132000;350.3000000;351.1500000;350.3000000;351.0000000;6390
TATN;5;20160401;132500;350.8500000;350.9000000;350.2500000;350.8500000;12710
TATN;5;20160401;133000;350.5500000;350.5500000;350.1000000;350.4000000;7650
TATN;5;20160401;133500;350.4000000;350.7500000;350.0000000;350.5500000;32920
TATN;5;20160401;134000;350.3500000;351.1500000;350.0000000;351.0000000;10940
TATN;5;20160401;134500;351.1000000;351.3000000;351.0000000;351.0000000;1630
TATN;5;20160401;135000;351.0000000;351.1000000;350.2000000;351.1000000;4660
TATN;5;20160401;135500;351.2000000;351.2000000;350.7000000;351.1000000;2700
TATN;5;20160401;140000;351.1000000;351.7000000;350.9500000;351.1000000;11830
TATN;5;20160401;140500;351.2000000;351.4000000;351.2000000;351.4000000;2340
TATN;5;20160401;141000;351.1000000;351.1000000;350.4500000;350.4500000;10590
TATN;5;20160401;141500;350.6000000;351.0500000;350.6000000;351.0000000;7810
TATN;5;20160401;142000;350.6000000;350.8500000;350.3500000;350.8000000;8730
TATN;5;20160401;142500;350.6500000;350.6500000;350.4000000;350.4000000;4040
TATN;5;20160401;143000;350.9000000;350.9500000;350.7500000;350.9500000;1360
TATN;5;20160401;143500;350.9000000;351.3000000;350.6000000;350.7000000;7860
TATN;5;20160401;144000;350.6500000;350.8500000;350.2000000;350.2500000;10990
TATN;5;20160401;144500;350.3500000;351.1000000;350.3000000;350.4000000;7170
TATN;5;20160401;145000;350.4000000;350.4000000;350.1500000;350.2000000;3800
TATN;5;20160401;145500;350.5000000;350.6500000;350.1500000;350.6500000;2620
TATN;5;20160401;150000;350.5000000;350.7500000;350.5000000;350.6000000;210
TATN;5;20160401;150500;350.6000000;350.6000000;350.0000000;350.0500000;14580
TATN;5;20160401;151000;350.0000000;350.2500000;349.2000000;349.2000000;19360
TATN;5;20160401;151500;349.3500000;350.4000000;349.2500000;350.2500000;13510
TATN;5;20160401;152000;350.3500000;351.0000000;350.1500000;350.9000000;9760
TATN;5;20160401;152500;350.8500000;351.1000000;350.6500000;350.9500000;2590
TATN;5;20160401;153000;350.9500000;351.4000000;350.6500000;351.1500000;4050
TATN;5;20160401;153500;351.0000000;351.0000000;350.0000000;350.0500000;16480
TATN;5;20160401;154000;350.4000000;350.8500000;348.8500000;348.8500000;39330
TATN;5;20160401;154500;348.9500000;349.0000000;348.3000000;348.6500000;25210
TATN;5;20160401;155000;348.5500000;348.9000000;348.0500000;348.0500000;21720
TATN;5;20160401;155500;348.0500000;349.1500000;347.0500000;348.8000000;48160
TATN;5;20160401;160000;348.7000000;349.7000000;347.8000000;349.4000000;22940
TATN;5;20160401;160500;349.4000000;349.4000000;347.9000000;347.9000000;8250
TATN;5;20160401;161000;347.9000000;348.6500000;347.5000000;347.7500000;44210
TATN;5;20160401;161500;347.7500000;348.5000000;347.5000000;347.5000000;43850
TATN;5;20160401;162000;347.5000000;347.8500000;347.5000000;347.8000000;12600
TATN;5;20160401;162500;348.0000000;348.9500000;347.8500000;348.9500000;4800
TATN;5;20160401;163000;349.0000000;350.3000000;349.0000000;349.7000000;21910
TATN;5;20160401;163500;349.8000000;349.8000000;348.6000000;349.2500000;11600
TATN;5;20160401;164000;349.3000000;349.5000000;348.5500000;348.9500000;6380
TATN;5;20160401;164500;348.8500000;349.1500000;348.6500000;348.7500000;3300
TATN;5;20160401;165000;349.3000000;349.6500000;348.5000000;349.1000000;8090
TATN;5;20160401;165500;349.1000000;349.2500000;349.0000000;349.0000000;16850
TATN;5;20160401;170000;349.0500000;349.6500000;349.0000000;349.0000000;12710
TATN;5;20160401;170500;349.0000000;349.7000000;349.0000000;349.2500000;9160
TATN;5;20160401;171000;349.4500000;349.9500000;349.2500000;349.7500000;5750
TATN;5;20160401;171500;349.9500000;350.5000000;349.5000000;349.8500000;14490
TATN;5;20160401;172000;350.0500000;350.8500000;350.0500000;350.6000000;14790
TATN;5;20160401;172500;350.8000000;350.8500000;350.3000000;350.7000000;4490
TATN;5;20160401;173000;350.8500000;351.1500000;350.4000000;350.6500000;10980
TATN;5;20160401;173500;350.4000000;350.6000000;350.2000000;350.6000000;4760
TATN;5;20160401;174000;350.5000000;351.9000000;350.5000000;351.6500000;26410
TATN;5;20160401;174500;351.8500000;352.3000000;351.5000000;351.7500000;17320
TATN;5;20160401;175000;351.7000000;352.0000000;351.6500000;351.6500000;3440
TATN;5;20160401;175500;351.7000000;351.9000000;351.4500000;351.6500000;6190
TATN;5;20160401;180000;351.7000000;352.2500000;351.3500000;352.1500000;9590
TATN;5;20160401;180500;352.1500000;352.7000000;351.9500000;352.5500000;16980
TATN;5;20160401;181000;352.5500000;354.4000000;352.5500000;354.4000000;42420
TATN;5;20160401;181500;354.3500000;354.4500000;353.7000000;354.4000000;30220
TATN;5;20160401;182000;354.5000000;355.0000000;354.2500000;354.7500000;35280
TATN;5;20160401;182500;354.8000000;355.8000000;354.8000000;355.8000000;42500
TATN;5;20160401;183000;355.8000000;356.0500000;355.3500000;355.7000000;42510
TATN;5;20160401;183500;355.7500000;356.1000000;354.6500000;355.3500000;32970
TATN;5;20160401;184000;355.0500000;357.5000000;354.8500000;357.5000000;166040
TATN;5;20160401;185000;356.0000000;356.0000000;356.0000000;356.0000000;12150
TATN;5;20160404;100500;355.0000000;357.1000000;353.8000000;356.3500000;36970
TATN;5;20160404;101000;356.5000000;356.7000000;354.6000000;355.0500000;19190
TATN;5;20160404;101500;355.0500000;355.6000000;354.3500000;354.5500000;16610
TATN;5;20160404;102000;354.6500000;355.0500000;353.8000000;354.0000000;17170
TATN;5;20160404;102500;353.9000000;354.0000000;352.5000000;352.5000000;25310
TATN;5;20160404;103000;352.7000000;353.6500000;352.5000000;353.4000000;16650
TATN;5;20160404;103500;353.1000000;353.5500000;352.5500000;353.0000000;26990
TATN;5;20160404;104000;353.0000000;353.0000000;352.5000000;352.9000000;13960
TATN;5;20160404;104500;352.9500000;353.6000000;352.9500000;352.9500000;18760
TATN;5;20160404;105000;352.8500000;353.7500000;352.8000000;353.7500000;8590
TATN;5;20160404;105500;353.8500000;354.8000000;353.8500000;354.8000000;11240
TATN;5;20160404;110000;354.8000000;355.5500000;354.4000000;355.2500000;15440
TATN;5;20160404;110500;355.4500000;356.3000000;354.7500000;355.6500000;20940
TATN;5;20160404;111000;355.6500000;356.4000000;354.9000000;356.2500000;16610
TATN;5;20160404;111500;356.4000000;356.6000000;355.8000000;355.8000000;12200
TATN;5;20160404;112000;355.5000000;357.2500000;355.4500000;357.2500000;14570
TATN;5;20160404;112500;357.0500000;357.2000000;354.4000000;354.6000000;16770
TATN;5;20160404;113000;354.6000000;355.7000000;354.6000000;355.7000000;2050
TATN;5;20160404;113500;355.6000000;355.9000000;354.2500000;354.4500000;8870
TATN;5;20160404;114000;354.7500000;355.5500000;354.2000000;354.2000000;4290
TATN;5;20160404;114500;354.3500000;354.6500000;354.3000000;354.5000000;3540
TATN;5;20160404;115000;354.3500000;355.7000000;354.3500000;355.7000000;3890
TATN;5;20160404;115500;355.7000000;355.9500000;354.9000000;355.7500000;11680
TATN;5;20160404;120000;355.7500000;355.9000000;354.9000000;354.9000000;3420
TATN;5;20160404;120500;354.9000000;355.4000000;354.0000000;354.2000000;12600
TATN;5;20160404;121000;354.0500000;354.6000000;353.3000000;353.9500000;20840
TATN;5;20160404;121500;353.9500000;354.5000000;353.6000000;354.5000000;1910
TATN;5;20160404;122000;354.5000000;356.5500000;353.7000000;355.9500000;15440
TATN;5;20160404;122500;356.1000000;361.0000000;355.7500000;358.8500000;264040
TATN;5;20160404;123000;359.2000000;359.7500000;358.6000000;359.7500000;34850
TATN;5;20160404;123500;359.7500000;359.9000000;359.3000000;359.7500000;30920
TATN;5;20160404;124000;359.3500000;359.6000000;358.9500000;359.1000000;13170
TATN;5;20160404;124500;359.2500000;359.3500000;358.9000000;358.9500000;10460
TATN;5;20160404;125000;359.0000000;359.7500000;358.7500000;359.5500000;22520
TATN;5;20160404;125500;359.6000000;359.6000000;359.0000000;359.0500000;4730
TATN;5;20160404;130000;359.2500000;359.3500000;358.4000000;358.4000000;1820
TATN;5;20160404;130500;358.4000000;359.0500000;358.3000000;358.7000000;6380
TATN;5;20160404;131000;358.9500000;358.9500000;358.2000000;358.4500000;2600
TATN;5;20160404;131500;358.4500000;358.4500000;357.7500000;357.9000000;10550
TATN;5;20160404;132000;357.9000000;358.3500000;357.7500000;358.0500000;7600
TATN;5;20160404;132500;358.2000000;358.5000000;358.2000000;358.4500000;1470
TATN;5;20160404;133000;358.5000000;358.7500000;357.6000000;357.6500000;9440
TATN;5;20160404;133500;357.6000000;357.6500000;356.5000000;356.8000000;13970
TATN;5;20160404;134000;356.7000000;357.3500000;356.2500000;357.0000000;15320
TATN;5;20160404;134500;357.1000000;357.1000000;356.3000000;356.5500000;8530
TATN;5;20160404;135000;356.5000000;357.2000000;356.2000000;357.0000000;2500
TATN;5;20160404;135500;356.8000000;357.3000000;356.7000000;357.1000000;2460
TATN;5;20160404;140000;357.0000000;357.6500000;357.0000000;357.1500000;6220
TATN;5;20160404;140500;357.1500000;357.1500000;355.9500000;356.5000000;12410
TATN;5;20160404;141000;356.5500000;357.9500000;356.4500000;357.2500000;18430
TATN;5;20160404;141500;356.9000000;357.6500000;356.8500000;357.1500000;1500
TATN;5;20160404;142500;357.0000000;357.8000000;356.8500000;357.0000000;7660
TATN;5;20160404;143000;356.8000000;356.9000000;356.4000000;356.9000000;5490
TATN;5;20160404;143500;356.8000000;358.3000000;356.8000000;357.7500000;13160
TATN;5;20160404;144000;357.8000000;358.1000000;356.9500000;357.4000000;23470
TATN;5;20160404;144500;357.1500000;357.8000000;357.1500000;357.6000000;10470
TATN;5;20160404;145000;357.7500000;357.7500000;357.0500000;357.4500000;11000
TATN;5;20160404;145500;357.2000000;357.7500000;357.2000000;357.7500000;3570
TATN;5;20160404;150000;358.0000000;359.0000000;357.8000000;358.5500000;27250
TATN;5;20160404;150500;358.9000000;359.1500000;357.4000000;357.6500000;17180
TATN;5;20160404;151000;357.9500000;358.3000000;357.4500000;357.8000000;3950
TATN;5;20160404;151500;357.9500000;358.3500000;357.5500000;357.8000000;6820
TATN;5;20160404;152000;357.8500000;357.8500000;357.1000000;357.7500000;14630
TATN;5;20160404;152500;357.7500000;358.1500000;357.4500000;357.5500000;16250
TATN;5;20160404;153000;357.8000000;358.1000000;357.4500000;358.0000000;6290
TATN;5;20160404;153500;358.0000000;358.1500000;357.2000000;357.2500000;7020
TATN;5;20160404;154000;357.2000000;357.4000000;356.6000000;356.6000000;14980
TATN;5;20160404;154500;356.6500000;356.6500000;356.4000000;356.4000000;2530
TATN;5;20160404;155000;356.4500000;356.6500000;355.7500000;355.8500000;16810
TATN;5;20160404;155500;355.8000000;356.9000000;355.8000000;356.9000000;4510
TATN;5;20160404;160000;356.8500000;357.6000000;356.8500000;357.0000000;5020
TATN;5;20160404;160500;357.3000000;357.5000000;356.2500000;356.2500000;8160
TATN;5;20160404;161000;356.1500000;357.0000000;355.9500000;357.0000000;7020
TATN;5;20160404;161500;356.7000000;356.8500000;355.7000000;355.9000000;8510
TATN;5;20160404;162000;355.9000000;356.0000000;355.4500000;355.7000000;7260
TATN;5;20160404;162500;355.7000000;356.1000000;355.4000000;355.7000000;5690
TATN;5;20160404;163000;355.5500000;356.0500000;354.6500000;355.3000000;22210
TATN;5;20160404;163500;355.2500000;355.2500000;354.2500000;354.4000000;9930
TATN;5;20160404;164000;354.4000000;354.6000000;353.5500000;354.6000000;17370
TATN;5;20160404;164500;354.7000000;355.7500000;354.4000000;355.7500000;28900
TATN;5;20160404;165000;355.7500000;356.0000000;355.0000000;355.8000000;33230
TATN;5;20160404;165500;355.6000000;358.0000000;354.8500000;357.7500000;70620
TATN;5;20160404;170000;358.0000000;358.4500000;357.3500000;358.0000000;62470
TATN;5;20160404;170500;358.0000000;358.4500000;357.6500000;358.2000000;20220
TATN;5;20160404;171000;357.9500000;359.0000000;357.8500000;359.0000000;48400
TATN;5;20160404;171500;358.9500000;359.0500000;357.6000000;357.7000000;21480
TATN;5;20160404;172000;357.6000000;357.9500000;356.6000000;356.8000000;17560
TATN;5;20160404;172500;356.7000000;357.7000000;356.5500000;356.9000000;14740
TATN;5;20160404;173000;357.1500000;358.0000000;356.4500000;356.6500000;32150
TATN;5;20160404;173500;356.6000000;357.8500000;356.6000000;357.7500000;8000
TATN;5;20160404;174000;357.9000000;357.9500000;356.1000000;356.5000000;22580
TATN;5;20160404;174500;356.4000000;357.6500000;356.1000000;357.6500000;7270
TATN;5;20160404;175000;357.6500000;357.7500000;357.2000000;357.4500000;8040
TATN;5;20160404;175500;357.4500000;358.0500000;357.4000000;358.0500000;15820
TATN;5;20160404;180000;358.0500000;358.5500000;358.0000000;358.5500000;8320
TATN;5;20160404;180500;358.5500000;358.5500000;358.0500000;358.3500000;7960
TATN;5;20160404;181000;358.2000000;358.3500000;357.4000000;357.7000000;11820
TATN;5;20160404;181500;357.8000000;357.8000000;356.4000000;357.0500000;15320
TATN;5;20160404;182000;357.1000000;358.1500000;356.6000000;357.3000000;21180
TATN;5;20160404;182500;357.4500000;358.2000000;357.4500000;357.5500000;7980
TATN;5;20160404;183000;357.8000000;357.9000000;356.8000000;357.3500000;22920
TATN;5;20160404;183500;357.2500000;357.9500000;356.9500000;357.9000000;13860
TATN;5;20160404;184000;357.9000000;358.1000000;357.0500000;358.1000000;27950
TATN;5;20160404;185000;359.0000000;359.0000000;359.0000000;359.0000000;42610
TATN;5;20160405;100500;355.8500000;355.8500000;353.6500000;353.8000000;61650
TATN;5;20160405;101000;353.8000000;354.3000000;353.0000000;353.3500000;29430
TATN;5;20160405;101500;353.2500000;353.5500000;351.9500000;353.1000000;39050
TATN;5;20160405;102000;353.0000000;353.1500000;352.0000000;352.4000000;45930
TATN;5;20160405;102500;352.4000000;352.9500000;352.0500000;352.9500000;11980
TATN;5;20160405;103000;352.8500000;352.9000000;352.0500000;352.9000000;19100
TATN;5;20160405;103500;352.9000000;353.1500000;352.5000000;352.9500000;20870
TATN;5;20160405;104000;352.6000000;352.7500000;352.1500000;352.3500000;17540
TATN;5;20160405;104500;352.2500000;352.8500000;352.0000000;352.2000000;22250
TATN;5;20160405;105000;352.5000000;352.5000000;351.9500000;352.1000000;19960
TATN;5;20160405;105500;351.9000000;352.3500000;351.7500000;352.1500000;9200
TATN;5;20160405;110000;352.0500000;352.1500000;351.7500000;352.0500000;6150
TATN;5;20160405;110500;352.3500000;352.5500000;351.4500000;352.5500000;18360
TATN;5;20160405;111000;352.2000000;352.5500000;352.1000000;352.5000000;4420
TATN;5;20160405;111500;352.4000000;352.5000000;351.8000000;352.1000000;7890
TATN;5;20160405;112000;352.1000000;352.2000000;351.8000000;352.2000000;2920
TATN;5;20160405;112500;352.2000000;353.4500000;352.2000000;352.8500000;14730
TATN;5;20160405;113000;352.4500000;352.7000000;352.1000000;352.6000000;9230
TATN;5;20160405;113500;352.5500000;352.6500000;351.9500000;352.2000000;16670
TATN;5;20160405;114000;352.1500000;352.1500000;351.9000000;351.9000000;5480
TATN;5;20160405;114500;351.9000000;352.4500000;351.8500000;352.4500000;9070
TATN;5;20160405;115000;352.5000000;352.5000000;352.1500000;352.1500000;2200
TATN;5;20160405;115500;352.2500000;353.0000000;352.0000000;352.9000000;9590
TATN;5;20160405;120000;352.6000000;352.6500000;352.3500000;352.6000000;4680
TATN;5;20160405;120500;352.4000000;352.6000000;351.9000000;352.1000000;7010
TATN;5;20160405;121000;352.1000000;352.9500000;352.1000000;352.8500000;7180
TATN;5;20160405;121500;352.8500000;353.4500000;352.8500000;353.1500000;6050
TATN;5;20160405;122000;353.0500000;353.8000000;353.0000000;353.8000000;6500
TATN;5;20160405;122500;353.8000000;353.8000000;353.3000000;353.4500000;4670
TATN;5;20160405;123000;353.6500000;353.8000000;353.2000000;353.4500000;7160
TATN;5;20160405;123500;353.2500000;353.3500000;353.0000000;353.1000000;5290
TATN;5;20160405;124000;352.8000000;353.0500000;351.8000000;353.0500000;41950
TATN;5;20160405;124500;352.6000000;353.0500000;352.2500000;352.3000000;38820
TATN;5;20160405;125000;352.1000000;352.4500000;351.8000000;352.1500000;9180
TATN;5;20160405;125500;352.1000000;352.5000000;352.0500000;352.0500000;8750
TATN;5;20160405;130000;352.3000000;352.4500000;351.9000000;352.4500000;14880
TATN;5;20160405;130500;352.1500000;352.1500000;350.5500000;350.6000000;78860
TATN;5;20160405;131000;350.6000000;350.6000000;350.0000000;350.5500000;40450
TATN;5;20160405;131500;350.5500000;350.9000000;350.2500000;350.3500000;5840
TATN;5;20160405;132000;350.2500000;351.1000000;350.0500000;351.1000000;47830
TATN;5;20160405;132500;350.8000000;351.1000000;350.1500000;350.6500000;9030
TATN;5;20160405;133000;350.6000000;350.6000000;350.1000000;350.3000000;3730
TATN;5;20160405;133500;350.3000000;350.3500000;350.1000000;350.2000000;3510
TATN;5;20160405;134000;350.1500000;350.3500000;350.0000000;350.2500000;5440
TATN;5;20160405;134500;350.2500000;350.6500000;350.2500000;350.6500000;8940
TATN;5;20160405;135000;350.4000000;350.8500000;350.4000000;350.5000000;4580
TATN;5;20160405;135500;350.5000000;350.9500000;350.4000000;350.6000000;5920
TATN;5;20160405;140000;350.4500000;350.8500000;350.4500000;350.7000000;2570
TATN;5;20160405;140500;350.5500000;350.8500000;350.5500000;350.7000000;10520
TATN;5;20160405;141000;350.7000000;350.8000000;350.4000000;350.4000000;8830
TATN;5;20160405;141500;350.3500000;350.5500000;350.1000000;350.3500000;5690
TATN;5;20160405;142000;350.3000000;350.4500000;350.1500000;350.1500000;3800
TATN;5;20160405;142500;350.1000000;350.6000000;350.1000000;350.6000000;3650
TATN;5;20160405;143000;350.4000000;350.5000000;350.2500000;350.2500000;2100
TATN;5;20160405;143500;350.2500000;350.4500000;350.1500000;350.1500000;4310
TATN;5;20160405;144000;350.1000000;350.3500000;349.6500000;349.6500000;16070
TATN;5;20160405;144500;349.6500000;350.0000000;349.6500000;349.9500000;3720
TATN;5;20160405;145000;349.9000000;350.1000000;349.6500000;349.7500000;2470
TATN;5;20160405;145500;349.6500000;349.6500000;349.3000000;349.4000000;14420
TATN;5;20160405;150000;349.3500000;349.4500000;349.1000000;349.1000000;3250
TATN;5;20160405;150500;349.1000000;349.2500000;348.7500000;348.9500000;11680
TATN;5;20160405;151000;348.9500000;349.0000000;348.8000000;348.8500000;3080
TATN;5;20160405;151500;348.8000000;349.5500000;348.8000000;349.5500000;8020
TATN;5;20160405;152000;349.3000000;349.3000000;349.0000000;349.1000000;3140
TATN;5;20160405;152500;349.0000000;349.2000000;349.0000000;349.1500000;3320
TATN;5;20160405;153000;349.1000000;349.2000000;349.0000000;349.0000000;4600
TATN;5;20160405;153500;348.9000000;348.9000000;348.3500000;348.3500000;6660
TATN;5;20160405;154000;348.3500000;348.6000000;348.2500000;348.2500000;4860
TATN;5;20160405;154500;348.2500000;348.6500000;348.0500000;348.1000000;14190
TATN;5;20160405;155000;348.1000000;348.4500000;348.0500000;348.2000000;16360
TATN;5;20160405;155500;348.2500000;348.3500000;348.1000000;348.3500000;3980
TATN;5;20160405;160000;348.3500000;349.0500000;348.3500000;349.0500000;5610
TATN;5;20160405;160500;348.7500000;349.5500000;348.5500000;349.3000000;12920
TATN;5;20160405;161000;349.2500000;349.8500000;348.8000000;349.7500000;7680
TATN;5;20160405;161500;349.4000000;349.6500000;349.3500000;349.5500000;5160
TATN;5;20160405;162000;349.3000000;349.5000000;348.6000000;348.8000000;21950
TATN;5;20160405;162500;348.8000000;349.2000000;348.6000000;349.2000000;17180
TATN;5;20160405;163000;349.2000000;350.4500000;349.1000000;350.1500000;37610
TATN;5;20160405;163500;350.0000000;350.1000000;349.6000000;349.8500000;17850
TATN;5;20160405;164000;349.8000000;350.1000000;349.5000000;349.7000000;46560
TATN;5;20160405;164500;349.8000000;350.0000000;348.9500000;349.5000000;39250
TATN;5;20160405;165000;349.3500000;349.8500000;349.1000000;349.4000000;9700
TATN;5;20160405;165500;349.1000000;349.3500000;349.0500000;349.3000000;7170
TATN;5;20160405;170000;349.1500000;349.5000000;349.0500000;349.5000000;3630
TATN;5;20160405;170500;349.3500000;349.7500000;349.0500000;349.7500000;9510
TATN;5;20160405;171000;349.4000000;349.6500000;349.1000000;349.6000000;6250
TATN;5;20160405;171500;349.3000000;349.8500000;349.2500000;349.2500000;21160
TATN;5;20160405;172000;349.3000000;349.9500000;349.3000000;349.8500000;24980
TATN;5;20160405;172500;349.9500000;350.5000000;349.4500000;349.4500000;43990
TATN;5;20160405;173000;349.5000000;349.5500000;348.5500000;348.6500000;95770
TATN;5;20160405;173500;348.6500000;348.8500000;348.5500000;348.8000000;4550
TATN;5;20160405;174000;348.8500000;348.8500000;348.5500000;348.7500000;10090
TATN;5;20160405;174500;348.7500000;348.7500000;348.1500000;348.2000000;11090
TATN;5;20160405;175000;348.2000000;348.6000000;348.1500000;348.4000000;17310
TATN;5;20160405;175500;348.4000000;348.5500000;348.3000000;348.5500000;4470
TATN;5;20160405;180000;348.5000000;348.5500000;348.3000000;348.4000000;4160
TATN;5;20160405;180500;348.4000000;348.4500000;348.2500000;348.2500000;6670
TATN;5;20160405;181000;348.2500000;348.2500000;348.1000000;348.1500000;6910
TATN;5;20160405;181500;348.1500000;348.7000000;348.1500000;348.6000000;9580
TATN;5;20160405;182000;348.7000000;348.7500000;348.4000000;348.4000000;4800
TATN;5;20160405;182500;348.4000000;348.4000000;348.1000000;348.3000000;10960
TATN;5;20160405;183000;348.3000000;349.1500000;348.3000000;348.5500000;20440
TATN;5;20160405;183500;348.5500000;349.8500000;348.5500000;349.4000000;32410
TATN;5;20160405;184000;349.6500000;351.8000000;349.1500000;349.1500000;124580
TATN;5;20160405;185000;351.0000000;351.0000000;351.0000000;351.0000000;35700
TATN;5;20160406;100500;352.0000000;354.9000000;351.5500000;353.6500000;254270
TATN;5;20160406;101000;353.8500000;353.8500000;352.1500000;352.1500000;36490
TATN;5;20160406;101500;352.1500000;352.7500000;351.7000000;352.0000000;9390
TATN;5;20160406;102000;352.1000000;352.8500000;351.9500000;352.5000000;7850
TATN;5;20160406;102500;352.4000000;353.0500000;351.7500000;352.1000000;28460
TATN;5;20160406;103000;351.9500000;352.3000000;351.5000000;352.3000000;14810
TATN;5;20160406;103500;352.3000000;352.5000000;351.9500000;352.2000000;10180
TATN;5;20160406;104000;351.9000000;352.2000000;351.7000000;352.0000000;7850
TATN;5;20160406;104500;352.0500000;352.1000000;351.5000000;351.7000000;26910
TATN;5;20160406;105000;351.6500000;352.4000000;351.5000000;352.2000000;44740
TATN;5;20160406;105500;352.2000000;352.2000000;351.9000000;351.9000000;1050
TATN;5;20160406;110000;351.9000000;351.9000000;351.1000000;351.3000000;10930
TATN;5;20160406;110500;351.3000000;351.3500000;350.8000000;351.1500000;6070
TATN;5;20160406;111000;350.9000000;351.1000000;350.6000000;350.6000000;8280
TATN;5;20160406;111500;350.5500000;350.5500000;349.4000000;350.1000000;34270
TATN;5;20160406;112000;349.9000000;350.6000000;349.9000000;350.2500000;25170
TATN;5;20160406;112500;350.2000000;350.6500000;350.0500000;350.6500000;8680
TATN;5;20160406;113000;350.7500000;350.8500000;350.3500000;350.7000000;14770
TATN;5;20160406;113500;350.6000000;350.8500000;350.2000000;350.3000000;5290
TATN;5;20160406;114000;350.3000000;350.4500000;349.7000000;349.9500000;16260
TATN;5;20160406;114500;350.0000000;350.4500000;349.7000000;349.9500000;10600
TATN;5;20160406;115000;349.9500000;349.9500000;349.6000000;349.6500000;2250
TATN;5;20160406;115500;349.8500000;350.4500000;349.8500000;350.4500000;9350
TATN;5;20160406;120000;350.4500000;350.9000000;350.1000000;350.9000000;16350
TATN;5;20160406;120500;350.9000000;352.6500000;350.9000000;352.3500000;37040
TATN;5;20160406;121000;352.2500000;352.2500000;351.9000000;351.9000000;770
TATN;5;20160406;121500;351.5500000;351.6500000;351.5000000;351.5000000;2710
TATN;5;20160406;122000;351.4500000;351.4500000;351.4500000;351.4500000;1620
TATN;5;20160406;122500;351.2000000;351.2000000;350.4500000;350.4500000;4650
TATN;5;20160406;123000;350.4000000;350.4500000;349.8500000;349.8500000;2390
TATN;5;20160406;123500;349.8500000;349.8500000;349.5000000;349.7500000;6310
TATN;5;20160406;124000;349.7000000;349.7000000;349.3500000;349.5500000;5780
TATN;5;20160406;124500;349.4000000;349.5500000;349.3000000;349.3000000;3480
TATN;5;20160406;125000;349.3000000;349.3000000;349.1500000;349.1500000;8500
TATN;5;20160406;125500;349.3000000;349.3000000;349.2000000;349.2500000;1090
TATN;5;20160406;130000;349.3000000;349.5000000;349.3000000;349.4000000;3820
TATN;5;20160406;130500;349.1500000;349.4500000;349.0500000;349.4500000;20370
TATN;5;20160406;131000;349.5500000;349.6500000;349.4000000;349.4500000;6070
TATN;5;20160406;131500;349.2000000;349.3000000;348.9000000;349.1500000;16920
TATN;5;20160406;132000;349.0500000;349.1500000;348.2000000;348.3500000;43420
TATN;5;20160406;132500;348.3000000;348.6000000;348.2000000;348.3000000;9700
TATN;5;20160406;133000;348.4000000;348.5500000;348.4000000;348.5500000;720
TATN;5;20160406;133500;348.4000000;348.9000000;348.3500000;348.9000000;3140
TATN;5;20160406;134000;348.9000000;349.1000000;348.2500000;348.3000000;5700
TATN;5;20160406;134500;348.3000000;348.6500000;348.2500000;348.3500000;6490
TATN;5;20160406;135000;348.3000000;348.3500000;348.3000000;348.3500000;740
TATN;5;20160406;135500;348.5000000;348.7500000;348.4500000;348.4500000;2260
TATN;5;20160406;140000;348.6500000;348.6500000;348.2500000;348.3500000;3450
TATN;5;20160406;140500;348.2500000;348.3000000;348.2500000;348.3000000;290
TATN;5;20160406;141000;348.3500000;349.0000000;348.2500000;348.9000000;14570
TATN;5;20160406;141500;348.9000000;349.0000000;348.5500000;348.8000000;8770
TATN;5;20160406;142000;348.8500000;349.3500000;348.5000000;348.5000000;5600
TATN;5;20160406;142500;348.6000000;348.7500000;348.1000000;348.1500000;14490
TATN;5;20160406;143000;348.1000000;348.1000000;347.7000000;347.7000000;20720
TATN;5;20160406;143500;347.7000000;347.8500000;347.5500000;347.6000000;7200
TATN;5;20160406;144000;347.6500000;347.8500000;347.5500000;347.7500000;6960
TATN;5;20160406;144500;347.8500000;348.0000000;347.5500000;347.8500000;8610
TATN;5;20160406;145000;347.8000000;347.8500000;347.5500000;347.5500000;290
TATN;5;20160406;145500;347.9000000;348.1500000;347.9000000;348.0500000;1700
TATN;5;20160406;150000;348.1500000;348.3000000;347.7500000;347.7500000;6610
TATN;5;20160406;150500;348.0500000;348.6000000;348.0000000;348.0000000;10390
TATN;5;20160406;151000;348.0000000;348.0000000;347.2500000;347.8500000;28570
TATN;5;20160406;151500;347.5000000;347.6500000;347.0500000;347.0500000;26520
TATN;5;20160406;152000;347.0500000;347.0500000;345.8000000;346.0500000;56540
TATN;5;20160406;152500;346.1000000;346.2500000;345.6500000;346.1500000;43550
TATN;5;20160406;153000;346.1500000;347.0000000;345.7500000;346.3500000;108240
TATN;5;20160406;153500;346.3500000;349.9000000;346.0500000;348.2000000;266340
TATN;5;20160406;154000;348.2000000;348.9000000;347.8500000;348.6500000;34410
TATN;5;20160406;154500;348.5500000;348.8500000;348.1500000;348.6500000;12810
TATN;5;20160406;155000;348.5500000;348.8500000;348.0500000;348.2000000;11690
TATN;5;20160406;155500;348.3500000;348.7500000;348.1500000;348.7500000;9820
TATN;5;20160406;160000;348.7500000;350.9000000;348.1500000;350.1000000;122370
TATN;5;20160406;160500;350.2000000;350.6500000;349.5500000;350.3500000;22840
TATN;5;20160406;161000;350.1500000;350.2000000;349.7500000;349.9500000;7780
TATN;5;20160406;161500;349.8500000;350.1500000;349.5500000;349.6000000;12210
TATN;5;20160406;162000;349.6000000;349.6000000;348.8000000;349.2000000;8920
TATN;5;20160406;162500;349.2000000;349.8500000;349.2000000;349.6500000;3560
TATN;5;20160406;163000;349.6500000;349.6500000;347.5500000;347.8000000;48530
TATN;5;20160406;163500;347.6000000;348.3500000;347.0500000;347.2500000;34830
TATN;5;20160406;164000;347.4500000;347.7000000;346.3000000;346.6500000;20970
TATN;5;20160406;164500;346.4000000;347.0000000;346.2500000;346.8000000;10000
TATN;5;20160406;165000;346.7000000;346.9000000;346.3000000;346.9000000;10290
TATN;5;20160406;165500;346.9000000;347.0000000;346.3000000;346.6500000;8780
TATN;5;20160406;170000;346.7500000;346.8500000;345.9000000;346.0500000;41640
TATN;5;20160406;170500;346.1500000;347.0000000;346.1000000;346.5000000;20320
TATN;5;20160406;171000;346.4500000;346.4500000;345.9000000;345.9000000;35200
TATN;5;20160406;171500;345.9000000;346.1500000;345.8000000;345.8000000;35610
TATN;5;20160406;172000;345.8500000;346.0500000;345.7500000;345.7500000;37540
TATN;5;20160406;172500;345.7500000;346.1000000;345.5500000;345.8000000;85590
TATN;5;20160406;173000;345.5500000;345.7000000;345.1500000;345.6500000;22990
TATN;5;20160406;173500;345.7000000;346.4000000;345.7000000;345.9500000;39290
TATN;5;20160406;174000;345.9500000;346.7500000;345.6500000;345.8000000;46220
TATN;5;20160406;174500;345.8000000;348.0500000;345.5000000;347.7000000;78190
TATN;5;20160406;175000;347.6000000;348.0000000;346.9000000;346.9000000;22590
TATN;5;20160406;175500;347.0000000;348.8000000;347.0000000;347.8500000;61690
TATN;5;20160406;180000;347.9000000;347.9000000;347.1500000;347.5000000;16800
TATN;5;20160406;180500;347.5000000;348.8000000;347.5000000;348.6500000;42590
TATN;5;20160406;181000;348.5500000;350.1500000;348.3500000;349.8000000;35900
TATN;5;20160406;181500;349.5500000;350.2500000;349.3000000;350.1500000;25510
TATN;5;20160406;182000;350.1500000;350.4500000;349.1000000;349.4500000;18520
TATN;5;20160406;182500;349.2500000;352.5000000;349.1000000;352.2500000;220680
TATN;5;20160406;183000;352.2500000;353.8000000;352.2500000;352.6000000;309930
TATN;5;20160406;183500;352.6000000;353.4500000;352.0500000;352.6500000;72250
TATN;5;20160406;184000;352.5500000;353.4500000;351.1000000;351.1000000;137270
TATN;5;20160406;185000;350.9500000;350.9500000;350.9500000;350.9500000;40140
TATN;5;20160407;100500;352.8000000;353.3500000;348.6000000;352.2500000;235860
TATN;5;20160407;101000;352.2500000;352.4500000;351.2000000;351.5000000;33590
TATN;5;20160407;101500;351.4000000;351.7500000;351.0000000;351.1500000;20520
TATN;5;20160407;102000;351.0500000;351.4000000;350.5000000;350.5000000;14150
TATN;5;20160407;102500;350.5000000;351.5000000;350.4500000;350.9000000;19400
TATN;5;20160407;103000;351.2500000;351.3000000;349.9500000;349.9500000;31420
TATN;5;20160407;103500;349.9000000;350.3500000;349.4000000;350.1500000;33350
TATN;5;20160407;104000;350.0500000;350.0500000;349.2000000;349.2000000;13400
TATN;5;20160407;104500;349.2000000;349.9000000;349.0500000;349.5000000;18020
TATN;5;20160407;105000;349.5500000;350.1000000;348.7500000;349.3000000;19690
TATN;5;20160407;105500;349.5000000;349.6500000;349.0000000;349.5500000;8520
TATN;5;20160407;110000;349.7000000;350.0000000;349.2000000;349.4500000;16710
TATN;5;20160407;110500;349.6000000;349.9500000;349.6000000;349.9500000;2930
TATN;5;20160407;111000;349.7500000;350.3500000;349.7500000;349.9000000;6740
TATN;5;20160407;111500;350.2500000;350.6500000;350.2500000;350.5500000;10540
TATN;5;20160407;112000;350.4500000;351.0000000;350.3500000;350.8000000;22470
TATN;5;20160407;112500;351.0000000;351.4000000;350.6500000;350.9500000;12660
TATN;5;20160407;113000;351.2500000;354.0500000;351.2500000;353.8000000;87880
TATN;5;20160407;113500;353.6000000;353.6000000;352.4500000;353.1500000;27740
TATN;5;20160407;114000;353.1000000;353.4000000;352.3500000;352.9500000;19390
TATN;5;20160407;114500;353.0000000;353.4000000;352.5000000;353.1500000;13020
TATN;5;20160407;115000;353.4000000;353.9000000;353.1500000;353.2500000;16810
TATN;5;20160407;115500;353.5500000;353.7500000;353.4000000;353.5500000;8540
TATN;5;20160407;120000;353.8000000;354.0000000;353.4000000;353.4000000;17000
TATN;5;20160407;120500;353.4000000;353.4000000;351.7500000;351.7500000;11890
TATN;5;20160407;121000;351.7500000;352.5500000;351.5500000;352.5500000;9200
TATN;5;20160407;121500;352.2000000;352.2000000;351.8000000;351.9500000;3430
TATN;5;20160407;122000;352.0000000;352.0000000;351.5000000;352.0000000;8410
TATN;5;20160407;122500;351.7500000;352.2000000;350.8000000;350.8000000;12790
TATN;5;20160407;123000;350.8500000;351.2000000;350.5000000;350.5000000;3070
TATN;5;20160407;123500;350.5000000;351.0500000;350.2500000;350.5000000;11490
TATN;5;20160407;124000;350.6000000;350.8000000;350.2000000;350.8000000;21850
TATN;5;20160407;124500;350.7000000;351.3000000;350.4000000;351.3000000;3990
TATN;5;20160407;125000;351.3000000;351.6000000;351.3000000;351.6000000;940
TATN;5;20160407;125500;351.7000000;351.9000000;351.0500000;351.4000000;8510
TATN;5;20160407;130000;351.5500000;351.8500000;351.2500000;351.2500000;2940
TATN;5;20160407;130500;351.3000000;351.3000000;351.1000000;351.1000000;1170
TATN;5;20160407;131000;351.0000000;351.5500000;350.7500000;351.4000000;13450
TATN;5;20160407;131500;351.5000000;351.7000000;351.0000000;351.0000000;11430
TATN;5;20160407;132000;351.3000000;352.0000000;351.3000000;351.9000000;11520
TATN;5;20160407;132500;352.1000000;352.2500000;351.9000000;352.0000000;5190
TATN;5;20160407;133000;352.0000000;352.1500000;352.0000000;352.0500000;2290
TATN;5;20160407;133500;351.8000000;351.8000000;351.8000000;351.8000000;110
TATN;5;20160407;134000;351.8500000;351.9500000;351.8000000;351.9500000;1580
TATN;5;20160407;134500;351.9500000;352.7000000;351.9500000;352.5500000;3920
TATN;5;20160407;135000;352.6500000;352.6500000;352.2000000;352.2000000;1650
TATN;5;20160407;135500;351.8500000;351.8500000;351.7500000;351.7500000;170
TATN;5;20160407;140000;351.6500000;352.1000000;351.6000000;351.6000000;2570
TATN;5;20160407;140500;351.8500000;355.8000000;351.8500000;354.8500000;352900
TATN;5;20160407;141000;354.8500000;355.8000000;354.3000000;355.8000000;224960
TATN;5;20160407;141500;355.8000000;357.7000000;355.8000000;357.3500000;223310
TATN;5;20160407;142000;357.2000000;357.4500000;356.0500000;356.0500000;33990
TATN;5;20160407;142500;356.2000000;356.3000000;355.3500000;355.5500000;11590
TATN;5;20160407;143000;355.5500000;356.0000000;355.2000000;355.4500000;21620
TATN;5;20160407;143500;355.4000000;355.5000000;355.1000000;355.3500000;11060
TATN;5;20160407;144000;355.3500000;355.4500000;354.9000000;354.9000000;13770
TATN;5;20160407;144500;354.9000000;355.1500000;354.7000000;354.7500000;10230
TATN;5;20160407;145000;354.7500000;355.2500000;354.7500000;355.1000000;7280
TATN;5;20160407;145500;355.1000000;355.2500000;354.8000000;355.0500000;6860
TATN;5;20160407;150000;354.9000000;355.6500000;354.9000000;355.6500000;4970
TATN;5;20160407;150500;355.7000000;355.7000000;355.0500000;355.2500000;7290
TATN;5;20160407;151000;355.2500000;355.2500000;355.1000000;355.1500000;2000
TATN;5;20160407;151500;355.2000000;355.2000000;354.5500000;354.8500000;19580
TATN;5;20160407;152000;354.8500000;355.3500000;354.8000000;355.3500000;18150
TATN;5;20160407;152500;355.2500000;355.7000000;355.1000000;355.6500000;5390
TATN;5;20160407;153000;355.6500000;355.6500000;355.0000000;355.2000000;17570
TATN;5;20160407;153500;355.3000000;355.3500000;354.9000000;354.9000000;11100
TATN;5;20160407;154000;354.9500000;355.1000000;354.3000000;354.4500000;21900
TATN;5;20160407;154500;354.6000000;355.2500000;354.4000000;355.2500000;6090
TATN;5;20160407;155000;355.2500000;355.2500000;354.2500000;354.8500000;10630
TATN;5;20160407;155500;354.7000000;355.1500000;354.2500000;355.1000000;22690
TATN;5;20160407;160000;355.1000000;355.2500000;354.7000000;355.2500000;3660
TATN;5;20160407;160500;355.0500000;355.2500000;354.2000000;355.2000000;12570
TATN;5;20160407;161000;355.2000000;355.2500000;354.6500000;354.9000000;6790
TATN;5;20160407;161500;354.9000000;355.0000000;354.3000000;354.9500000;26260
TATN;5;20160407;162000;355.0500000;355.2000000;354.8000000;354.8500000;19620
TATN;5;20160407;162500;354.9500000;355.0000000;354.1500000;354.1500000;15570
TATN;5;20160407;163000;354.4000000;354.4000000;353.8500000;353.8500000;17030
TATN;5;20160407;163500;354.0000000;354.5000000;353.6500000;354.2000000;12580
TATN;5;20160407;164000;354.3000000;354.6000000;354.0500000;354.0500000;8000
TATN;5;20160407;164500;354.3000000;355.5000000;354.3000000;355.4500000;35170
TATN;5;20160407;165000;355.4000000;355.7000000;355.2500000;355.2500000;9290
TATN;5;20160407;165500;355.3500000;355.3500000;354.5500000;354.6000000;24980
TATN;5;20160407;170000;354.7500000;354.9000000;354.5500000;354.5500000;5540
TATN;5;20160407;170500;354.7500000;354.7500000;354.0500000;354.5500000;10480
TATN;5;20160407;171000;354.5000000;354.5000000;354.2500000;354.2500000;3070
TATN;5;20160407;171500;354.4500000;354.4500000;353.6500000;354.0000000;24080
TATN;5;20160407;172000;354.0000000;354.0500000;353.0500000;353.5000000;55140
TATN;5;20160407;172500;353.5500000;353.9000000;353.3000000;353.3000000;22710
TATN;5;20160407;173000;353.8500000;353.8500000;352.6500000;353.0000000;49420
TATN;5;20160407;173500;353.0500000;353.8000000;353.0000000;353.8000000;8720
TATN;5;20160407;174000;353.5000000;354.6500000;353.2500000;353.2500000;50470
TATN;5;20160407;174500;353.3500000;353.4000000;353.2000000;353.3500000;12850
TATN;5;20160407;175000;353.2000000;353.9500000;352.7500000;353.8000000;15290
TATN;5;20160407;175500;353.8000000;354.4500000;353.7500000;354.0000000;43300
TATN;5;20160407;180000;354.1000000;354.6000000;354.1000000;354.4000000;14510
TATN;5;20160407;180500;354.2500000;354.4000000;354.0000000;354.0000000;4830
TATN;5;20160407;181000;354.0000000;356.7000000;353.7500000;356.4000000;103410
TATN;5;20160407;181500;356.3000000;357.0000000;355.7500000;356.8000000;52510
TATN;5;20160407;182000;356.8000000;357.1000000;356.5000000;356.9500000;39350
TATN;5;20160407;182500;357.0500000;357.3000000;355.9500000;356.6000000;47550
TATN;5;20160407;183000;356.8000000;356.8500000;355.7500000;356.6000000;47730
TATN;5;20160407;183500;356.4000000;358.3500000;356.1500000;357.5000000;187540
TATN;5;20160407;184000;357.6500000;361.4000000;357.3000000;359.7500000;667680
TATN;5;20160407;185000;361.8000000;361.8000000;361.8000000;361.8000000;82510
TATN;5;20160408;100500;361.0500000;361.2000000;359.4000000;359.7500000;85560
TATN;5;20160408;101000;359.9000000;360.2500000;359.2000000;359.2000000;31400
TATN;5;20160408;101500;359.4000000;359.5000000;358.5500000;358.7500000;30860
TATN;5;20160408;102000;358.9500000;359.6500000;358.8000000;359.5000000;43740
TATN;5;20160408;102500;359.3500000;359.6000000;359.3500000;359.4500000;13890
TATN;5;20160408;103000;359.5000000;359.6000000;358.0000000;359.0000000;39400
TATN;5;20160408;103500;358.6500000;358.8000000;358.0000000;358.3000000;23020
TATN;5;20160408;104000;358.4500000;359.4500000;358.2000000;358.7000000;18860
TATN;5;20160408;104500;358.7500000;358.9500000;358.2000000;358.7500000;13310
TATN;5;20160408;105000;358.7500000;359.0000000;357.7000000;357.9500000;45690
TATN;5;20160408;105500;357.9000000;358.2000000;357.3000000;357.5000000;38520
TATN;5;20160408;110000;357.2500000;358.1000000;357.1000000;357.8000000;27720
TATN;5;20160408;110500;358.2000000;359.4000000;358.2000000;359.4000000;27020
TATN;5;20160408;111000;359.4000000;359.5500000;358.6000000;359.5000000;11350
TATN;5;20160408;111500;359.4000000;359.6000000;359.1500000;359.3500000;9050
TATN;5;20160408;112000;359.3000000;359.7500000;359.1500000;359.7000000;19650
TATN;5;20160408;112500;359.7000000;359.7000000;358.8500000;359.0000000;4550
TATN;5;20160408;113000;359.0000000;359.8000000;359.0000000;359.6000000;5150
TATN;5;20160408;113500;359.8000000;359.8000000;359.0500000;359.2000000;8610
TATN;5;20160408;114000;359.2000000;359.4000000;359.0000000;359.3000000;8090
TATN;5;20160408;114500;359.0000000;359.5000000;359.0000000;359.5000000;4450
TATN;5;20160408;115000;359.5500000;359.7500000;359.4500000;359.6000000;2450
TATN;5;20160408;115500;359.3000000;359.6000000;359.3000000;359.6000000;3100
TATN;5;20160408;120000;359.5500000;359.9000000;359.5500000;359.9000000;2930
TATN;5;20160408;120500;359.8000000;360.0000000;359.5500000;359.7500000;16050
TATN;5;20160408;121000;359.7500000;360.0000000;359.6000000;360.0000000;30930
TATN;5;20160408;121500;359.8500000;360.5000000;359.7500000;360.0000000;48090
TATN;5;20160408;122000;360.0000000;360.3500000;359.6000000;360.0000000;46710
TATN;5;20160408;122500;359.8000000;360.0000000;359.5000000;359.5000000;7780
TATN;5;20160408;123000;359.7500000;359.8500000;359.3500000;359.5500000;5270
TATN;5;20160408;123500;359.3500000;359.8000000;359.3500000;359.6000000;2460
TATN;5;20160408;124000;359.7500000;360.0000000;359.1000000;360.0000000;14130
TATN;5;20160408;124500;359.8000000;360.0000000;359.4000000;360.0000000;23620
TATN;5;20160408;125000;359.9500000;360.2500000;359.9000000;360.0000000;8700
TATN;5;20160408;125500;359.8500000;359.9500000;359.5500000;359.7000000;5010
TATN;5;20160408;130000;359.8500000;360.0000000;358.7500000;359.0000000;52310
TATN;5;20160408;130500;359.0000000;359.0000000;358.6500000;358.7500000;6760
TATN;5;20160408;131000;358.8000000;359.3500000;358.8000000;359.0500000;3970
TATN;5;20160408;131500;358.8000000;359.0500000;358.1500000;358.6000000;6360
TATN;5;20160408;132000;358.5500000;358.7000000;358.4000000;358.7000000;1450
TATN;5;20160408;132500;358.9000000;359.4000000;358.9000000;359.4000000;11560
TATN;5;20160408;133000;359.4000000;359.5000000;358.9500000;358.9500000;8880
TATN;5;20160408;133500;359.4000000;359.5000000;359.2500000;359.4500000;2250
TATN;5;20160408;134000;359.5000000;359.5000000;358.9500000;359.1500000;12960
TATN;5;20160408;134500;359.2500000;359.4500000;359.2500000;359.4500000;2050
TATN;5;20160408;135000;359.4500000;359.5000000;358.7500000;359.1500000;4820
TATN;5;20160408;135500;358.8500000;359.2500000;358.8500000;358.8500000;2040
TATN;5;20160408;140000;358.9000000;359.1500000;358.3000000;358.5500000;7400
TATN;5;20160408;140500;358.5500000;358.6000000;358.2500000;358.4500000;7300
TATN;5;20160408;141000;358.5000000;358.5000000;358.0500000;358.5000000;5670
TATN;5;20160408;141500;358.4000000;358.5000000;358.2500000;358.4000000;560
TATN;5;20160408;142000;358.5000000;358.5000000;358.2000000;358.2000000;3550
TATN;5;20160408;142500;358.2000000;358.5000000;358.0500000;358.4500000;2450
TATN;5;20160408;143000;358.5500000;358.6000000;358.5500000;358.5500000;7460
TATN;5;20160408;143500;358.5500000;358.6000000;358.2500000;358.2500000;1650
TATN;5;20160408;144000;358.4500000;359.1000000;358.4500000;359.1000000;6850
TATN;5;20160408;144500;359.1000000;359.2000000;359.0500000;359.2000000;2920
TATN;5;20160408;145000;359.3500000;359.4000000;358.8000000;358.8000000;5130
TATN;5;20160408;145500;359.0500000;359.0500000;358.7000000;358.9500000;750
TATN;5;20160408;150000;358.7000000;359.3500000;358.7000000;358.9500000;5200
TATN;5;20160408;150500;358.9500000;359.1000000;358.7500000;359.0500000;2210
TATN;5;20160408;151000;358.8500000;359.0000000;358.5500000;358.8500000;4120
TATN;5;20160408;151500;358.5500000;359.3500000;358.5500000;359.3500000;4390
TATN;5;20160408;152000;359.3500000;359.6500000;359.0500000;359.6500000;9200
TATN;5;20160408;152500;359.4000000;360.0000000;359.4000000;359.8000000;14770
TATN;5;20160408;153000;359.8000000;359.9500000;359.5500000;359.8500000;22190
TATN;5;20160408;153500;359.7000000;360.0000000;359.7000000;360.0000000;78930
TATN;5;20160408;154000;360.0000000;360.3500000;359.6000000;359.9500000;31290
TATN;5;20160408;154500;359.8500000;360.3500000;359.5000000;359.8000000;28360
TATN;5;20160408;155000;359.6000000;359.8000000;359.6000000;359.7500000;5070
TATN;5;20160408;155500;359.6000000;359.7500000;359.5000000;359.7000000;4080
TATN;5;20160408;160000;359.5500000;359.9500000;359.5000000;359.9500000;5320
TATN;5;20160408;160500;359.9500000;360.0000000;359.5000000;359.5500000;37890
TATN;5;20160408;161000;359.6000000;359.8500000;359.5000000;359.8500000;2330
TATN;5;20160408;161500;359.6500000;359.8500000;359.2000000;359.5500000;9840
TATN;5;20160408;162000;359.5500000;359.8500000;359.3000000;359.6000000;3110
TATN;5;20160408;162500;359.4500000;359.9500000;359.4500000;359.9500000;3500
TATN;5;20160408;163000;359.9000000;360.0000000;359.6000000;359.9500000;5410
TATN;5;20160408;163500;359.9000000;359.9500000;359.7000000;359.7000000;2240
TATN;5;20160408;164000;359.6500000;359.9500000;359.4500000;359.9500000;15000
TATN;5;20160408;164500;359.8000000;360.0000000;359.7500000;360.0000000;31640
TATN;5;20160408;165000;360.0000000;360.0000000;359.3000000;359.5500000;4510
TATN;5;20160408;165500;359.3000000;359.6000000;359.2500000;359.4500000;3610
TATN;5;20160408;170000;359.3000000;359.8500000;359.3000000;359.7000000;4850
TATN;5;20160408;170500;359.4500000;359.8500000;359.4500000;359.8500000;3400
TATN;5;20160408;171000;359.8500000;359.8500000;359.5500000;359.8500000;2950
TATN;5;20160408;171500;359.7000000;359.7000000;359.4000000;359.5500000;6060
TATN;5;20160408;172000;359.5500000;359.8000000;359.1500000;359.6000000;8840
TATN;5;20160408;172500;359.3000000;359.6500000;358.4000000;358.6000000;25030
TATN;5;20160408;173000;358.6000000;358.8000000;358.5000000;358.5000000;11760
TATN;5;20160408;173500;358.5000000;358.8000000;358.5000000;358.7000000;7590
TATN;5;20160408;174000;358.5500000;359.0000000;358.5500000;358.8500000;9440
TATN;5;20160408;174500;358.8500000;359.4000000;358.7000000;359.2000000;19980
TATN;5;20160408;175000;359.2000000;359.3000000;359.0000000;359.1500000;4850
TATN;5;20160408;175500;359.1500000;359.1500000;358.6500000;358.6500000;13770
TATN;5;20160408;180000;358.6500000;359.0000000;358.6500000;358.8000000;5230
TATN;5;20160408;180500;358.8000000;359.4500000;358.8000000;359.4000000;17380
TATN;5;20160408;181000;359.4000000;359.8000000;359.3000000;359.6500000;11190
TATN;5;20160408;181500;359.5000000;359.6000000;359.4000000;359.5500000;3980
TATN;5;20160408;182000;359.5500000;359.7000000;359.5500000;359.6500000;3070
TATN;5;20160408;182500;359.6500000;359.9500000;359.6500000;359.9000000;19370
TATN;5;20160408;183000;359.9000000;360.4000000;359.5500000;359.9000000;92430
TATN;5;20160408;183500;359.9500000;360.0000000;359.7500000;359.9500000;57560
TATN;5;20160408;184000;359.9500000;360.0000000;359.5000000;359.9000000;137900
TATN;5;20160408;185000;359.1500000;359.1500000;359.1500000;359.1500000;43280
TATN;5;20160411;100500;359.0000000;359.5500000;357.2500000;357.7500000;26720
TATN;5;20160411;101000;357.8000000;358.9500000;357.4500000;358.4000000;8740
TATN;5;20160411;101500;358.2500000;358.9000000;357.8000000;358.0500000;55650
TATN;5;20160411;102000;358.0500000;359.3500000;358.0000000;358.9000000;13380
TATN;5;20160411;102500;358.9500000;359.0000000;358.4000000;359.0000000;12970
TATN;5;20160411;103000;358.8500000;359.0000000;358.4500000;358.8500000;30080
TATN;5;20160411;103500;358.8500000;359.0000000;358.5000000;358.8000000;7750
TATN;5;20160411;104000;358.8000000;359.0000000;358.6500000;358.8000000;54840
TATN;5;20160411;104500;358.8000000;359.0000000;358.2500000;358.8500000;17770
TATN;5;20160411;105000;358.8500000;359.4000000;358.7000000;359.1500000;21700
TATN;5;20160411;105500;359.3500000;359.9500000;359.3000000;359.9500000;4760
TATN;5;20160411;110000;359.9500000;359.9500000;359.6000000;359.8500000;13990
TATN;5;20160411;110500;359.9500000;359.9500000;359.5500000;359.5500000;17640
TATN;5;20160411;111000;359.5500000;359.7500000;359.5500000;359.6000000;5420
TATN;5;20160411;111500;359.6000000;359.9500000;359.6000000;359.9500000;9100
TATN;5;20160411;112000;359.9500000;359.9500000;359.6500000;359.8500000;29070
TATN;5;20160411;112500;359.6000000;359.9000000;359.5000000;359.9000000;5130
TATN;5;20160411;113000;359.6500000;359.9500000;359.4000000;359.9500000;19970
TATN;5;20160411;113500;359.9500000;359.9500000;359.7000000;359.8500000;8930
TATN;5;20160411;114000;359.8500000;359.9500000;359.7000000;359.7000000;21080
TATN;5;20160411;114500;359.7000000;359.9500000;359.4000000;359.5000000;8090
TATN;5;20160411;115000;359.7000000;359.9000000;359.5500000;359.9000000;3280
TATN;5;20160411;115500;359.9000000;359.9500000;359.5500000;359.5500000;2520
TATN;5;20160411;120000;359.6000000;359.7000000;359.4000000;359.6000000;4990
TATN;5;20160411;120500;359.4000000;359.7000000;359.3000000;359.6500000;2480
TATN;5;20160411;121000;359.5500000;359.7000000;359.2500000;359.2500000;5160
TATN;5;20160411;121500;359.4000000;359.8000000;359.4000000;359.8000000;1770
TATN;5;20160411;122000;359.8000000;359.9000000;359.5000000;359.5000000;7920
TATN;5;20160411;122500;359.4500000;359.4500000;359.0000000;359.0000000;13670
TATN;5;20160411;123000;359.1000000;359.4000000;359.1000000;359.4000000;2610
TATN;5;20160411;123500;359.3500000;359.5000000;358.6500000;359.0500000;8510
TATN;5;20160411;124000;359.0500000;359.0500000;358.7500000;358.9000000;5410
TATN;5;20160411;124500;358.8000000;358.9000000;358.7000000;358.9000000;6300
TATN;5;20160411;125000;358.8000000;359.2500000;358.7000000;359.1000000;8200
TATN;5;20160411;125500;359.1000000;359.4000000;359.1000000;359.4000000;1880
TATN;5;20160411;130000;359.4500000;359.4500000;359.1500000;359.1500000;1750
TATN;5;20160411;130500;359.3000000;359.5000000;359.1500000;359.1500000;3290
TATN;5;20160411;131000;359.1500000;359.4500000;359.1500000;359.4500000;1540
TATN;5;20160411;131500;359.4500000;359.5000000;359.4500000;359.5000000;360
TATN;5;20160411;132000;359.5000000;359.5000000;359.3000000;359.4500000;2820
TATN;5;20160411;132500;359.3000000;359.3500000;358.8500000;359.0500000;4490
TATN;5;20160411;133000;359.2000000;359.3500000;359.1500000;359.3000000;2130
TATN;5;20160411;133500;359.3500000;359.6000000;359.3500000;359.6000000;4380
TATN;5;20160411;134000;359.6500000;359.6500000;359.5500000;359.6500000;5020
TATN;5;20160411;134500;359.6500000;359.6500000;359.3000000;359.5500000;4990
TATN;5;20160411;135000;359.5500000;359.5500000;359.5500000;359.5500000;330
TATN;5;20160411;135500;359.5000000;359.6000000;359.2500000;359.6000000;8970
TATN;5;20160411;140000;359.5500000;359.6500000;359.3500000;359.6500000;3210
TATN;5;20160411;140500;359.5500000;359.8000000;359.4500000;359.4500000;8160
TATN;5;20160411;141000;359.4500000;359.6000000;359.4500000;359.5500000;1010
TATN;5;20160411;141500;359.5500000;359.5500000;359.5500000;359.5500000;190
TATN;5;20160411;142000;359.5500000;359.6000000;359.5000000;359.5000000;11060
TATN;5;20160411;142500;359.5500000;359.6000000;359.4500000;359.5500000;400
TATN;5;20160411;143000;359.5500000;359.5500000;359.3000000;359.3000000;2090
TATN;5;20160411;143500;359.3500000;359.5000000;359.2500000;359.3000000;2140
TATN;5;20160411;144000;359.3500000;359.5000000;359.3500000;359.3500000;610
TATN;5;20160411;144500;359.4000000;359.6000000;359.3000000;359.5000000;2390
TATN;5;20160411;145000;359.5000000;359.6000000;358.9500000;358.9500000;8840
TATN;5;20160411;145500;359.3500000;359.4500000;359.3500000;359.3500000;1060
TATN;5;20160411;150000;359.2000000;359.2500000;359.0500000;359.1000000;1470
TATN;5;20160411;150500;359.1000000;359.3500000;359.1000000;359.3500000;1240
TATN;5;20160411;151000;359.4000000;359.4000000;359.1500000;359.1500000;4200
TATN;5;20160411;151500;359.2500000;359.2500000;359.0000000;359.0000000;410
TATN;5;20160411;152000;359.1500000;359.2000000;359.1500000;359.1500000;1380
TATN;5;20160411;152500;359.2000000;359.2500000;359.0000000;359.0000000;7710
TATN;5;20160411;153000;359.0000000;359.0000000;358.9500000;358.9500000;770
TATN;5;20160411;153500;358.9500000;359.0000000;358.9000000;358.9000000;36790
TATN;5;20160411;154000;358.9000000;359.0000000;358.8000000;359.0000000;47600
TATN;5;20160411;154500;359.0000000;359.0000000;358.8500000;359.0000000;18340
TATN;5;20160411;155000;359.0000000;359.0000000;358.8000000;359.0000000;6070
TATN;5;20160411;155500;359.0000000;359.1000000;358.8500000;359.0500000;3100
TATN;5;20160411;160000;359.0000000;359.7500000;358.9000000;359.7500000;25130
TATN;5;20160411;160500;359.7500000;359.8000000;358.0000000;358.0000000;102610
TATN;5;20160411;161000;357.9500000;358.3000000;357.7000000;358.3000000;159920
TATN;5;20160411;161500;358.2000000;358.4000000;358.0500000;358.0500000;4400
TATN;5;20160411;162000;358.1000000;358.8500000;358.1000000;358.8500000;3880
TATN;5;20160411;162500;358.7500000;359.0000000;358.7500000;359.0000000;9660
TATN;5;20160411;163000;358.9500000;359.0000000;358.5500000;359.0000000;12180
TATN;5;20160411;163500;359.0000000;359.0000000;358.0000000;358.0500000;18320
TATN;5;20160411;164000;358.1000000;358.3000000;358.0000000;358.0000000;5050
TATN;5;20160411;164500;358.0000000;358.7500000;357.9500000;358.6500000;11830
TATN;5;20160411;165000;358.5500000;358.7000000;358.2500000;358.2500000;8450
TATN;5;20160411;165500;358.4000000;358.5500000;358.0500000;358.1000000;16180
TATN;5;20160411;170000;358.0000000;358.1500000;357.8500000;357.9000000;10850
TATN;5;20160411;170500;357.9500000;358.1500000;357.9500000;358.1000000;6400
TATN;5;20160411;171000;358.2500000;358.2500000;357.3000000;357.3500000;32070
TATN;5;20160411;171500;357.5000000;357.5500000;356.3500000;356.6500000;33580
TATN;5;20160411;172000;356.7500000;356.8500000;356.3500000;356.3500000;10300
TATN;5;20160411;172500;356.5000000;356.6000000;356.1000000;356.3500000;8510
TATN;5;20160411;173000;356.5000000;356.5000000;355.8500000;355.9000000;12650
TATN;5;20160411;173500;356.2000000;356.7000000;356.2000000;356.4000000;7080
TATN;5;20160411;174000;356.2500000;356.4000000;354.3500000;354.6000000;43540
TATN;5;20160411;174500;354.5000000;354.9000000;353.7000000;354.9000000;56840
TATN;5;20160411;175000;354.9000000;355.3500000;354.6000000;355.1500000;27040
TATN;5;20160411;175500;355.1000000;355.3500000;354.9000000;355.3000000;7250
TATN;5;20160411;180000;355.3000000;355.7000000;355.3000000;355.3500000;6410
TATN;5;20160411;180500;355.3500000;355.3500000;355.1500000;355.2500000;6700
TATN;5;20160411;181000;355.2000000;355.6000000;355.1500000;355.6000000;2610
TATN;5;20160411;181500;355.7000000;356.3000000;355.7000000;356.3000000;7270
TATN;5;20160411;182000;356.2500000;356.4500000;356.1000000;356.1500000;15580
TATN;5;20160411;182500;356.1000000;356.1000000;355.6500000;356.1000000;5520
TATN;5;20160411;183000;356.1500000;356.3500000;356.1000000;356.2500000;8240
TATN;5;20160411;183500;356.2500000;356.7000000;356.0500000;356.5500000;9180
TATN;5;20160411;184000;356.5500000;357.8500000;356.1000000;356.2000000;102920
TATN;5;20160411;185000;359.8500000;359.8500000;359.8500000;359.8500000;123590
TATN;5;20160412;100500;358.7500000;358.9500000;357.2500000;357.3000000;43640
TATN;5;20160412;101000;357.7000000;358.2000000;357.4000000;357.9500000;18000
TATN;5;20160412;101500;358.0000000;358.4000000;357.7000000;358.0000000;18160
TATN;5;20160412;102000;357.9500000;357.9500000;357.4000000;357.8500000;13440
TATN;5;20160412;102500;357.8000000;357.8000000;357.3000000;357.3000000;9270
TATN;5;20160412;103000;357.5000000;357.5500000;356.5500000;356.8000000;15860
TATN;5;20160412;103500;356.9000000;356.9000000;355.2500000;355.4500000;21630
TATN;5;20160412;104000;355.6000000;355.6000000;354.7000000;355.1000000;16440
TATN;5;20160412;104500;355.3000000;356.6000000;355.1500000;356.5500000;8240
TATN;5;20160412;105000;356.7000000;357.3000000;355.3500000;356.9000000;20590
TATN;5;20160412;105500;357.0500000;357.0500000;356.1000000;356.1000000;4420
TATN;5;20160412;110000;355.8000000;357.2000000;355.8000000;357.0500000;15700
TATN;5;20160412;110500;357.2000000;357.2000000;356.4000000;356.6500000;7970
TATN;5;20160412;111000;356.4500000;356.7500000;355.3500000;356.0500000;19670
TATN;5;20160412;111500;355.9500000;356.1000000;355.1000000;355.1000000;12050
TATN;5;20160412;112000;355.2000000;355.3000000;354.7500000;355.2000000;7150
TATN;5;20160412;112500;355.3500000;355.6500000;355.2500000;355.6500000;4440
TATN;5;20160412;113000;355.7500000;355.8500000;355.3000000;355.5500000;8220
TATN;5;20160412;113500;355.6500000;355.9000000;355.1000000;355.1500000;7640
TATN;5;20160412;114000;355.4000000;355.4500000;354.7500000;355.4500000;9790
TATN;5;20160412;114500;355.3000000;356.0000000;355.3000000;356.0000000;3410
TATN;5;20160412;115000;356.0000000;356.9500000;356.0000000;356.4000000;6980
TATN;5;20160412;115500;356.4500000;357.0000000;356.4000000;356.9500000;23350
TATN;5;20160412;120000;356.9500000;357.0000000;356.5500000;356.8000000;4210
TATN;5;20160412;120500;356.8000000;356.9500000;356.7000000;356.7000000;2320
TATN;5;20160412;121000;356.6000000;356.7500000;356.5500000;356.7500000;1310
TATN;5;20160412;121500;356.8500000;356.8500000;356.1500000;356.6500000;4380
TATN;5;20160412;122000;356.7500000;356.7500000;356.7500000;356.7500000;460
TATN;5;20160412;122500;356.7500000;357.0000000;356.7500000;356.9000000;9150
TATN;5;20160412;123000;356.9000000;356.9000000;356.7000000;356.7000000;270
TATN;5;20160412;123500;356.6000000;357.0000000;356.6000000;356.9000000;12150
TATN;5;20160412;124000;356.8500000;357.2000000;356.6000000;356.6000000;4690
TATN;5;20160412;124500;356.7500000;357.5500000;356.5000000;357.5500000;17840
TATN;5;20160412;125000;357.0500000;357.7500000;357.0500000;357.5500000;6140
TATN;5;20160412;125500;357.6000000;358.9500000;357.6000000;358.3000000;26170
TATN;5;20160412;130000;357.9000000;357.9000000;357.4500000;357.9000000;11570
TATN;5;20160412;130500;357.6500000;358.5500000;357.5500000;358.2000000;10940
TATN;5;20160412;131000;357.9500000;357.9500000;357.1500000;357.4000000;5090
TATN;5;20160412;131500;357.1000000;357.1000000;357.0000000;357.0000000;3140
TATN;5;20160412;132000;356.9500000;357.0500000;356.9000000;357.0500000;2870
TATN;5;20160412;132500;357.0000000;357.0500000;356.8000000;357.0500000;2170
TATN;5;20160412;133000;356.4500000;356.4500000;355.6500000;355.7000000;7660
TATN;5;20160412;133500;355.8500000;355.9500000;355.8000000;355.8000000;3830
TATN;5;20160412;134500;355.9500000;355.9500000;354.7000000;354.9500000;16350
TATN;5;20160412;135000;354.9500000;356.8000000;354.9000000;356.8000000;5590
TATN;5;20160412;135500;356.7500000;356.7500000;356.7500000;356.7500000;540
TATN;5;20160412;140000;356.5500000;356.8000000;354.9500000;355.4500000;10920
TATN;5;20160412;140500;355.1000000;355.5500000;354.9500000;354.9500000;5380
TATN;5;20160412;141000;355.2500000;355.7000000;354.8000000;355.0000000;9470
TATN;5;20160412;141500;354.9500000;354.9500000;354.7500000;354.9000000;1850
TATN;5;20160412;142000;354.9500000;355.1000000;354.0000000;354.1000000;37560
TATN;5;20160412;142500;354.0500000;354.7500000;354.0000000;354.3500000;6070
TATN;5;20160412;143000;354.0000000;354.2000000;354.0000000;354.0000000;2910
TATN;5;20160412;143500;354.2500000;355.2000000;354.0500000;354.7500000;14860
TATN;5;20160412;144000;354.7000000;355.5000000;354.7000000;355.5000000;2440
TATN;5;20160412;144500;355.3000000;355.3000000;355.0000000;355.0500000;8100
TATN;5;20160412;145000;355.0000000;355.5000000;354.9500000;355.2500000;10580
TATN;5;20160412;145500;355.1500000;355.7000000;355.1500000;355.7000000;1880
TATN;5;20160412;150000;355.7000000;355.7000000;354.8500000;354.8500000;4410
TATN;5;20160412;150500;354.7000000;355.7500000;354.6000000;355.7500000;17340
TATN;5;20160412;151000;355.7500000;355.7500000;355.1000000;355.1500000;4270
TATN;5;20160412;151500;355.1500000;355.2000000;354.5500000;354.6500000;15480
TATN;5;20160412;152000;354.6000000;354.7000000;354.2000000;354.2000000;8960
TATN;5;20160412;152500;354.4500000;354.6000000;354.2000000;354.2000000;2280
TATN;5;20160412;153000;354.3500000;354.4000000;354.3500000;354.4000000;550
TATN;5;20160412;153500;354.5500000;354.9500000;354.5500000;354.9000000;3250
TATN;5;20160412;154000;355.0500000;355.4000000;354.5500000;355.0000000;9440
TATN;5;20160412;154500;355.0000000;355.5000000;355.0000000;355.5000000;2640
TATN;5;20160412;155000;355.2000000;355.5000000;355.2000000;355.4000000;180
TATN;5;20160412;155500;355.4000000;355.4500000;354.9500000;355.0000000;5320
TATN;5;20160412;160000;354.9500000;355.6500000;354.8500000;355.6500000;7810
TATN;5;20160412;160500;355.4500000;355.8500000;355.4500000;355.4500000;2370
TATN;5;20160412;161000;355.7000000;355.7500000;355.5500000;355.7500000;2260
TATN;5;20160412;161500;355.7000000;356.5000000;355.4500000;356.0500000;8680
TATN;5;20160412;162000;356.2000000;356.5000000;356.1000000;356.1000000;5160
TATN;5;20160412;162500;355.7500000;356.0000000;355.7500000;355.9000000;690
TATN;5;20160412;163000;355.4000000;355.4000000;355.3000000;355.3000000;1060
TATN;5;20160412;163500;355.3500000;356.0500000;355.0000000;356.0500000;7520
TATN;5;20160412;164000;355.9500000;356.4500000;355.8500000;356.4500000;2970
TATN;5;20160412;164500;356.1500000;357.0000000;356.1500000;356.9500000;9100
TATN;5;20160412;165000;356.6000000;356.6000000;356.1500000;356.1500000;3220
TATN;5;20160412;165500;356.1500000;356.5500000;355.7500000;356.1000000;6680
TATN;5;20160412;170000;355.8000000;356.2000000;355.2000000;355.4000000;3660
TATN;5;20160412;170500;355.4500000;355.6000000;355.0500000;355.0500000;2000
TATN;5;20160412;171000;355.0500000;355.1500000;354.8500000;355.1500000;7810
TATN;5;20160412;171500;355.0500000;355.4000000;354.9000000;355.0000000;8830
TATN;5;20160412;172000;354.9500000;355.5500000;354.9000000;355.0500000;18140
TATN;5;20160412;172500;355.0500000;355.4000000;354.9500000;355.3000000;3350
TATN;5;20160412;173000;355.0000000;355.3500000;354.9000000;355.2500000;2790
TATN;5;20160412;173500;355.2500000;357.7000000;355.2500000;357.0500000;33680
TATN;5;20160412;174000;357.1000000;358.4000000;356.4500000;357.7000000;41020
TATN;5;20160412;174500;357.2500000;357.2500000;356.3500000;356.7500000;44240
TATN;5;20160412;175000;356.7500000;357.1500000;356.4500000;356.4500000;10030
TATN;5;20160412;175500;356.8000000;356.8000000;356.8000000;356.8000000;650
TATN;5;20160412;180000;356.8000000;357.1000000;356.4500000;356.4500000;7000
TATN;5;20160412;180500;356.5000000;356.8500000;355.1500000;355.1500000;20370
TATN;5;20160412;181000;355.2000000;355.6500000;355.2000000;355.6500000;3620
TATN;5;20160412;181500;355.4500000;356.4000000;355.4000000;355.8500000;34820
TATN;5;20160412;182000;355.9000000;357.1000000;355.5000000;356.8500000;30770
TATN;5;20160412;182500;356.9000000;357.3000000;356.7000000;356.7500000;29530
TATN;5;20160412;183000;356.7500000;357.2000000;356.6000000;357.0500000;22640
TATN;5;20160412;183500;357.0500000;357.1500000;356.4000000;356.7000000;14700
TATN;5;20160412;184000;356.7000000;358.2000000;356.5000000;357.7500000;58620
TATN;5;20160412;185000;355.6000000;355.6000000;355.6000000;355.6000000;41440
TATN;5;20160413;100500;357.2000000;359.1500000;357.0000000;358.6000000;62380
TATN;5;20160413;101000;358.6000000;358.6500000;357.1500000;357.9000000;18610
TATN;5;20160413;101500;357.8500000;358.0000000;357.4000000;358.0000000;39990
TATN;5;20160413;102000;357.8000000;358.0000000;357.4000000;357.6500000;10190
TATN;5;20160413;102500;357.6500000;358.0000000;357.5000000;358.0000000;31880
TATN;5;20160413;103000;357.8500000;358.7000000;357.8500000;358.6000000;33720
TATN;5;20160413;103500;358.7000000;358.9500000;358.3500000;358.8500000;15800
TATN;5;20160413;104000;358.8500000;358.8500000;357.8500000;357.9500000;18440
TATN;5;20160413;104500;357.9500000;358.0500000;357.3500000;357.5500000;16080
TATN;5;20160413;105000;357.7500000;357.7500000;357.0500000;357.0500000;14770
TATN;5;20160413;105500;357.3500000;358.0000000;357.0500000;357.7500000;20660
TATN;5;20160413;110000;357.7500000;358.9000000;357.4500000;358.7500000;36490
TATN;5;20160413;110500;358.7500000;358.9000000;357.8000000;358.3500000;26220
TATN;5;20160413;111000;358.4000000;358.4500000;357.3500000;357.3500000;5490
TATN;5;20160413;111500;357.5500000;357.5500000;357.2000000;357.3000000;2280
TATN;5;20160413;112000;357.3000000;357.7500000;356.4500000;356.8000000;7620
TATN;5;20160413;112500;356.8000000;357.2000000;356.5000000;356.6500000;4760
TATN;5;20160413;113000;356.6500000;356.6500000;356.2000000;356.3500000;4200
TATN;5;20160413;113500;356.3500000;357.6000000;356.2000000;357.3500000;9880
TATN;5;20160413;114000;357.3000000;358.4000000;356.9000000;358.4000000;14460
TATN;5;20160413;114500;358.3500000;358.4000000;357.4500000;357.4500000;11970
TATN;5;20160413;115000;357.8500000;357.8500000;356.7500000;357.5000000;14640
TATN;5;20160413;115500;357.5000000;357.5000000;356.6500000;356.8500000;7330
TATN;5;20160413;120000;357.0000000;357.0000000;356.0500000;356.5000000;15270
TATN;5;20160413;120500;356.5000000;357.0000000;356.1500000;356.8500000;18710
TATN;5;20160413;121000;356.8500000;357.0000000;355.7000000;355.8500000;36750
TATN;5;20160413;121500;355.8500000;357.8000000;355.7000000;357.8000000;158100
TATN;5;20160413;122000;357.8500000;358.0000000;356.6000000;357.8000000;25610
TATN;5;20160413;122500;357.9500000;358.0000000;357.0500000;357.7500000;11550
TATN;5;20160413;123000;357.8500000;357.9000000;357.5000000;357.8500000;1600
TATN;5;20160413;123500;357.8500000;358.0000000;357.8500000;358.0000000;10370
TATN;5;20160413;124000;357.9500000;358.0000000;357.7500000;358.0000000;21170
TATN;5;20160413;124500;357.9500000;358.0000000;357.7500000;358.0000000;19000
TATN;5;20160413;125000;357.9500000;358.0000000;357.8000000;357.8000000;5340
TATN;5;20160413;125500;357.8000000;358.0000000;357.3500000;357.3500000;12900
TATN;5;20160413;130000;357.7500000;358.0000000;357.0500000;357.9500000;16980
TATN;5;20160413;130500;357.8500000;357.9500000;357.3000000;357.7500000;14900
TATN;5;20160413;131000;357.7000000;358.0000000;357.6000000;357.8500000;43180
TATN;5;20160413;131500;357.8500000;358.0000000;357.5500000;358.0000000;12120
TATN;5;20160413;132000;358.0000000;358.0000000;357.7500000;357.9500000;5160
TATN;5;20160413;132500;357.9500000;358.0000000;357.8500000;358.0000000;8110
TATN;5;20160413;133000;358.0000000;358.4500000;357.6500000;358.2500000;42490
TATN;5;20160413;133500;358.2500000;358.5000000;357.9000000;358.5000000;17280
TATN;5;20160413;134000;358.5000000;358.6500000;358.2000000;358.3500000;17530
TATN;5;20160413;134500;358.6000000;358.8000000;358.5000000;358.7500000;5670
TATN;5;20160413;135000;358.7500000;359.5000000;358.3000000;358.3000000;40760
TATN;5;20160413;135500;358.4500000;358.4500000;356.3000000;356.8000000;79310
TATN;5;20160413;140000;356.8000000;356.8000000;356.3500000;356.8000000;200140
TATN;5;20160413;140500;356.8000000;357.6000000;356.8000000;357.6000000;15030
TATN;5;20160413;141000;357.5500000;358.1000000;357.4000000;358.0000000;12320
TATN;5;20160413;141500;358.0000000;358.7000000;357.8000000;358.4500000;10490
TATN;5;20160413;142000;358.4500000;358.6000000;357.9500000;358.5000000;4630
TATN;5;20160413;142500;358.5000000;358.6000000;358.0500000;358.6000000;7930
TATN;5;20160413;143000;358.5500000;358.5500000;358.0000000;358.4500000;6800
TATN;5;20160413;143500;358.4500000;358.9500000;358.3500000;358.9500000;8020
TATN;5;20160413;144000;358.9500000;359.1500000;358.8000000;359.0500000;4420
TATN;5;20160413;144500;359.0500000;359.3500000;358.6000000;359.3000000;5380
TATN;5;20160413;145000;359.3000000;359.5000000;358.7500000;358.9000000;15670
TATN;5;20160413;145500;358.9000000;359.0000000;358.9000000;359.0000000;22730
TATN;5;20160413;150000;359.0000000;359.0000000;358.8500000;359.0000000;17940
TATN;5;20160413;150500;359.0000000;359.7000000;358.7500000;359.0000000;20820
TATN;5;20160413;151000;359.0000000;359.0000000;358.0000000;358.7000000;6700
TATN;5;20160413;151500;358.7000000;358.9500000;358.3500000;358.8000000;3920
TATN;5;20160413;152000;358.8000000;358.9000000;358.5000000;358.8500000;3940
TATN;5;20160413;152500;358.8000000;359.0000000;358.3500000;358.9500000;12330
TATN;5;20160413;153000;358.9500000;359.0000000;358.9500000;358.9500000;3130
TATN;5;20160413;153500;358.9500000;359.0000000;358.5000000;358.9500000;14540
TATN;5;20160413;154000;358.9500000;359.0000000;358.7000000;359.0000000;1650
TATN;5;20160413;154500;359.0000000;359.0000000;358.5000000;358.7500000;3720
TATN;5;20160413;155000;358.7500000;358.7500000;358.0000000;358.6500000;4740
TATN;5;20160413;155500;358.6500000;358.9000000;356.3500000;356.4500000;387040
TATN;5;20160413;160000;356.4500000;357.4500000;356.3000000;357.2500000;57170
TATN;5;20160413;160500;357.3000000;357.6500000;357.2500000;357.6500000;17790
TATN;5;20160413;161000;357.6500000;358.0000000;357.5000000;357.9500000;18630
TATN;5;20160413;161500;357.9500000;358.0000000;357.4000000;357.7500000;16150
TATN;5;20160413;162000;357.7500000;358.0000000;357.5500000;358.0000000;9660
TATN;5;20160413;162500;358.0000000;358.0000000;357.6500000;358.0000000;14400
TATN;5;20160413;163000;358.0000000;358.0000000;357.5500000;357.8000000;6900
TATN;5;20160413;163500;357.8000000;358.0000000;357.1500000;357.9500000;49830
TATN;5;20160413;164000;357.9500000;358.0000000;357.6500000;358.0000000;20910
TATN;5;20160413;164500;358.0000000;358.4500000;357.8000000;358.4500000;33130
TATN;5;20160413;165000;358.4500000;359.0000000;358.2500000;358.9500000;48330
TATN;5;20160413;165500;358.9500000;359.0000000;358.1000000;359.0000000;43820
TATN;5;20160413;170000;359.0000000;359.0000000;357.6000000;357.6000000;10240
TATN;5;20160413;170500;357.7000000;358.0500000;357.4000000;357.6500000;11550
TATN;5;20160413;171000;357.7500000;357.8000000;357.0500000;357.0500000;10020
TATN;5;20160413;171500;357.4000000;357.8500000;357.0000000;357.8500000;16450
TATN;5;20160413;172000;357.9000000;357.9000000;357.2500000;357.8500000;10440
TATN;5;20160413;172500;357.8500000;358.7000000;357.6000000;358.4500000;23080
TATN;5;20160413;173000;358.6000000;359.0000000;357.4000000;358.5500000;29700
TATN;5;20160413;173500;358.5500000;359.0000000;357.3000000;358.3500000;41790
TATN;5;20160413;174000;358.3500000;358.3500000;357.9000000;358.3000000;6830
TATN;5;20160413;174500;358.4000000;358.4000000;357.5000000;358.2500000;22640
TATN;5;20160413;175000;358.2500000;358.8000000;358.2500000;358.5000000;10430
TATN;5;20160413;175500;358.5000000;359.0000000;357.9000000;358.9500000;13230
TATN;5;20160413;180000;358.9500000;358.9500000;358.5000000;358.8500000;3170
TATN;5;20160413;180500;358.8500000;359.0000000;358.4000000;358.7000000;8010
TATN;5;20160413;181000;358.6500000;358.9500000;358.4000000;358.9500000;7060
TATN;5;20160413;181500;358.9500000;358.9500000;358.3000000;358.6000000;4430
TATN;5;20160413;182000;358.8000000;358.8000000;358.3000000;358.4500000;3130
TATN;5;20160413;182500;358.4500000;358.6500000;358.1500000;358.4500000;5850
TATN;5;20160413;183000;358.4500000;358.6500000;357.9000000;358.1500000;28600
TATN;5;20160413;183500;358.2000000;358.6500000;357.9000000;358.6500000;17770
TATN;5;20160413;184000;358.6500000;359.7000000;357.7000000;358.0500000;79400
TATN;5;20160413;185000;356.8000000;356.8000000;356.8000000;356.8000000;23900
TATN;5;20160414;100500;355.4000000;356.9500000;354.2500000;354.3000000;46630
TATN;5;20160414;101000;354.2500000;354.7500000;354.2500000;354.4500000;20550
TATN;5;20160414;101500;354.4500000;355.3500000;354.4500000;354.7500000;26280
TATN;5;20160414;102000;354.7000000;355.2500000;354.6500000;355.0000000;15450
TATN;5;20160414;102500;355.2500000;355.4500000;354.7000000;354.7000000;8430
TATN;5;20160414;103000;354.8500000;355.0500000;353.4000000;353.5000000;29620
TATN;5;20160414;103500;353.4500000;354.0000000;353.3000000;353.7000000;15410
TATN;5;20160414;104000;353.7000000;354.3000000;353.5000000;353.8500000;45810
TATN;5;20160414;104500;353.8500000;354.9000000;353.7500000;354.8000000;9270
TATN;5;20160414;105000;354.7500000;355.5000000;354.6000000;354.6000000;12040
TATN;5;20160414;105500;354.6000000;355.2000000;354.0500000;355.0500000;3230
TATN;5;20160414;110000;354.9000000;355.8000000;354.9000000;355.8000000;6450
TATN;5;20160414;110500;355.6500000;355.8500000;355.5000000;355.8000000;2600
TATN;5;20160414;111000;355.8000000;356.5000000;355.5500000;355.8500000;20690
TATN;5;20160414;111500;355.8500000;355.9500000;355.1500000;355.8000000;3210
TATN;5;20160414;112000;355.6000000;356.4000000;355.4500000;356.3500000;10150
TATN;5;20160414;112500;356.2000000;356.5000000;356.0000000;356.5000000;4950
TATN;5;20160414;113000;356.5000000;357.8000000;355.8500000;357.3000000;25700
TATN;5;20160414;113500;357.5000000;358.1500000;357.5000000;357.6500000;19400
TATN;5;20160414;114000;357.6500000;357.9500000;357.6500000;357.7500000;880
TATN;5;20160414;114500;357.8000000;358.6000000;357.5500000;358.6000000;20790
TATN;5;20160414;115000;358.7000000;359.0000000;358.5000000;358.9000000;36670
TATN;5;20160414;115500;358.9500000;359.0000000;358.7000000;358.7000000;20940
TATN;5;20160414;120000;358.9500000;358.9500000;357.2500000;357.3500000;40340
TATN;5;20160414;120500;357.7000000;358.0000000;357.4000000;357.4000000;8390
TATN;5;20160414;121000;357.6500000;357.7500000;357.2500000;357.6500000;7310
TATN;5;20160414;121500;357.6500000;358.3000000;356.8000000;356.9500000;33630
TATN;5;20160414;122000;356.9500000;357.6000000;356.9500000;357.6000000;8260
TATN;5;20160414;122500;357.3000000;357.6500000;357.2000000;357.2000000;3380
TATN;5;20160414;123000;357.4500000;357.8500000;356.6000000;356.8000000;19060
TATN;5;20160414;123500;357.1500000;357.1500000;356.1000000;356.9000000;4110
TATN;5;20160414;124000;356.7500000;356.7500000;355.0000000;355.2500000;26190
TATN;5;20160414;124500;355.2500000;356.2500000;355.2500000;356.2500000;12210
TATN;5;20160414;125000;356.1000000;356.2500000;355.9000000;356.2500000;4550
TATN;5;20160414;125500;356.2000000;356.2000000;354.5500000;354.9500000;12300
TATN;5;20160414;130000;354.6500000;355.0000000;354.3500000;354.3500000;9930
TATN;5;20160414;130500;354.3500000;354.9000000;354.3500000;354.5000000;4310
TATN;5;20160414;131000;354.5000000;355.1500000;354.5000000;354.7500000;2310
TATN;5;20160414;131500;354.7500000;355.2000000;354.7500000;355.0500000;3070
TATN;5;20160414;132000;355.1000000;355.5000000;354.7500000;355.1500000;5570
TATN;5;20160414;132500;355.0500000;355.0500000;354.6500000;354.7000000;11150
TATN;5;20160414;133000;354.7000000;354.9000000;354.5000000;354.7000000;11350
TATN;5;20160414;133500;354.6500000;354.9500000;354.5000000;354.7500000;3710
TATN;5;20160414;134000;354.7500000;355.0000000;354.5000000;354.9000000;15730
TATN;5;20160414;134500;354.6000000;355.2500000;354.5500000;355.1000000;11040
TATN;5;20160414;135000;354.9000000;355.7000000;354.6000000;355.5000000;6020
TATN;5;20160414;135500;355.2500000;355.5500000;354.6000000;354.7000000;6110
TATN;5;20160414;140000;354.7000000;354.9000000;354.5000000;354.7000000;5710
TATN;5;20160414;140500;354.5000000;354.5000000;353.6500000;354.0000000;22380
TATN;5;20160414;141000;353.8500000;354.1500000;353.5000000;353.9000000;5980
TATN;5;20160414;141500;353.7500000;353.7500000;352.3500000;352.3500000;32020
TATN;5;20160414;142000;352.3500000;353.2500000;351.0500000;351.3500000;44910
TATN;5;20160414;142500;351.4000000;351.9500000;351.1500000;351.7000000;7930
TATN;5;20160414;143000;351.8000000;352.1500000;351.6000000;352.1000000;15020
TATN;5;20160414;143500;352.0000000;352.6500000;352.0000000;352.5000000;3740
TATN;5;20160414;144000;352.3500000;352.6000000;352.3000000;352.3000000;1530
TATN;5;20160414;144500;352.3000000;352.6500000;351.7500000;351.8000000;9130
TATN;5;20160414;145000;351.8000000;351.8500000;351.7000000;351.8500000;1020
TATN;5;20160414;145500;351.7000000;352.0500000;351.7000000;351.7000000;10100
TATN;5;20160414;150000;351.7000000;352.0500000;350.3500000;350.3500000;37020
TATN;5;20160414;150500;350.3500000;350.5500000;349.5500000;350.2500000;48750
TATN;5;20160414;151000;350.3500000;351.2000000;350.3500000;350.8500000;15580
TATN;5;20160414;151500;350.7000000;352.1000000;350.7000000;351.2500000;24590
TATN;5;20160414;152000;351.1500000;351.4500000;351.1000000;351.3500000;3110
TATN;5;20160414;152500;351.2500000;351.2500000;350.2500000;350.6000000;16920
TATN;5;20160414;153000;350.5000000;350.6500000;350.0000000;350.5500000;46710
TATN;5;20160414;153500;350.6000000;351.4000000;350.5000000;350.8000000;15510
TATN;5;20160414;154000;350.8000000;351.2500000;350.7500000;351.1000000;6410
TATN;5;20160414;154500;351.0500000;351.1500000;350.3000000;350.4000000;22390
TATN;5;20160414;155000;350.5500000;350.6000000;350.3500000;350.5000000;2150
TATN;5;20160414;155500;350.3500000;350.5500000;350.2000000;350.2500000;8350
TATN;5;20160414;160000;350.2500000;350.4000000;350.0000000;350.0000000;51500
TATN;5;20160414;160500;350.0500000;350.1000000;348.1500000;348.9500000;138180
TATN;5;20160414;161000;348.6000000;348.9000000;348.4000000;348.6500000;18640
TATN;5;20160414;161500;348.4500000;349.7500000;348.4000000;349.1000000;15670
TATN;5;20160414;162000;349.1000000;349.8000000;348.5500000;349.8000000;7190
TATN;5;20160414;162500;349.7500000;350.3500000;349.2500000;349.7500000;13860
TATN;5;20160414;163000;350.4000000;350.4500000;349.1000000;349.1000000;8960
TATN;5;20160414;163500;349.1000000;349.8000000;348.7500000;349.5000000;7000
TATN;5;20160414;164000;349.5000000;349.9000000;348.9000000;349.3000000;8730
TATN;5;20160414;164500;349.3000000;350.2000000;348.5000000;349.7000000;38170
TATN;5;20160414;165000;349.8000000;350.4000000;349.4000000;349.5000000;7820
TATN;5;20160414;165500;349.9500000;349.9500000;348.9000000;349.4000000;20150
TATN;5;20160414;170000;349.5000000;350.0000000;348.1000000;348.2000000;81680
TATN;5;20160414;170500;348.5500000;348.5500000;348.0000000;348.3500000;22710
TATN;5;20160414;171000;348.5000000;348.5000000;348.0000000;348.1500000;9810
TATN;5;20160414;171500;348.1000000;348.1000000;347.6000000;347.7000000;71190
TATN;5;20160414;172000;347.7500000;347.9500000;347.2000000;347.2000000;79100
TATN;5;20160414;172500;347.2000000;347.5500000;346.7000000;346.8000000;20380
TATN;5;20160414;173000;346.8000000;347.5500000;346.6000000;347.1000000;37690
TATN;5;20160414;173500;347.0000000;347.0000000;346.2000000;346.2000000;29360
TATN;5;20160414;174000;346.2000000;346.4000000;345.2000000;345.3000000;62810
TATN;5;20160414;174500;345.3000000;346.3500000;345.2000000;345.9500000;35360
TATN;5;20160414;175000;345.8000000;346.4500000;345.6000000;345.9000000;29410
TATN;5;20160414;175500;345.9000000;346.8000000;345.8500000;346.1000000;9090
TATN;5;20160414;180000;346.1000000;346.4000000;346.0500000;346.4000000;9800
TATN;5;20160414;180500;346.2500000;346.6000000;346.0000000;346.5500000;8800
TATN;5;20160414;181000;346.5000000;348.8500000;346.5000000;348.8500000;49940
TATN;5;20160414;181500;348.8500000;349.0000000;348.5000000;348.5000000;25700
TATN;5;20160414;182000;348.5000000;349.0000000;348.5000000;349.0000000;5660
TATN;5;20160414;182500;348.9000000;348.9000000;348.1000000;348.3000000;11530
TATN;5;20160414;183000;348.4000000;348.6000000;348.0500000;348.4500000;5810
TATN;5;20160414;183500;348.4000000;348.7500000;348.4000000;348.4000000;5400
TATN;5;20160414;184000;348.7000000;350.7500000;348.6500000;350.3000000;96620
TATN;5;20160414;185000;350.3000000;350.3000000;350.3000000;350.3000000;41670
TATN;5;20160415;100500;348.0500000;348.8000000;347.4000000;348.2500000;39510
TATN;5;20160415;101000;348.1000000;348.2000000;346.5000000;347.0500000;27020
TATN;5;20160415;101500;347.0500000;347.4500000;346.6000000;346.9000000;18860
TATN;5;20160415;102000;346.9000000;347.7500000;346.5500000;347.7500000;5270
TATN;5;20160415;102500;347.7500000;349.4500000;347.7500000;349.4000000;18090
TATN;5;20160415;103000;349.5500000;350.9000000;349.4000000;350.9000000;8280
TATN;5;20160415;103500;350.9000000;351.1500000;350.5000000;350.6500000;11740
TATN;5;20160415;104000;350.6500000;351.1000000;350.5000000;350.5000000;5050
TATN;5;20160415;104500;350.6500000;351.1000000;350.3500000;350.6500000;6360
TATN;5;20160415;105000;350.4000000;350.5500000;350.2000000;350.2000000;3730
TATN;5;20160415;105500;350.3000000;351.1500000;350.0000000;351.1500000;14020
TATN;5;20160415;110000;351.2500000;351.5000000;350.8500000;351.4500000;11990
TATN;5;20160415;110500;351.2500000;351.4500000;350.1500000;351.2500000;5780
TATN;5;20160415;111000;351.2500000;351.4000000;350.6000000;351.0500000;8100
TATN;5;20160415;111500;351.0000000;351.3000000;351.0000000;351.0500000;4420
TATN;5;20160415;112000;350.8000000;350.9000000;349.3000000;350.3000000;8130
TATN;5;20160415;112500;350.1000000;350.4500000;350.1000000;350.1000000;2210
TATN;5;20160415;113000;350.1500000;350.1500000;348.6000000;349.1000000;4430
TATN;5;20160415;113500;348.8500000;348.8500000;348.1000000;348.4000000;4120
TATN;5;20160415;114000;348.2000000;349.2000000;348.2000000;349.2000000;5930
TATN;5;20160415;114500;349.2000000;349.5500000;349.2000000;349.4000000;870
TATN;5;20160415;115000;349.3500000;349.3500000;347.5000000;347.8000000;22440
TATN;5;20160415;115500;347.5500000;348.2500000;347.5500000;348.0000000;2700
TATN;5;20160415;120000;347.9000000;348.2000000;347.8000000;348.2000000;4120
TATN;5;20160415;120500;348.2000000;348.2000000;347.8000000;347.9500000;1950
TATN;5;20160415;121000;347.8500000;348.2500000;347.8500000;348.2500000;1680
TATN;5;20160415;121500;347.8500000;348.5000000;347.8000000;348.5000000;4100
TATN;5;20160415;122000;348.5000000;348.5000000;347.9000000;348.4000000;5760
TATN;5;20160415;122500;348.4000000;348.4000000;348.0500000;348.0500000;1860
TATN;5;20160415;123000;347.9500000;348.1000000;347.8500000;348.0500000;1750
TATN;5;20160415;123500;348.0500000;348.3000000;348.0000000;348.3000000;1040
TATN;5;20160415;124000;348.2500000;348.2500000;348.1500000;348.1500000;300
TATN;5;20160415;124500;348.0000000;349.0000000;348.0000000;349.0000000;4570
TATN;5;20160415;125000;348.9000000;349.7500000;348.9000000;349.7000000;4150
TATN;5;20160415;125500;349.3000000;349.8000000;349.0500000;349.7500000;2580
TATN;5;20160415;130000;349.6000000;350.0000000;349.4500000;349.9500000;4300
TATN;5;20160415;130500;350.0000000;350.0500000;349.3000000;349.8000000;5750
TATN;5;20160415;131000;349.7500000;350.7500000;349.7500000;350.7500000;4340
TATN;5;20160415;131500;350.7500000;350.9500000;350.5500000;350.9000000;5030
TATN;5;20160415;132000;350.4500000;350.9500000;350.4500000;350.8000000;2690
TATN;5;20160415;132500;350.6000000;351.0000000;350.6000000;350.9500000;16130
TATN;5;20160415;133000;351.0000000;351.6000000;350.6000000;351.6000000;23040
TATN;5;20160415;133500;351.6000000;352.0000000;351.6000000;351.9000000;10620
TATN;5;20160415;134000;351.9000000;352.4500000;351.6500000;352.4000000;11190
TATN;5;20160415;134500;352.4000000;352.7000000;352.1500000;352.2500000;18710
TATN;5;20160415;135000;352.5500000;352.6500000;351.9500000;352.4000000;11630
TATN;5;20160415;135500;352.1500000;352.5500000;351.9000000;351.9000000;4920
TATN;5;20160415;140000;351.9000000;352.5500000;351.9000000;352.4000000;5950
TATN;5;20160415;140500;352.4000000;352.5000000;352.2000000;352.2000000;930
TATN;5;20160415;141000;352.5000000;352.5000000;351.5000000;351.6000000;7130
TATN;5;20160415;141500;351.5500000;351.9000000;351.5500000;351.5500000;3810
TATN;5;20160415;142000;351.8500000;352.2500000;351.6500000;352.2000000;3430
TATN;5;20160415;142500;351.7000000;351.7000000;351.3500000;351.6500000;780
TATN;5;20160415;143000;351.5000000;351.5000000;351.2000000;351.2000000;2050
TATN;5;20160415;143500;351.2000000;351.9500000;351.1000000;351.8000000;5390
TATN;5;20160415;144000;351.8000000;352.0000000;351.8000000;351.8000000;2260
TATN;5;20160415;144500;351.9500000;352.4000000;351.9000000;352.4000000;3780
TATN;5;20160415;145000;352.4500000;352.7000000;352.4500000;352.4500000;7400
TATN;5;20160415;145500;352.4500000;352.4500000;350.0500000;350.3000000;11990
TATN;5;20160415;150000;350.4500000;351.0500000;350.4500000;350.8500000;2240
TATN;5;20160415;150500;350.8500000;350.8500000;349.8000000;349.8500000;5890
TATN;5;20160415;151000;349.9000000;349.9000000;349.8000000;349.8000000;1450
TATN;5;20160415;151500;349.7000000;350.8000000;349.6000000;350.2500000;7400
TATN;5;20160415;152000;350.2500000;350.2500000;349.7500000;349.8000000;11540
TATN;5;20160415;152500;349.7500000;349.8000000;348.7500000;348.7500000;7200
TATN;5;20160415;153000;348.7500000;348.9000000;348.3000000;348.9000000;6020
TATN;5;20160415;153500;349.1500000;349.5500000;349.1500000;349.5500000;240
TATN;5;20160415;154000;349.1500000;349.1500000;349.0000000;349.0000000;2220
TATN;5;20160415;154500;348.9500000;348.9500000;348.2000000;348.5000000;17390
TATN;5;20160415;155000;348.2000000;349.3000000;348.1000000;349.2000000;7530
TATN;5;20160415;155500;349.1000000;349.9500000;349.1000000;349.9500000;4520
TATN;5;20160415;160000;349.8500000;349.8500000;348.9000000;349.0000000;3170
TATN;5;20160415;160500;349.0000000;349.0500000;348.7000000;348.9500000;2140
TATN;5;20160415;161000;348.8500000;348.8500000;348.8500000;348.8500000;60
TATN;5;20160415;161500;349.0000000;349.1500000;348.9500000;349.1500000;1100
TATN;5;20160415;162000;348.8500000;348.8500000;348.8500000;348.8500000;50
TATN;5;20160415;162500;348.8500000;349.7000000;348.7000000;349.6500000;2600
TATN;5;20160415;163000;349.7000000;349.8500000;349.3500000;349.3500000;440
TATN;5;20160415;163500;349.3500000;349.9000000;349.3500000;349.5500000;2050
TATN;5;20160415;164000;349.3000000;349.3000000;348.5000000;348.8000000;19480
TATN;5;20160415;164500;348.5500000;348.6000000;348.0500000;348.1000000;9870
TATN;5;20160415;165000;348.3000000;348.3000000;347.2500000;347.2500000;5920
TATN;5;20160415;165500;347.2500000;347.7000000;347.0000000;347.0500000;10190
TATN;5;20160415;170000;347.2500000;347.9000000;347.2500000;347.8000000;3960
TATN;5;20160415;170500;347.5000000;347.5000000;346.8000000;347.0000000;19900
TATN;5;20160415;171000;346.9500000;347.2000000;346.1500000;346.1500000;31080
TATN;5;20160415;171500;346.3500000;346.8000000;346.2000000;346.2000000;21260
TATN;5;20160415;172000;346.1500000;346.6500000;345.8000000;346.4000000;37690
TATN;5;20160415;172500;346.3500000;346.8000000;346.2000000;346.7500000;7230
TATN;5;20160415;173000;346.5500000;347.0000000;346.3000000;347.0000000;11960
TATN;5;20160415;173500;346.9500000;347.3000000;346.9000000;347.2500000;5430
TATN;5;20160415;174000;347.2000000;347.3500000;347.1500000;347.3500000;2940
TATN;5;20160415;174500;347.2500000;347.2500000;346.8000000;346.8000000;2700
TATN;5;20160415;175000;346.6000000;346.7500000;346.2500000;346.2500000;7720
TATN;5;20160415;175500;346.3000000;346.8500000;346.2000000;346.7000000;6480
TATN;5;20160415;180000;346.6000000;347.0000000;346.3500000;346.5500000;7750
TATN;5;20160415;180500;346.5500000;346.5500000;346.1500000;346.1500000;7600
TATN;5;20160415;181000;346.1000000;346.7000000;346.0000000;346.2000000;20200
TATN;5;20160415;181500;346.2000000;346.3500000;346.1000000;346.1000000;5510
TATN;5;20160415;182000;346.1000000;346.1000000;345.8000000;345.8500000;16220
TATN;5;20160415;182500;346.0000000;348.4000000;345.9500000;347.6000000;41300
TATN;5;20160415;183000;347.5000000;348.1000000;346.8500000;347.0000000;36700
TATN;5;20160415;183500;347.0000000;347.2500000;346.3000000;346.8000000;45900
TATN;5;20160415;184000;346.8500000;348.0500000;346.3000000;346.6500000;81920
TATN;5;20160415;185000;348.4000000;348.4000000;348.4000000;348.4000000;77340
TATN;5;20160418;100500;345.5500000;346.8000000;345.5500000;346.6000000;50980
TATN;5;20160418;101000;346.6000000;346.6000000;345.5000000;346.1500000;30410
TATN;5;20160418;101500;346.1500000;347.4000000;345.9000000;347.1500000;25010
TATN;5;20160418;102000;347.1500000;347.4000000;345.7500000;346.4500000;13860
TATN;5;20160418;102500;346.6500000;346.7000000;346.3500000;346.6000000;10160
TATN;5;20160418;103000;346.5000000;346.5000000;344.2500000;344.2500000;55050
TATN;5;20160418;103500;344.2500000;346.2000000;344.2500000;345.6000000;43740
TATN;5;20160418;104000;345.6500000;345.7500000;344.6000000;345.3500000;37180
TATN;5;20160418;104500;345.4500000;345.7000000;344.5500000;344.6500000;19960
TATN;5;20160418;105000;344.5500000;345.2000000;344.0500000;344.8500000;26660
TATN;5;20160418;105500;344.7500000;345.8500000;344.4000000;344.9000000;28330
TATN;5;20160418;110000;345.0000000;345.4500000;344.0500000;344.9000000;18600
TATN;5;20160418;110500;344.9000000;345.9500000;344.3500000;345.9500000;18890
TATN;5;20160418;111000;345.7500000;345.9000000;344.5500000;344.5500000;21530
TATN;5;20160418;111500;344.5500000;344.8000000;344.5000000;344.5000000;16710
TATN;5;20160418;112000;344.3000000;346.0000000;344.0500000;344.4500000;44650
TATN;5;20160418;112500;344.4000000;345.3500000;344.0500000;344.5500000;23830
TATN;5;20160418;113000;344.7500000;345.1000000;344.2500000;344.2500000;7590
TATN;5;20160418;113500;344.2500000;344.8000000;344.1000000;344.5000000;4390
TATN;5;20160418;114000;344.5500000;345.1000000;344.5500000;344.5500000;11430
TATN;5;20160418;114500;344.5500000;344.7500000;344.5000000;344.6000000;3550
TATN;5;20160418;115000;344.5000000;344.9000000;343.7000000;344.0000000;18800
TATN;5;20160418;115500;344.1000000;344.1000000;343.6000000;343.7500000;23650
TATN;5;20160418;120000;343.8000000;343.8000000;343.3500000;343.3500000;19590
TATN;5;20160418;120500;343.3500000;344.5500000;342.0000000;342.8500000;61470
TATN;5;20160418;121000;342.8500000;344.7000000;342.7000000;342.7000000;31070
TATN;5;20160418;121500;342.9000000;343.8500000;342.8000000;343.3000000;15660
TATN;5;20160418;122000;343.3500000;343.3500000;343.0000000;343.0000000;19830
TATN;5;20160418;122500;343.0000000;343.8000000;342.7500000;342.7500000;23820
TATN;5;20160418;123000;343.0000000;343.9500000;343.0000000;343.1000000;17340
TATN;5;20160418;123500;343.5000000;343.9500000;343.5000000;343.9500000;1460
TATN;5;20160418;124000;343.9500000;343.9500000;343.1500000;343.3000000;2280
TATN;5;20160418;124500;343.2500000;343.2500000;342.8000000;343.0500000;19740
TATN;5;20160418;125000;343.3500000;344.1500000;343.3500000;343.8500000;2580
TATN;5;20160418;125500;343.5000000;343.7500000;343.2000000;343.4000000;4420
TATN;5;20160418;130000;343.1000000;343.2000000;342.9500000;342.9500000;6480
TATN;5;20160418;130500;343.0500000;343.7000000;343.0500000;343.7000000;1630
TATN;5;20160418;131000;343.7000000;343.7000000;342.9000000;342.9000000;2050
TATN;5;20160418;131500;342.9000000;343.6000000;342.9000000;343.5000000;3780
TATN;5;20160418;132000;343.1500000;343.1500000;343.0000000;343.1500000;450
TATN;5;20160418;132500;343.0500000;343.1000000;342.9000000;343.1000000;1450
TATN;5;20160418;133000;343.1000000;343.9000000;343.0500000;343.3500000;22690
TATN;5;20160418;133500;343.4000000;343.5500000;343.0000000;343.0000000;5530
TATN;5;20160418;134000;343.0500000;343.2500000;342.5000000;342.5000000;9120
TATN;5;20160418;134500;342.5500000;342.9000000;342.1000000;342.1000000;25520
TATN;5;20160418;135000;342.2500000;342.7000000;342.1000000;342.6000000;6440
TATN;5;20160418;135500;342.6500000;342.6500000;341.7500000;342.5500000;30110
TATN;5;20160418;140000;342.5500000;342.5500000;341.8000000;342.2500000;4610
TATN;5;20160418;140500;342.2500000;342.3500000;341.9000000;341.9000000;150
TATN;5;20160418;141000;341.9500000;342.2000000;341.8500000;342.1500000;780
TATN;5;20160418;141500;341.9000000;341.9000000;341.5500000;341.9000000;10970
TATN;5;20160418;142000;341.7500000;343.1000000;341.5000000;342.6500000;11550
TATN;5;20160418;142500;342.5500000;342.5500000;342.1500000;342.1500000;1310
TATN;5;20160418;143000;342.1500000;342.1500000;341.5500000;341.8000000;7170
TATN;5;20160418;143500;341.5500000;342.6000000;341.5000000;341.8000000;7550
TATN;5;20160418;144000;342.3000000;342.5000000;341.8000000;342.5000000;170
TATN;5;20160418;144500;342.0500000;342.0500000;341.8500000;341.8500000;820
TATN;5;20160418;145000;341.8500000;342.5500000;341.6500000;341.9000000;5910
TATN;5;20160418;145500;341.9000000;342.4500000;341.7500000;342.4000000;4150
TATN;5;20160418;150000;341.9000000;342.1500000;341.7000000;341.7000000;1840
TATN;5;20160418;150500;341.6500000;341.9000000;341.6000000;341.7500000;1560
TATN;5;20160418;151000;341.7000000;341.8000000;341.2000000;341.5000000;19230
TATN;5;20160418;151500;341.5000000;341.5500000;341.0000000;341.0500000;23800
TATN;5;20160418;152000;341.0500000;341.3500000;340.7500000;340.9000000;8310
TATN;5;20160418;152500;341.0000000;341.0000000;340.6000000;340.7000000;6600
TATN;5;20160418;153000;340.8500000;341.5500000;340.6000000;341.0500000;10550
TATN;5;20160418;153500;341.1500000;342.1500000;340.8500000;341.8500000;18450
TATN;5;20160418;154000;341.3500000;342.0500000;341.0000000;341.0500000;7350
TATN;5;20160418;154500;341.3000000;341.3500000;340.6000000;341.1500000;12550
TATN;5;20160418;155000;340.6500000;341.2000000;340.2000000;340.2500000;28490
TATN;5;20160418;155500;340.2500000;340.7000000;340.0000000;340.0500000;28470
TATN;5;20160418;160000;340.3000000;340.9000000;340.3000000;340.8000000;4460
TATN;5;20160418;160500;340.4000000;340.6500000;340.0000000;340.0500000;13770
TATN;5;20160418;161000;340.1000000;340.2500000;340.0000000;340.0000000;5220
TATN;5;20160418;161500;340.0500000;340.2500000;340.0000000;340.0500000;5280
TATN;5;20160418;162000;340.2000000;340.7000000;340.2000000;340.3000000;6310
TATN;5;20160418;162500;340.3500000;340.5500000;340.0500000;340.5500000;4280
TATN;5;20160418;163000;340.3500000;340.3500000;340.0000000;340.1500000;10390
TATN;5;20160418;163500;340.0500000;340.0500000;338.5000000;339.0000000;33370
TATN;5;20160418;164000;339.2000000;339.9500000;338.3500000;338.3500000;39510
TATN;5;20160418;164500;338.7000000;339.0000000;338.0000000;338.0000000;31760
TATN;5;20160418;165000;338.3500000;338.7000000;337.7500000;338.4500000;16050
TATN;5;20160418;165500;338.5500000;338.6500000;338.0500000;338.2000000;8910
TATN;5;20160418;170000;338.2500000;338.7000000;337.8000000;338.1500000;10700
TATN;5;20160418;170500;338.1500000;338.8000000;337.8000000;338.7000000;21410
TATN;5;20160418;171000;338.7000000;338.9000000;338.5500000;338.8500000;9110
TATN;5;20160418;171500;338.8500000;339.5000000;338.5000000;338.8500000;17380
TATN;5;20160418;172000;338.8500000;339.2500000;338.1000000;338.1000000;8070
TATN;5;20160418;172500;338.1000000;338.6500000;337.9000000;338.6500000;6240
TATN;5;20160418;173000;338.7000000;339.6000000;338.7000000;339.0500000;11780
TATN;5;20160418;173500;339.4500000;339.8500000;339.1500000;339.1500000;8040
TATN;5;20160418;174000;339.3000000;339.4500000;338.1500000;338.5000000;8270
TATN;5;20160418;174500;338.5000000;338.9000000;338.2500000;338.2500000;4890
TATN;5;20160418;175000;338.3500000;338.4500000;338.2000000;338.2000000;2870
TATN;5;20160418;175500;338.2000000;339.6500000;338.1500000;339.6500000;6990
TATN;5;20160418;180000;339.5500000;340.4500000;339.2000000;339.5000000;8780
TATN;5;20160418;180500;339.5000000;339.5000000;338.3000000;338.5000000;8690
TATN;5;20160418;181000;338.5500000;339.5000000;338.5500000;339.1000000;4340
TATN;5;20160418;181500;339.4500000;340.9500000;339.2500000;340.9500000;13500
TATN;5;20160418;182000;340.9500000;341.9500000;340.0000000;340.8500000;23930
TATN;5;20160418;182500;340.8500000;341.8000000;340.8500000;341.2500000;18660
TATN;5;20160418;183000;341.2500000;342.9000000;341.2500000;342.8500000;20080
TATN;5;20160418;183500;342.8500000;343.6500000;342.0500000;343.5000000;57800
TATN;5;20160418;184000;343.5000000;344.4500000;340.7000000;342.8500000;215960
TATN;5;20160418;185000;344.5000000;344.5000000;344.5000000;344.5000000;100700
TATN;5;20160419;100500;345.5000000;345.5000000;343.2000000;345.0000000;58140
TATN;5;20160419;101000;345.0000000;345.0000000;343.9500000;343.9500000;33160
TATN;5;20160419;101500;344.0000000;344.3000000;343.2000000;343.5500000;46450
TATN;5;20160419;102000;343.3500000;344.4000000;343.0000000;344.4000000;69210
TATN;5;20160419;102500;344.3000000;344.4500000;343.0500000;343.2000000;33500
TATN;5;20160419;103000;343.5000000;343.5500000;343.1000000;343.2500000;6280
TATN;5;20160419;103500;343.2500000;343.8500000;343.0500000;343.2500000;18630
TATN;5;20160419;104000;343.2500000;343.7000000;342.6000000;343.3000000;27570
TATN;5;20160419;104500;343.1500000;344.6500000;342.5500000;344.1000000;40500
TATN;5;20160419;105000;343.7500000;344.8000000;343.4500000;344.7500000;9680
TATN;5;20160419;105500;344.7000000;346.0000000;344.3500000;345.7500000;25500
TATN;5;20160419;110000;345.9000000;345.9000000;343.9000000;344.2000000;20190
TATN;5;20160419;110500;344.2500000;346.8000000;344.2500000;346.6500000;38660
TATN;5;20160419;111000;346.6000000;347.0000000;346.1000000;346.9500000;40460
TATN;5;20160419;111500;347.0000000;347.3000000;345.3000000;345.3000000;25240
TATN;5;20160419;112000;345.4500000;346.2500000;345.2500000;346.0500000;15750
TATN;5;20160419;112500;346.0500000;346.3000000;344.3500000;344.8500000;23920
TATN;5;20160419;113000;344.7000000;345.6500000;344.4500000;345.2500000;13660
TATN;5;20160419;113500;345.4000000;346.0500000;345.0500000;345.9500000;22780
TATN;5;20160419;114000;345.9500000;346.3000000;345.6500000;346.2000000;9360
TATN;5;20160419;114500;346.3000000;346.3000000;345.6000000;346.0000000;9800
TATN;5;20160419;115000;346.0000000;346.1500000;345.2500000;345.2500000;5680
TATN;5;20160419;115500;345.6500000;345.6500000;344.2000000;344.7000000;14240
TATN;5;20160419;120000;344.7000000;344.7000000;344.1000000;344.2500000;6420
TATN;5;20160419;120500;344.2500000;345.1000000;344.1500000;344.8500000;8190
TATN;5;20160419;121000;344.9500000;346.5000000;344.8000000;345.7000000;24100
TATN;5;20160419;121500;346.2000000;346.3500000;345.5000000;345.7000000;6400
TATN;5;20160419;122000;345.7000000;346.7500000;345.7000000;346.2000000;19780
TATN;5;20160419;122500;346.5500000;347.2000000;346.1500000;347.2000000;17990
TATN;5;20160419;123000;347.2000000;347.2500000;347.0000000;347.2500000;12450
TATN;5;20160419;123500;347.2500000;347.8500000;346.7500000;347.8500000;18740
TATN;5;20160419;124000;347.7500000;348.0000000;347.3500000;347.9000000;15950
TATN;5;20160419;124500;347.9500000;349.0000000;347.4500000;348.8000000;27370
TATN;5;20160419;125000;348.7000000;349.6000000;348.5000000;349.6000000;21930
TATN;5;20160419;125500;349.6000000;349.8000000;348.7500000;349.2000000;20140
TATN;5;20160419;130000;349.4500000;350.5000000;348.8500000;350.3500000;31720
TATN;5;20160419;130500;350.4000000;350.6500000;350.1500000;350.3000000;3860
TATN;5;20160419;131000;350.3000000;350.6500000;348.7000000;348.9500000;21370
TATN;5;20160419;131500;348.9500000;349.8000000;348.1500000;349.8000000;3960
TATN;5;20160419;132000;349.8000000;350.4000000;349.7500000;350.2000000;10770
TATN;5;20160419;132500;350.2000000;350.2000000;348.9000000;349.3500000;4000
TATN;5;20160419;133000;349.3500000;351.0500000;349.3500000;350.8500000;19470
TATN;5;20160419;133500;351.0000000;351.0000000;350.5500000;350.7000000;6270
TATN;5;20160419;134000;350.7000000;350.7000000;349.3000000;349.3000000;1610
TATN;5;20160419;134500;349.2500000;349.5000000;348.7500000;349.5000000;3020
TATN;5;20160419;135000;349.7500000;349.7500000;348.7500000;348.7500000;7230
TATN;5;20160419;135500;349.0500000;349.0500000;348.6500000;348.6500000;1090
TATN;5;20160419;140000;348.6500000;350.3000000;348.6500000;349.7000000;8650
TATN;5;20160419;141000;349.5000000;350.6500000;349.4000000;350.0500000;20080
TATN;5;20160419;141500;350.6000000;350.6000000;349.4000000;349.6000000;7440
TATN;5;20160419;142000;349.3500000;349.6000000;349.1000000;349.1000000;7170
TATN;5;20160419;142500;349.0000000;349.0500000;348.6000000;348.6000000;2340
TATN;5;20160419;143000;348.4500000;348.5000000;348.4000000;348.5000000;1630
TATN;5;20160419;143500;348.5000000;349.5500000;348.1500000;349.5500000;4720
TATN;5;20160419;144000;349.6500000;349.9000000;349.6500000;349.6500000;1980
TATN;5;20160419;144500;349.4500000;349.5500000;348.9500000;349.0000000;1540
TATN;5;20160419;145000;349.0000000;349.4000000;348.7500000;349.4000000;3900
TATN;5;20160419;145500;349.4000000;349.4500000;348.8000000;348.8000000;770
TATN;5;20160419;150000;349.2500000;349.9000000;349.2500000;349.4000000;5970
TATN;5;20160419;150500;349.8000000;350.5500000;349.8000000;350.1500000;19500
TATN;5;20160419;151000;350.1000000;350.1000000;350.0000000;350.0000000;8080
TATN;5;20160419;151500;350.0000000;350.3500000;350.0000000;350.2500000;10510
TATN;5;20160419;152000;350.1500000;350.5500000;350.0000000;350.5500000;21610
TATN;5;20160419;152500;350.4500000;352.3500000;350.3500000;351.0500000;57680
TATN;5;20160419;153000;351.0000000;351.9500000;351.0000000;351.9500000;7910
TATN;5;20160419;153500;351.5000000;352.1000000;351.0500000;351.8500000;9380
TATN;5;20160419;154000;351.3000000;351.3000000;349.3500000;349.6500000;12160
TATN;5;20160419;154500;349.6500000;350.3500000;349.5500000;349.6000000;2040
TATN;5;20160419;155000;349.5000000;349.8000000;348.2500000;348.6000000;18360
TATN;5;20160419;155500;348.6000000;349.0000000;348.1000000;348.1500000;13500
TATN;5;20160419;160000;348.1500000;348.1500000;345.0000000;345.6000000;56160
TATN;5;20160419;160500;346.1500000;346.2000000;345.1000000;345.9500000;24970
TATN;5;20160419;161000;345.7000000;345.7000000;344.1000000;344.4500000;46600
TATN;5;20160419;161500;344.2000000;344.7500000;343.7500000;343.7500000;36450
TATN;5;20160419;162000;343.7500000;343.9000000;341.6500000;342.6500000;48380
TATN;5;20160419;162500;342.7500000;343.6000000;342.6500000;342.8500000;18580
TATN;5;20160419;163000;342.9000000;343.6500000;342.5000000;342.8000000;25140
TATN;5;20160419;163500;342.6500000;343.3500000;341.8500000;343.3500000;17310
TATN;5;20160419;164000;343.0500000;343.6500000;341.8500000;341.8500000;16050
TATN;5;20160419;164500;341.8500000;341.9500000;340.1000000;341.1500000;56780
TATN;5;20160419;165000;340.8500000;341.7500000;340.8500000;341.1000000;11410
TATN;5;20160419;165500;341.1500000;342.2000000;341.1500000;341.3000000;20050
TATN;5;20160419;170000;341.2000000;342.1500000;340.8500000;341.2500000;61720
TATN;5;20160419;170500;341.1500000;342.1000000;341.0500000;341.7500000;57370
TATN;5;20160419;171000;341.4000000;342.7500000;341.4000000;342.2500000;11150
TATN;5;20160419;171500;342.3000000;342.5500000;341.4500000;341.4500000;29070
TATN;5;20160419;172000;341.5000000;342.2500000;341.2500000;341.9500000;19850
TATN;5;20160419;172500;341.6000000;341.9500000;341.2000000;341.2000000;29580
TATN;5;20160419;173000;341.2000000;341.3500000;340.8000000;341.2000000;45350
TATN;5;20160419;173500;340.8500000;341.5000000;340.8500000;341.1000000;10820
TATN;5;20160419;174000;341.1000000;341.2000000;339.5000000;339.8000000;66540
TATN;5;20160419;174500;339.6500000;340.5500000;339.6000000;340.4000000;10790
TATN;5;20160419;175000;340.3500000;340.4500000;340.2000000;340.3000000;4480
TATN;5;20160419;175500;340.3500000;340.7500000;340.2500000;340.6000000;6220
TATN;5;20160419;180000;340.3000000;342.3500000;340.3000000;342.3500000;17630
TATN;5;20160419;180500;342.0000000;342.6500000;341.1500000;342.4500000;16120
TATN;5;20160419;181000;342.0500000;343.3500000;342.0500000;343.1000000;11200
TATN;5;20160419;181500;343.1000000;343.2500000;343.0000000;343.0000000;18860
TATN;5;20160419;182000;343.0000000;343.4000000;343.0000000;343.3500000;7710
TATN;5;20160419;182500;343.4000000;343.6000000;342.5500000;342.7500000;16570
TATN;5;20160419;183000;342.5500000;343.5000000;342.5000000;343.5000000;12720
TATN;5;20160419;183500;343.5000000;343.6000000;343.0000000;343.5000000;11540
TATN;5;20160419;184000;343.5000000;343.8500000;342.2500000;342.2500000;22620
TATN;5;20160419;185000;344.0000000;344.0000000;344.0000000;344.0000000;54270
TATN;5;20160420;100500;341.1500000;342.1000000;340.1000000;340.1500000;30750
TATN;5;20160420;101000;340.1500000;340.5500000;337.3000000;337.3500000;63500
TATN;5;20160420;101500;337.3000000;337.7500000;336.1000000;336.3500000;51940
TATN;5;20160420;102000;336.1000000;336.4500000;335.5500000;335.7500000;45430
TATN;5;20160420;102500;335.8500000;337.5500000;335.6500000;337.0500000;51950
TATN;5;20160420;103000;337.0000000;337.1000000;335.8500000;336.7000000;17340
TATN;5;20160420;103500;336.4500000;337.5500000;336.0000000;336.0500000;9460
TATN;5;20160420;104000;336.0500000;336.7000000;335.9500000;336.7000000;7060
TATN;5;20160420;104500;336.6500000;337.7500000;336.5000000;337.7000000;10350
TATN;5;20160420;105000;337.7000000;337.8500000;337.0000000;337.8000000;15340
TATN;5;20160420;105500;337.8500000;339.6500000;337.7000000;338.6000000;37370
TATN;5;20160420;110000;338.8000000;338.9500000;338.0000000;338.1000000;18460
TATN;5;20160420;110500;338.1000000;340.7000000;338.1000000;340.2500000;18690
TATN;5;20160420;111000;340.2500000;341.0000000;339.0500000;339.6500000;32060
TATN;5;20160420;111500;339.1000000;339.1500000;338.0000000;338.5000000;23620
TATN;5;20160420;112000;338.4500000;338.8500000;337.6000000;338.6500000;15070
TATN;5;20160420;112500;338.6000000;339.5000000;338.4000000;339.0500000;9320
TATN;5;20160420;113000;339.0000000;339.0000000;337.5500000;337.5500000;10190
TATN;5;20160420;113500;337.5500000;338.0000000;337.1000000;337.6500000;11470
TATN;5;20160420;114000;337.5500000;337.8000000;337.5500000;337.5500000;5150
TATN;5;20160420;114500;337.5500000;337.5500000;336.6500000;337.0000000;19480
TATN;5;20160420;115000;337.2500000;337.2500000;336.5500000;336.6500000;11020
TATN;5;20160420;115500;336.6000000;336.7000000;336.0500000;336.2000000;16550
TATN;5;20160420;120000;336.0500000;336.4500000;336.0500000;336.0500000;13660
TATN;5;20160420;120500;336.1500000;336.2500000;335.2500000;335.3500000;36140
TATN;5;20160420;121000;335.3000000;335.7000000;335.2000000;335.2000000;16470
TATN;5;20160420;121500;335.2500000;335.2500000;334.2500000;334.5000000;37320
TATN;5;20160420;122000;334.5500000;335.3000000;334.4000000;335.2000000;17350
TATN;5;20160420;122500;335.2000000;335.4500000;334.7000000;335.4500000;19300
TATN;5;20160420;123000;335.4500000;335.5500000;334.9500000;335.2500000;55950
TATN;5;20160420;123500;335.2500000;335.5000000;335.0000000;335.0000000;10590
TATN;5;20160420;124000;335.1000000;335.4000000;334.2000000;334.4000000;32880
TATN;5;20160420;124500;334.4000000;334.5000000;333.1500000;333.5000000;52240
TATN;5;20160420;125000;333.4000000;333.7000000;332.3500000;332.3500000;52790
TATN;5;20160420;125500;332.4500000;334.2000000;332.3500000;333.8500000;27320
TATN;5;20160420;130000;334.1000000;334.7500000;333.8000000;334.6000000;42060
TATN;5;20160420;130500;334.6500000;334.9000000;333.1500000;333.6000000;37690
TATN;5;20160420;131000;333.6000000;334.5000000;332.9000000;334.1000000;17500
TATN;5;20160420;131500;334.0500000;334.9000000;334.0500000;334.8000000;21070
TATN;5;20160420;132000;334.5500000;334.7000000;334.1500000;334.6500000;14670
TATN;5;20160420;132500;334.6500000;335.1500000;334.5000000;334.9500000;10410
TATN;5;20160420;133000;335.1500000;336.0000000;334.5000000;335.7500000;25310
TATN;5;20160420;133500;335.5500000;335.8500000;335.4000000;335.8000000;9090
TATN;5;20160420;134000;335.8000000;336.0000000;335.4500000;335.6500000;8070
TATN;5;20160420;134500;335.4500000;335.6500000;335.2000000;335.6500000;4610
TATN;5;20160420;135000;335.6000000;335.8500000;335.3500000;335.7000000;4990
TATN;5;20160420;135500;335.8500000;336.7000000;335.8500000;336.5000000;14660
TATN;5;20160420;140000;336.5500000;336.9500000;336.4500000;336.9500000;25420
TATN;5;20160420;140500;337.0000000;337.4500000;336.8000000;337.1000000;14560
TATN;5;20160420;141000;337.1500000;337.2500000;336.9500000;337.0000000;3700
TATN;5;20160420;141500;336.9000000;337.8000000;336.4500000;337.8000000;15910
TATN;5;20160420;142000;337.8000000;338.0000000;337.0000000;337.4500000;15710
TATN;5;20160420;142500;337.5500000;337.8000000;337.2000000;337.4500000;4220
TATN;5;20160420;143000;337.5500000;337.7000000;337.2000000;337.5000000;5870
TATN;5;20160420;143500;337.6500000;337.8500000;336.5000000;336.5000000;10260
TATN;5;20160420;144000;336.5000000;336.8500000;336.4000000;336.8500000;4720
TATN;5;20160420;144500;336.8500000;337.4500000;336.3000000;337.3500000;10760
TATN;5;20160420;145000;337.4000000;337.7000000;337.0000000;337.5500000;11660
TATN;5;20160420;145500;337.5000000;339.3000000;337.3000000;338.8500000;31060
TATN;5;20160420;150000;338.9500000;340.0500000;337.8500000;339.8500000;65800
TATN;5;20160420;150500;339.8500000;340.7000000;339.7000000;340.0000000;37220
TATN;5;20160420;151000;340.0000000;340.2500000;340.0000000;340.0000000;6180
TATN;5;20160420;151500;340.0500000;340.8000000;340.0500000;340.4000000;14180
TATN;5;20160420;152000;340.4000000;340.7500000;340.3500000;340.5500000;8790
TATN;5;20160420;152500;340.7500000;340.8500000;340.4000000;340.5500000;3880
TATN;5;20160420;153000;340.5500000;340.7000000;340.0000000;340.1000000;14550
TATN;5;20160420;153500;340.2500000;340.2500000;339.0500000;339.1500000;20840
TATN;5;20160420;154000;339.0000000;339.1500000;338.1000000;339.1500000;22740
TATN;5;20160420;154500;339.2000000;340.8000000;338.9000000;339.0500000;103390
TATN;5;20160420;155000;339.0500000;340.4000000;338.8000000;339.1500000;83690
TATN;5;20160420;155500;339.2500000;339.2500000;339.0500000;339.1500000;5040
TATN;5;20160420;160000;339.0500000;339.0500000;338.5000000;338.9500000;5340
TATN;5;20160420;160500;338.7500000;338.9500000;338.5000000;338.9000000;4100
TATN;5;20160420;161000;338.8000000;339.2500000;338.8000000;338.9000000;6960
TATN;5;20160420;161500;338.9500000;339.8000000;338.5500000;339.6500000;6960
TATN;5;20160420;162000;339.8000000;340.3500000;339.6000000;340.3500000;8020
TATN;5;20160420;162500;340.4500000;340.5000000;339.2500000;339.5500000;11130
TATN;5;20160420;163000;339.3500000;339.6000000;337.7000000;337.7000000;49380
TATN;5;20160420;163500;337.8500000;339.3500000;337.3000000;339.1500000;18210
TATN;5;20160420;164000;339.2500000;339.4500000;338.2000000;338.3000000;19160
TATN;5;20160420;164500;338.6000000;339.4500000;338.3000000;338.7000000;12540
TATN;5;20160420;165000;339.0000000;339.7000000;339.0000000;339.7000000;2510
TATN;5;20160420;165500;339.7500000;340.0000000;339.1000000;339.1000000;9000
TATN;5;20160420;170000;339.1000000;339.8000000;339.1000000;339.5000000;6280
TATN;5;20160420;170500;339.9500000;339.9500000;339.2000000;339.3500000;8290
TATN;5;20160420;171000;339.2000000;339.6000000;338.5000000;338.8000000;21100
TATN;5;20160420;171500;338.8000000;339.0000000;338.3000000;338.3000000;12280
TATN;5;20160420;172000;338.3000000;338.4000000;337.0500000;337.8000000;36960
TATN;5;20160420;172500;337.5000000;337.5500000;336.2500000;336.3500000;33610
TATN;5;20160420;173000;336.2500000;336.2500000;334.6000000;334.6000000;63070
TATN;5;20160420;173500;335.1000000;336.6000000;335.1000000;336.2000000;11780
TATN;5;20160420;174000;336.2000000;337.3500000;336.2000000;337.2000000;8640
TATN;5;20160420;174500;337.1500000;337.1500000;335.6000000;336.1000000;18740
TATN;5;20160420;175000;335.9000000;336.1000000;335.4000000;335.9500000;11060
TATN;5;20160420;175500;335.7500000;336.2000000;335.7500000;336.2000000;3100
TATN;5;20160420;180000;336.2000000;338.0000000;336.2000000;337.9500000;9490
TATN;5;20160420;180500;338.0000000;338.4500000;337.1000000;338.2500000;23480
TATN;5;20160420;181000;338.3500000;338.4500000;337.9500000;338.1000000;10420
TATN;5;20160420;181500;338.1000000;338.8500000;337.9500000;338.8500000;6110
TATN;5;20160420;182000;338.9000000;339.5000000;338.6000000;339.5000000;23680
TATN;5;20160420;182500;339.5500000;340.9500000;339.5000000;340.9500000;46500
TATN;5;20160420;183000;340.8000000;341.5500000;340.4500000;341.0000000;44800
TATN;5;20160420;183500;341.0000000;341.1000000;340.4000000;340.8500000;18350
TATN;5;20160420;184000;340.7000000;342.0000000;340.2500000;341.9500000;94270
TATN;5;20160420;185000;342.0000000;342.0000000;342.0000000;342.0000000;35430
TATN;5;20160421;100500;343.1000000;344.7000000;340.6000000;344.1000000;94190
TATN;5;20160421;101000;344.1000000;344.7500000;344.0000000;344.4000000;17660
TATN;5;20160421;101500;344.5000000;344.5000000;343.5000000;343.7000000;34100
TATN;5;20160421;102000;343.7000000;344.0000000;342.0000000;342.0500000;34720
TATN;5;20160421;102500;342.0000000;342.7500000;339.1500000;340.1500000;64950
TATN;5;20160421;103000;340.2000000;341.1500000;339.3000000;340.5500000;50030
TATN;5;20160421;103500;340.5000000;341.6000000;339.0000000;339.2000000;30710
TATN;5;20160421;104000;339.2000000;339.9000000;338.1000000;339.8000000;29720
TATN;5;20160421;104500;339.9000000;341.9500000;339.8500000;341.1500000;33280
TATN;5;20160421;105000;341.3000000;341.3000000;340.8500000;341.2000000;8020
TATN;5;20160421;105500;341.0500000;341.0500000;339.5000000;339.6500000;16580
TATN;5;20160421;110000;339.5500000;340.3500000;338.9000000;340.1500000;12980
TATN;5;20160421;110500;340.1500000;340.3000000;339.1500000;340.2000000;17020
TATN;5;20160421;111000;340.2000000;340.7500000;340.0500000;340.3000000;8760
TATN;5;20160421;111500;340.2000000;340.7000000;339.6500000;340.4000000;14200
TATN;5;20160421;112000;340.3000000;341.0000000;340.3000000;340.7000000;10050
TATN;5;20160421;112500;340.5000000;340.5000000;339.0500000;339.6000000;15260
TATN;5;20160421;113000;339.4500000;340.4000000;339.4500000;339.7500000;12660
TATN;5;20160421;113500;339.7000000;339.7000000;338.7500000;338.9000000;9960
TATN;5;20160421;114000;338.9500000;339.8500000;338.9000000;339.8500000;20310
TATN;5;20160421;114500;339.7000000;340.6000000;339.6500000;340.6000000;8190
TATN;5;20160421;115000;340.6500000;340.6500000;339.5000000;340.5000000;10640
TATN;5;20160421;115500;340.5000000;340.9000000;340.4500000;340.5500000;8440
TATN;5;20160421;120000;340.3500000;340.8500000;340.1000000;340.1000000;11720
TATN;5;20160421;120500;340.1500000;342.0000000;340.1000000;341.6500000;23240
TATN;5;20160421;121000;341.9000000;342.1500000;341.2000000;341.8000000;17100
TATN;5;20160421;121500;341.9500000;342.1500000;341.0500000;341.4000000;15790
TATN;5;20160421;122000;341.1000000;342.0000000;340.6000000;342.0000000;8080
TATN;5;20160421;122500;341.8500000;341.8500000;340.4500000;340.6000000;21190
TATN;5;20160421;123000;340.6000000;341.2500000;340.4500000;340.4500000;5070
TATN;5;20160421;123500;340.6500000;342.4000000;340.6500000;341.3000000;31940
TATN;5;20160421;124000;341.5000000;341.5500000;340.8000000;341.4500000;8650
TATN;5;20160421;124500;341.4000000;341.4000000;340.6000000;340.6500000;11030
TATN;5;20160421;125000;340.9500000;340.9500000;340.5000000;340.6000000;4590
TATN;5;20160421;125500;340.7500000;340.9000000;340.1000000;340.4500000;7920
TATN;5;20160421;130000;340.3500000;341.2500000;340.3500000;340.9000000;18250
TATN;5;20160421;130500;340.9500000;341.3500000;340.3500000;341.1000000;34550
TATN;5;20160421;131000;340.9000000;340.9000000;339.2500000;339.2500000;27340
TATN;5;20160421;131500;339.2500000;339.4500000;338.7500000;339.0000000;6980
TATN;5;20160421;132000;338.9500000;338.9500000;338.0000000;338.6500000;6600
TATN;5;20160421;132500;338.7000000;339.5000000;338.5000000;339.5000000;13420
TATN;5;20160421;133000;339.3500000;339.5500000;338.3000000;338.5500000;11160
TATN;5;20160421;133500;338.7500000;338.8000000;338.5000000;338.7500000;5650
TATN;5;20160421;134000;338.6000000;339.4000000;338.1500000;338.9500000;17230
TATN;5;20160421;134500;338.9000000;339.0000000;337.2500000;337.7500000;65420
TATN;5;20160421;135000;337.5500000;337.9500000;337.5500000;337.9500000;5900
TATN;5;20160421;135500;337.9500000;338.0000000;337.1000000;337.1000000;16700
TATN;5;20160421;140000;337.1000000;337.5500000;336.4000000;336.7000000;22680
TATN;5;20160421;140500;337.0000000;337.4500000;336.9500000;337.4500000;3380
TATN;5;20160421;141000;337.3000000;337.3000000;336.4000000;336.4000000;10500
TATN;5;20160421;141500;336.5000000;336.7500000;336.0500000;336.7500000;20120
TATN;5;20160421;142000;336.7500000;337.2000000;336.7500000;337.0000000;8430
TATN;5;20160421;142500;337.2500000;337.8500000;336.7500000;337.7500000;8440
TATN;5;20160421;143000;337.9000000;338.0000000;337.4500000;338.0000000;3270
TATN;5;20160421;143500;338.0000000;338.0000000;336.7500000;336.8000000;24570
TATN;5;20160421;144000;337.2500000;337.2500000;336.5000000;336.7000000;15190
TATN;5;20160421;144500;336.7000000;336.9500000;336.5000000;336.5000000;5950
TATN;5;20160421;145000;336.8000000;336.8000000;336.0000000;336.4000000;14050
TATN;5;20160421;145500;336.3000000;336.5500000;336.0000000;336.5500000;5160
TATN;5;20160421;150000;336.7000000;336.7500000;336.4000000;336.6000000;3200
TATN;5;20160421;150500;336.5000000;336.5500000;336.0500000;336.5500000;7670
TATN;5;20160421;151000;336.4500000;337.2000000;336.4500000;337.0500000;7070
TATN;5;20160421;151500;337.1500000;338.0000000;336.8500000;337.7500000;41890
TATN;5;20160421;152000;337.6500000;337.9500000;337.3000000;337.7500000;13890
TATN;5;20160421;152500;337.6000000;337.9000000;337.3500000;337.7000000;3970
TATN;5;20160421;153000;337.4500000;337.8500000;337.4500000;337.8500000;1290
TATN;5;20160421;153500;337.7000000;337.7000000;337.0000000;337.3000000;7330
TATN;5;20160421;154000;337.3000000;337.6500000;337.1500000;337.2000000;2990
TATN;5;20160421;154500;337.2000000;337.5000000;337.2000000;337.5000000;1880
TATN;5;20160421;155000;337.5000000;337.7500000;337.4000000;337.7500000;960
TATN;5;20160421;155500;337.7500000;337.7500000;337.0500000;337.2500000;10640
TATN;5;20160421;160000;337.3500000;337.5000000;336.7000000;336.7000000;8820
TATN;5;20160421;160500;336.7500000;336.9000000;335.8000000;336.0500000;22920
TATN;5;20160421;161000;336.0500000;336.9000000;335.7500000;335.7500000;20860
TATN;5;20160421;161500;335.7000000;335.7000000;334.2500000;334.2500000;33560
TATN;5;20160421;162000;334.5000000;335.3000000;333.7000000;334.0000000;44460
TATN;5;20160421;162500;334.0000000;334.4000000;333.7500000;333.8000000;19680
TATN;5;20160421;163000;333.9500000;334.4000000;333.1000000;333.1500000;36830
TATN;5;20160421;163500;333.1500000;334.0500000;333.1000000;333.7500000;33510
TATN;5;20160421;164000;333.9500000;333.9500000;332.8000000;332.8000000;53520
TATN;5;20160421;164500;332.8000000;334.2500000;332.5500000;333.8500000;30490
TATN;5;20160421;165000;333.8500000;334.2000000;333.4000000;334.2000000;21110
TATN;5;20160421;165500;334.2000000;335.0500000;333.7500000;334.0000000;26330
TATN;5;20160421;170000;334.0000000;334.5000000;332.9000000;332.9500000;27590
TATN;5;20160421;170500;333.1500000;333.9000000;332.8500000;333.7000000;17820
TATN;5;20160421;171000;333.5000000;334.4000000;333.3500000;334.3000000;11120
TATN;5;20160421;171500;334.2000000;334.4500000;333.9000000;334.3500000;7770
TATN;5;20160421;172000;334.2000000;334.2000000;333.6500000;333.9000000;13770
TATN;5;20160421;172500;333.9500000;334.0000000;333.1000000;333.2000000;33360
TATN;5;20160421;173000;333.2000000;333.3000000;332.5500000;332.6500000;32350
TATN;5;20160421;173500;332.7500000;332.9500000;332.4000000;332.7000000;19310
TATN;5;20160421;174000;332.5000000;332.7500000;332.4000000;332.6500000;27420
TATN;5;20160421;174500;332.6500000;332.9000000;331.4500000;331.8000000;107360
TATN;5;20160421;175000;331.8000000;332.9500000;331.7000000;332.8500000;23150
TATN;5;20160421;175500;332.8500000;332.9500000;332.0000000;332.3000000;26570
TATN;5;20160421;180000;332.3000000;333.7000000;332.1500000;332.8000000;69790
TATN;5;20160421;180500;332.8500000;333.0500000;332.3500000;332.7500000;36730
TATN;5;20160421;181000;332.6500000;333.5000000;332.4000000;333.1500000;42650
TATN;5;20160421;181500;333.2500000;333.2500000;332.0000000;332.1500000;33080
TATN;5;20160421;182000;332.2000000;333.0000000;332.2000000;332.9000000;11110
TATN;5;20160421;182500;333.0000000;334.3000000;333.0000000;334.0000000;21870
TATN;5;20160421;183000;334.0000000;334.4000000;333.6000000;334.0500000;32820
TATN;5;20160421;183500;334.0000000;334.0000000;333.0500000;333.1000000;17220
TATN;5;20160421;184000;333.2500000;334.4000000;333.1000000;333.6500000;63350
TATN;5;20160421;185000;333.0000000;333.0000000;333.0000000;333.0000000;31720
TATN;5;20160422;100500;333.8000000;334.3000000;333.3000000;333.6500000;24010
TATN;5;20160422;101000;333.4000000;333.4500000;331.8000000;332.8000000;28320
TATN;5;20160422;101500;332.6000000;332.6000000;330.6500000;331.0500000;21730
TATN;5;20160422;102000;331.0000000;331.7500000;330.6500000;331.7500000;12690
TATN;5;20160422;102500;331.7000000;332.6000000;331.1000000;332.6000000;29060
TATN;5;20160422;103000;332.5500000;332.5500000;331.5000000;331.6500000;34800
TATN;5;20160422;103500;331.9500000;332.3500000;331.0500000;331.7500000;20090
TATN;5;20160422;104000;331.9500000;332.0500000;330.0500000;330.0500000;64730
TATN;5;20160422;104500;330.0500000;330.1000000;329.4500000;329.7000000;63230
TATN;5;20160422;105000;329.6500000;329.6500000;328.2500000;328.4000000;51120
TATN;5;20160422;105500;328.5000000;328.9000000;328.4500000;328.9000000;13570
TATN;5;20160422;110000;328.7500000;329.6000000;328.7000000;329.6000000;13480
TATN;5;20160422;110500;329.5500000;330.2500000;329.5500000;330.0500000;7180
TATN;5;20160422;111000;329.9500000;330.7500000;329.9500000;330.5500000;11620
TATN;5;20160422;111500;330.5000000;331.3000000;330.5000000;331.3000000;8790
TATN;5;20160422;112000;331.3000000;331.4000000;330.5000000;331.2500000;46010
TATN;5;20160422;112500;331.3000000;331.4000000;331.1000000;331.2500000;41360
TATN;5;20160422;113000;331.4000000;331.9000000;331.3000000;331.8000000;43180
TATN;5;20160422;113500;331.7500000;331.9000000;331.4000000;331.4000000;17840
TATN;5;20160422;114000;331.3500000;331.5000000;331.3000000;331.4500000;13560
TATN;5;20160422;114500;331.3500000;331.5000000;331.2500000;331.5000000;28980
TATN;5;20160422;115000;331.4000000;331.4500000;331.2500000;331.2500000;16790
TATN;5;20160422;115500;331.3000000;331.5000000;330.7000000;330.7500000;31140
TATN;5;20160422;120000;330.7500000;330.8500000;330.0500000;330.1000000;33610
TATN;5;20160422;120500;330.1000000;330.3000000;329.0500000;329.4500000;36390
TATN;5;20160422;121000;329.4000000;329.7500000;329.2000000;329.7500000;13570
TATN;5;20160422;121500;329.7500000;330.1500000;329.3000000;330.0500000;15250
TATN;5;20160422;122000;329.8000000;329.9000000;329.1000000;329.1000000;15970
TATN;5;20160422;122500;329.1000000;330.5500000;329.1000000;330.4500000;15980
TATN;5;20160422;123000;330.4500000;330.5000000;330.2000000;330.3000000;8470
TATN;5;20160422;123500;330.4000000;330.4000000;329.1500000;329.4000000;13640
TATN;5;20160422;124000;329.1000000;330.5000000;328.9500000;330.5000000;16370
TATN;5;20160422;124500;330.0000000;330.7000000;330.0000000;330.4500000;2020
TATN;5;20160422;125000;330.1000000;330.1000000;329.6500000;330.0500000;2610
TATN;5;20160422;125500;330.0000000;330.5000000;329.6500000;329.8500000;6000
TATN;5;20160422;130000;329.9500000;330.5000000;329.9000000;330.1500000;7370
TATN;5;20160422;130500;330.2500000;330.9500000;330.2500000;330.7000000;11040
TATN;5;20160422;131000;330.6000000;331.5500000;330.6000000;331.3500000;21620
TATN;5;20160422;131500;331.1500000;331.7500000;331.1500000;331.7000000;3950
TATN;5;20160422;132000;331.6000000;332.1500000;330.9000000;331.6000000;42680
TATN;5;20160422;132500;331.8000000;332.1000000;331.3500000;332.0000000;7930
TATN;5;20160422;133000;331.9500000;332.0000000;331.6000000;332.0000000;11460
TATN;5;20160422;133500;332.0000000;332.1500000;331.8500000;331.8500000;17090
TATN;5;20160422;134000;331.9500000;331.9500000;331.5000000;331.6500000;13480
TATN;5;20160422;134500;331.7000000;331.7000000;331.3500000;331.6000000;2440
TATN;5;20160422;135000;331.5000000;331.6500000;331.4000000;331.5000000;4580
TATN;5;20160422;135500;331.5000000;331.9000000;331.5000000;331.8500000;18580
TATN;5;20160422;140000;331.8500000;332.6500000;331.8500000;332.6000000;13030
TATN;5;20160422;140500;332.6000000;332.6000000;332.2000000;332.2000000;1590
TATN;5;20160422;141000;332.3000000;333.9000000;332.3000000;333.9000000;47630
TATN;5;20160422;141500;333.9000000;334.8500000;333.3000000;334.6500000;73150
TATN;5;20160422;142000;334.8500000;335.5000000;334.8500000;335.5000000;35750
TATN;5;20160422;142500;335.5000000;335.7000000;335.0500000;335.7000000;18810
TATN;5;20160422;143000;335.7500000;336.2500000;335.6500000;336.2500000;20480
TATN;5;20160422;143500;336.2500000;336.4000000;335.5000000;335.7500000;16440
TATN;5;20160422;144000;335.7500000;335.7500000;334.6000000;334.6000000;14100
TATN;5;20160422;144500;334.8000000;335.6500000;334.6500000;335.6500000;16770
TATN;5;20160422;145000;335.6500000;336.0500000;335.2500000;335.7500000;6010
TATN;5;20160422;145500;335.9500000;336.2000000;335.6500000;336.2000000;9160
TATN;5;20160422;150000;336.1500000;336.3500000;335.6500000;335.7500000;6620
TATN;5;20160422;150500;335.9000000;337.0000000;335.9000000;336.8500000;24060
TATN;5;20160422;151000;336.8500000;337.7500000;336.0500000;337.0500000;22120
TATN;5;20160422;151500;337.0500000;337.3500000;336.2500000;337.2000000;16040
TATN;5;20160422;152000;337.1500000;337.1500000;335.6500000;337.0000000;19090
TATN;5;20160422;152500;337.0000000;337.8000000;336.7500000;337.6000000;13570
TATN;5;20160422;153000;337.6000000;338.9000000;337.6000000;338.4500000;20800
TATN;5;20160422;153500;338.6500000;338.9000000;336.8000000;337.2500000;30690
TATN;5;20160422;154000;337.2000000;337.9500000;335.4500000;335.8500000;20100
TATN;5;20160422;154500;335.8500000;337.0000000;335.3000000;336.3000000;32340
TATN;5;20160422;155000;336.6000000;337.4000000;336.2500000;337.4000000;17830
TATN;5;20160422;155500;337.4500000;337.9500000;336.7000000;337.5500000;25680
TATN;5;20160422;160000;337.6000000;339.2500000;337.6000000;338.6000000;25560
TATN;5;20160422;160500;338.7000000;339.2500000;338.1500000;338.5500000;26810
TATN;5;20160422;161000;338.5500000;339.3000000;337.8000000;339.2500000;34150
TATN;5;20160422;161500;339.0500000;339.1500000;338.5500000;338.7500000;9130
TATN;5;20160422;162000;338.7000000;338.7500000;337.3500000;337.3500000;14860
TATN;5;20160422;162500;337.5000000;339.0500000;337.2000000;339.0500000;17250
TATN;5;20160422;163000;339.1000000;339.5000000;338.6000000;338.6500000;37470
TATN;5;20160422;163500;338.7500000;339.4500000;338.6500000;339.0500000;6270
TATN;5;20160422;164000;339.2000000;339.2000000;338.4000000;338.9500000;11940
TATN;5;20160422;164500;338.9500000;339.2500000;338.9500000;339.1500000;4790
TATN;5;20160422;165000;339.2000000;340.0000000;338.8500000;340.0000000;38820
TATN;5;20160422;165500;340.0000000;340.3500000;339.6500000;339.7000000;26510
TATN;5;20160422;170000;339.8000000;340.3000000;339.7500000;340.1000000;8450
TATN;5;20160422;170500;340.2500000;340.4000000;339.0000000;339.3000000;29110
TATN;5;20160422;171000;339.0500000;339.8000000;339.0500000;339.3000000;6310
TATN;5;20160422;171500;339.1000000;340.0000000;339.0500000;339.8000000;11760
TATN;5;20160422;172000;339.7500000;340.6000000;339.6500000;340.6000000;14490
TATN;5;20160422;172500;340.4500000;340.7500000;340.1500000;340.7500000;7630
TATN;5;20160422;173000;340.6000000;340.8500000;340.4000000;340.8500000;6860
TATN;5;20160422;173500;340.8000000;341.3000000;340.6500000;341.0000000;21510
TATN;5;20160422;174000;340.9500000;341.2500000;340.9500000;341.1500000;6830
TATN;5;20160422;174500;341.1500000;341.3000000;340.7500000;340.8000000;11720
TATN;5;20160422;175000;340.9500000;341.3000000;340.7500000;340.7500000;16100
TATN;5;20160422;175500;340.7000000;341.0000000;340.4500000;340.9500000;10420
TATN;5;20160422;180000;340.9500000;341.9500000;340.9500000;341.9500000;29130
TATN;5;20160422;180500;341.9500000;343.3500000;341.9500000;343.3000000;47640
TATN;5;20160422;181000;343.3000000;344.8000000;342.8000000;342.9500000;54250
TATN;5;20160422;181500;343.2500000;343.4000000;342.3000000;342.7500000;37350
TATN;5;20160422;182000;342.6000000;343.9500000;342.4500000;343.6500000;33360
TATN;5;20160422;182500;343.5500000;344.3000000;343.2500000;344.2500000;46340
TATN;5;20160422;183000;344.1000000;345.3000000;342.1500000;342.4000000;108630
TATN;5;20160422;183500;342.4000000;343.0000000;341.5000000;341.7500000;116120
TATN;5;20160422;184000;341.6000000;342.3000000;340.5000000;341.3000000;262880
TATN;5;20160422;185000;342.9500000;342.9500000;342.9500000;342.9500000;47420
TATN;5;20160425;100500;342.3000000;342.7000000;341.5500000;341.5500000;21850
TATN;5;20160425;101000;341.5000000;341.5500000;340.6500000;340.8000000;18210
TATN;5;20160425;101500;340.7000000;341.5000000;340.7000000;341.2000000;7550
TATN;5;20160425;102000;341.2000000;341.6500000;340.9500000;341.4500000;36290
TATN;5;20160425;102500;341.6500000;342.0000000;341.2000000;341.9000000;13960
TATN;5;20160425;103000;342.0000000;342.5000000;341.2500000;341.2500000;11590
TATN;5;20160425;103500;341.2000000;343.8500000;340.8500000;343.4000000;29750
TATN;5;20160425;104000;343.4000000;344.0000000;343.1000000;343.1000000;5210
TATN;5;20160425;104500;343.1000000;344.4000000;343.0500000;344.2000000;7630
TATN;5;20160425;105000;344.2500000;344.7000000;344.0000000;344.7000000;5840
TATN;5;20160425;105500;344.5500000;345.5000000;344.3000000;345.2500000;14560
TATN;5;20160425;110000;345.4000000;345.4000000;343.8000000;344.2500000;18720
TATN;5;20160425;110500;344.2500000;344.2500000;343.7000000;343.7000000;5650
TATN;5;20160425;111000;343.6500000;343.6500000;342.7500000;342.7500000;2660
TATN;5;20160425;111500;342.7500000;343.0500000;342.6500000;343.0000000;8640
TATN;5;20160425;112000;343.0000000;343.9000000;343.0000000;343.6000000;13230
TATN;5;20160425;112500;343.6500000;343.6500000;343.3500000;343.5500000;1650
TATN;5;20160425;113000;343.5500000;343.5500000;343.3500000;343.5000000;3500
TATN;5;20160425;113500;343.5500000;343.6000000;343.2500000;343.2500000;1740
TATN;5;20160425;114000;343.3500000;343.4000000;343.2500000;343.3500000;1300
TATN;5;20160425;114500;343.2500000;343.3500000;343.2500000;343.3000000;1120
TATN;5;20160425;115000;343.3000000;343.8500000;343.3000000;343.5500000;13650
TATN;5;20160425;115500;343.6500000;343.8500000;343.6000000;343.8500000;3980
TATN;5;20160425;120000;343.8000000;343.8000000;343.6000000;343.6500000;1880
TATN;5;20160425;120500;343.6500000;343.8500000;343.5000000;343.7000000;2610
TATN;5;20160425;121000;343.7000000;343.8000000;343.4500000;343.5500000;4550
TATN;5;20160425;121500;343.7500000;343.8000000;343.5000000;343.7500000;1490
TATN;5;20160425;122000;343.5500000;346.5000000;343.3500000;346.0500000;75040
TATN;5;20160425;122500;346.0500000;346.5000000;346.0500000;346.0500000;11080
TATN;5;20160425;123000;346.2500000;346.2500000;345.7500000;346.0000000;5510
TATN;5;20160425;123500;345.8500000;346.2500000;345.7500000;345.8500000;3740
TATN;5;20160425;124000;345.6500000;346.2000000;345.4000000;346.0000000;4100
TATN;5;20160425;124500;345.8000000;345.9000000;345.4000000;345.5500000;2320
TATN;5;20160425;125000;345.5000000;345.5500000;345.2000000;345.4000000;2380
TATN;5;20160425;125500;345.4500000;345.4500000;344.8000000;345.4500000;6180
TATN;5;20160425;130000;345.2500000;346.4500000;345.1000000;346.4500000;15790
TATN;5;20160425;130500;346.4500000;347.0000000;346.2500000;346.7000000;25110
TATN;5;20160425;131000;346.4500000;346.7000000;346.4500000;346.5000000;6240
TATN;5;20160425;131500;346.5000000;346.5000000;345.8500000;345.9500000;2860
TATN;5;20160425;132000;346.0000000;346.9000000;346.0000000;346.9000000;15960
TATN;5;20160425;132500;346.8500000;346.9500000;346.4000000;346.7000000;7520
TATN;5;20160425;133000;346.7000000;346.9500000;346.4500000;346.9000000;7670
TATN;5;20160425;133500;346.9500000;347.0000000;346.5000000;346.9000000;12950
TATN;5;20160425;134000;346.7000000;347.0000000;346.5000000;347.0000000;7040
TATN;5;20160425;134500;346.7500000;347.9000000;346.5500000;346.5500000;13810
TATN;5;20160425;135000;346.4000000;346.4000000;345.5500000;345.9500000;12070
TATN;5;20160425;135500;346.0000000;346.5000000;346.0000000;346.5000000;3830
TATN;5;20160425;140000;346.4500000;346.4500000;346.2000000;346.4500000;1290
TATN;5;20160425;140500;346.4000000;346.4000000;346.0000000;346.0000000;440
TATN;5;20160425;141000;346.1000000;347.5500000;346.0500000;347.5500000;19230
TATN;5;20160425;141500;347.1500000;347.8000000;347.0500000;347.7000000;5900
TATN;5;20160425;142000;347.7500000;347.9000000;347.4000000;347.9000000;6110
TATN;5;20160425;142500;347.8500000;348.4000000;347.7500000;347.8000000;7550
TATN;5;20160425;143000;347.7000000;348.7000000;347.7000000;348.4500000;12030
TATN;5;20160425;143500;348.7000000;349.3000000;348.6500000;349.1000000;19470
TATN;5;20160425;144000;349.0000000;349.2500000;348.7000000;349.2000000;6770
TATN;5;20160425;144500;348.9000000;349.4000000;348.8500000;349.4000000;10040
TATN;5;20160425;145000;349.2500000;349.5000000;349.0500000;349.2000000;10510
TATN;5;20160425;145500;349.1500000;349.2500000;348.7500000;348.7500000;4740
TATN;5;20160425;150000;348.7500000;349.2000000;348.7500000;348.8000000;7130
TATN;5;20160425;150500;348.9000000;349.7000000;348.9000000;349.4000000;11280
TATN;5;20160425;151000;349.4500000;349.5500000;349.1500000;349.3000000;4790
TATN;5;20160425;151500;349.4500000;349.9000000;349.4500000;349.7000000;21280
TATN;5;20160425;152000;349.7500000;349.7500000;348.6000000;348.6500000;18370
TATN;5;20160425;152500;348.7000000;349.0000000;348.7000000;349.0000000;6290
TATN;5;20160425;153000;349.0500000;349.7000000;349.0500000;349.5000000;10410
TATN;5;20160425;153500;349.5000000;350.0500000;349.3500000;349.9000000;31570
TATN;5;20160425;154000;349.8000000;350.1000000;349.5500000;350.0500000;20090
TATN;5;20160425;154500;349.9500000;350.2000000;349.6000000;350.2000000;16490
TATN;5;20160425;155000;350.2000000;350.4000000;349.9000000;350.3500000;15750
TATN;5;20160425;155500;350.3000000;350.3500000;349.9000000;350.0500000;7640
TATN;5;20160425;160000;350.0500000;350.4000000;349.6500000;350.4000000;14620
TATN;5;20160425;160500;350.3500000;350.6000000;350.1000000;350.2000000;12420
TATN;5;20160425;161000;350.2000000;350.4000000;349.9000000;350.3500000;5570
TATN;5;20160425;161500;350.3500000;350.4500000;349.7000000;350.4500000;11090
TATN;5;20160425;162000;350.2500000;350.5000000;350.2000000;350.2000000;3720
TATN;5;20160425;162500;350.3500000;350.6500000;350.2500000;350.2500000;9240
TATN;5;20160425;163000;350.2000000;350.8500000;350.2000000;350.8500000;10080
TATN;5;20160425;163500;350.7500000;351.0000000;350.6000000;350.8000000;13880
TATN;5;20160425;164000;351.0000000;351.3500000;350.4000000;350.4000000;18290
TATN;5;20160425;164500;350.5000000;350.7000000;349.7000000;350.0000000;11380
TATN;5;20160425;165000;350.0500000;350.8000000;350.0500000;350.2000000;11370
TATN;5;20160425;165500;350.0000000;350.6500000;349.8500000;350.6500000;9620
TATN;5;20160425;170000;350.6000000;351.0000000;350.4500000;350.6000000;16940
TATN;5;20160425;170500;350.3500000;350.9000000;350.1500000;350.3500000;3600
TATN;5;20160425;171000;350.3000000;350.6000000;347.9000000;348.4000000;38080
TATN;5;20160425;171500;348.4000000;349.3000000;348.0500000;348.6000000;20610
TATN;5;20160425;172000;348.8000000;349.0000000;348.1000000;348.8000000;15040
TATN;5;20160425;172500;348.7500000;349.4000000;348.5000000;349.4000000;24250
TATN;5;20160425;173000;349.1500000;349.1500000;347.6000000;347.6500000;15830
TATN;5;20160425;173500;347.6000000;347.8000000;347.1500000;347.3500000;18010
TATN;5;20160425;174000;347.1000000;348.0000000;347.0500000;347.5500000;11860
TATN;5;20160425;174500;347.8000000;348.5000000;346.9000000;347.2000000;18140
TATN;5;20160425;175000;347.3500000;348.5500000;347.3500000;347.9000000;11960
TATN;5;20160425;175500;347.7000000;347.8500000;347.4500000;347.5000000;1290
TATN;5;20160425;180000;347.5500000;347.5500000;346.6000000;346.6500000;7840
TATN;5;20160425;180500;346.6500000;349.6000000;346.5000000;349.4000000;43800
TATN;5;20160425;181000;349.5500000;350.5000000;348.7000000;349.2000000;67210
TATN;5;20160425;181500;349.2000000;350.1500000;348.6000000;349.6000000;38450
TATN;5;20160425;182000;349.7000000;350.5000000;349.7000000;350.3000000;34850
TATN;5;20160425;182500;350.4500000;350.9500000;350.1500000;350.6500000;45060
TATN;5;20160425;183000;350.6500000;351.2500000;350.4500000;350.9000000;78170
TATN;5;20160425;183500;351.0500000;351.5500000;350.7000000;351.4000000;62490
TATN;5;20160425;184000;351.5000000;353.2000000;350.9000000;353.2000000;265610
TATN;5;20160425;185000;352.8000000;352.8000000;352.8000000;352.8000000;12140
TATN;5;20160426;100500;351.5500000;352.1500000;350.6000000;351.5500000;45070
TATN;5;20160426;101000;351.7500000;352.5000000;351.4000000;352.5000000;36620
TATN;5;20160426;101500;352.5000000;352.5000000;352.0500000;352.2500000;8320
TATN;5;20160426;102000;352.3500000;352.8500000;352.0000000;352.3000000;55780
TATN;5;20160426;102500;352.2000000;352.6500000;351.8500000;351.8500000;10310
TATN;5;20160426;103000;351.8500000;352.1000000;351.4000000;351.7500000;7470
TATN;5;20160426;103500;351.9000000;352.8500000;351.8500000;352.8000000;9330
TATN;5;20160426;104000;352.8000000;353.3000000;352.0500000;352.8000000;22600
TATN;5;20160426;104500;352.8500000;353.0000000;352.6500000;352.8000000;2120
TATN;5;20160426;105000;352.6000000;352.6500000;351.7000000;352.0000000;8490
TATN;5;20160426;105500;352.1000000;352.4500000;351.9000000;352.4000000;5670
TATN;5;20160426;110000;352.4000000;352.7000000;352.2500000;352.3500000;7170
TATN;5;20160426;110500;352.3500000;352.4000000;351.8500000;352.0000000;10400
TATN;5;20160426;111000;351.9500000;352.1000000;351.5000000;351.8000000;2820
TATN;5;20160426;111500;351.8500000;352.0000000;351.6000000;351.6500000;1630
TATN;5;20160426;112000;351.8000000;352.1000000;351.2500000;351.9500000;7070
TATN;5;20160426;112500;351.9000000;352.1500000;351.1500000;351.9500000;8150
TATN;5;20160426;113000;351.7500000;351.9500000;351.7500000;351.9500000;1590
TATN;5;20160426;113500;351.9500000;352.5000000;351.9500000;352.4000000;2350
TATN;5;20160426;114000;352.1000000;352.3000000;352.1000000;352.1000000;780
TATN;5;20160426;114500;352.3000000;352.4000000;352.2000000;352.2000000;270
TATN;5;20160426;115000;352.1000000;352.1500000;351.8000000;352.1000000;2770
TATN;5;20160426;115500;351.6000000;351.6000000;350.1000000;350.4000000;45530
TATN;5;20160426;120000;350.4000000;350.4000000;348.7500000;348.9000000;22420
TATN;5;20160426;120500;348.6500000;349.0000000;348.1000000;348.6500000;22670
TATN;5;20160426;121000;348.6000000;349.0000000;348.5500000;348.7000000;5080
TATN;5;20160426;121500;348.6500000;348.9500000;348.3500000;348.8500000;8900
TATN;5;20160426;122000;348.6500000;348.8500000;348.5000000;348.5000000;2040
TATN;5;20160426;122500;348.4500000;348.7500000;347.6500000;347.6500000;18220
TATN;5;20160426;123000;347.8500000;348.2000000;347.8500000;347.8500000;4190
TATN;5;20160426;123500;348.0500000;348.5500000;348.0500000;348.5500000;7510
TATN;5;20160426;124000;348.7000000;348.8500000;348.6000000;348.6000000;4070
TATN;5;20160426;124500;348.5000000;348.5000000;347.7000000;347.7000000;5280
TATN;5;20160426;125000;347.7000000;347.8000000;347.2500000;347.2500000;5060
TATN;5;20160426;125500;347.3500000;347.7500000;347.2500000;347.3000000;2700
TATN;5;20160426;130000;347.3000000;347.3000000;346.7500000;346.9500000;6440
TATN;5;20160426;130500;346.9500000;347.1000000;346.5500000;347.0000000;5270
TATN;5;20160426;131000;347.0000000;347.1000000;346.6500000;347.0500000;3560
TATN;5;20160426;131500;347.0000000;347.0000000;346.3500000;346.5000000;4090
TATN;5;20160426;132000;346.7000000;346.9500000;346.5500000;346.9500000;2130
TATN;5;20160426;132500;346.9500000;346.9500000;346.7500000;346.8000000;4910
TATN;5;20160426;133000;346.8500000;347.9000000;346.8500000;347.7000000;3600
TATN;5;20160426;133500;347.7500000;347.7500000;347.7500000;347.7500000;160
TATN;5;20160426;134000;347.4000000;347.4000000;347.3000000;347.3000000;860
TATN;5;20160426;134500;347.1000000;347.1500000;346.9000000;346.9000000;4340
TATN;5;20160426;135000;347.0500000;347.3000000;347.0500000;347.3000000;1940
TATN;5;20160426;135500;347.3000000;347.3500000;346.9500000;346.9500000;3570
TATN;5;20160426;140000;346.9500000;347.9000000;346.9500000;347.6000000;7390
TATN;5;20160426;140500;347.7500000;348.4500000;347.7500000;348.2500000;3180
TATN;5;20160426;141000;348.1500000;349.4000000;347.8000000;349.4000000;8520
TATN;5;20160426;141500;349.2500000;349.9500000;349.2000000;349.2000000;4500
TATN;5;20160426;142000;349.2000000;349.8000000;349.2000000;349.3000000;3210
TATN;5;20160426;142500;349.3000000;349.3000000;348.2500000;348.4500000;3900
TATN;5;20160426;143000;348.3500000;348.5500000;347.3500000;347.3500000;9050
TATN;5;20160426;143500;347.3500000;347.7500000;347.3500000;347.7000000;3700
TATN;5;20160426;144000;347.9000000;348.3500000;347.9000000;348.3500000;1790
TATN;5;20160426;144500;348.3000000;348.3000000;347.4000000;347.6000000;3260
TATN;5;20160426;145000;348.0500000;348.5000000;348.0500000;348.5000000;3590
TATN;5;20160426;145500;348.4000000;348.4000000;348.0000000;348.0500000;570
TATN;5;20160426;150000;348.0000000;348.0000000;347.5000000;347.5000000;3020
TATN;5;20160426;150500;347.7000000;348.4000000;347.7000000;348.2000000;4170
TATN;5;20160426;151000;348.1000000;348.1500000;348.1000000;348.1500000;250
TATN;5;20160426;151500;348.0000000;348.1000000;347.7500000;347.7500000;1190
TATN;5;20160426;152000;347.7500000;348.0000000;347.6500000;347.9500000;1870
TATN;5;20160426;152500;347.9500000;347.9500000;347.5500000;347.7000000;4620
TATN;5;20160426;153000;348.0000000;348.0500000;348.0000000;348.0500000;450
TATN;5;20160426;153500;348.0000000;348.1000000;348.0000000;348.1000000;1400
TATN;5;20160426;154000;348.3000000;348.4500000;348.3000000;348.3500000;610
TATN;5;20160426;154500;348.5000000;348.5000000;348.3000000;348.4000000;120
TATN;5;20160426;155000;348.3000000;348.6000000;347.9500000;348.6000000;1650
TATN;5;20160426;155500;348.4500000;348.8000000;348.1000000;348.3000000;1290
TATN;5;20160426;160000;348.3000000;349.2000000;348.3000000;348.7500000;8950
TATN;5;20160426;160500;348.7500000;349.8000000;348.7500000;349.8000000;12200
TATN;5;20160426;161000;349.5000000;349.5000000;348.8000000;349.1500000;2190
TATN;5;20160426;161500;349.1500000;350.4000000;348.9500000;350.1500000;18810
TATN;5;20160426;162000;350.2000000;350.6500000;349.2500000;349.9500000;20620
TATN;5;20160426;162500;349.9500000;351.3000000;349.9500000;351.3000000;12140
TATN;5;20160426;163000;351.1500000;351.9500000;351.1500000;351.6000000;10350
TATN;5;20160426;163500;351.7000000;351.8000000;351.1500000;351.4500000;5160
TATN;5;20160426;164000;351.3500000;351.6500000;351.1000000;351.6000000;6860
TATN;5;20160426;164500;351.5500000;351.9500000;350.8000000;350.8000000;13000
TATN;5;20160426;165000;350.8000000;350.8000000;350.1500000;350.8000000;1130
TATN;5;20160426;165500;350.8500000;350.8500000;350.0500000;350.2000000;2560
TATN;5;20160426;170000;350.2000000;350.5000000;350.2000000;350.5000000;1700
TATN;5;20160426;170500;350.5000000;351.2000000;350.5000000;350.9000000;9780
TATN;5;20160426;171000;350.8500000;351.8500000;350.8500000;351.8500000;4970
TATN;5;20160426;171500;351.6500000;351.6500000;350.3000000;350.3000000;7710
TATN;5;20160426;172000;350.5000000;350.8000000;350.3500000;350.8000000;4590
TATN;5;20160426;172500;350.8000000;350.9000000;350.6000000;350.8500000;6020
TATN;5;20160426;173000;350.8500000;351.2500000;350.3000000;351.2500000;17570
TATN;5;20160426;173500;351.1000000;351.1000000;350.6000000;350.6000000;200
TATN;5;20160426;174000;350.5500000;351.1500000;350.5500000;351.0500000;5170
TATN;5;20160426;174500;351.1500000;351.5500000;351.1000000;351.1000000;3800
TATN;5;20160426;175000;351.1000000;351.7500000;351.1000000;351.5500000;12190
TATN;5;20160426;175500;351.5500000;352.6500000;351.5500000;352.5000000;22830
TATN;5;20160426;180000;352.5000000;352.8500000;352.0000000;352.6500000;21710
TATN;5;20160426;180500;352.7000000;352.8500000;352.0000000;352.0000000;5130
TATN;5;20160426;181000;351.9500000;352.3000000;351.8000000;351.8000000;2620
TATN;5;20160426;181500;351.7500000;352.2500000;351.5500000;351.5500000;11860
TATN;5;20160426;182000;351.5500000;352.0500000;351.5500000;352.0000000;17800
TATN;5;20160426;182500;352.0000000;352.0000000;351.6000000;351.6500000;910
TATN;5;20160426;183000;351.6500000;352.8500000;351.6000000;352.4500000;20720
TATN;5;20160426;183500;352.6000000;352.6500000;351.9000000;352.1500000;14040
TATN;5;20160426;184000;352.3500000;352.6000000;351.6000000;351.6000000;25770
TATN;5;20160426;185000;353.0000000;353.0000000;353.0000000;353.0000000;58460
TATN;5;20160427;100500;352.6000000;353.4000000;352.0000000;352.0500000;43680
TATN;5;20160427;101000;352.0500000;352.5000000;351.7000000;351.8500000;15970
TATN;5;20160427;101500;352.0000000;352.2000000;351.0000000;351.9000000;27680
TATN;5;20160427;102000;351.5000000;351.9500000;351.1500000;351.9500000;7690
TATN;5;20160427;102500;351.9000000;352.0000000;351.1500000;351.8500000;10170
TATN;5;20160427;103000;351.8000000;352.7500000;350.8500000;350.8500000;16820
TATN;5;20160427;103500;351.0500000;351.6500000;350.8000000;351.3000000;8610
TATN;5;20160427;104000;351.4500000;351.9500000;351.2000000;351.2000000;6960
TATN;5;20160427;104500;351.4000000;351.8000000;351.3000000;351.8000000;3410
TATN;5;20160427;105000;351.8000000;352.0000000;351.3500000;351.7000000;8970
TATN;5;20160427;105500;351.8000000;352.3500000;351.6000000;351.7500000;10500
TATN;5;20160427;110000;351.9000000;352.7500000;351.9000000;352.6000000;18060
TATN;5;20160427;110500;352.5500000;352.5500000;351.0000000;351.1500000;9020
TATN;5;20160427;111000;351.1500000;351.1500000;349.8000000;350.3000000;55650
TATN;5;20160427;111500;350.4500000;350.4500000;348.8500000;349.7000000;42000
TATN;5;20160427;112000;350.0000000;350.5500000;350.0000000;350.2000000;5230
TATN;5;20160427;112500;350.3000000;351.4500000;350.3000000;351.4500000;6070
TATN;5;20160427;113000;351.2500000;351.9500000;351.2500000;351.9500000;3090
TATN;5;20160427;113500;351.9500000;351.9500000;350.1000000;351.0500000;17970
TATN;5;20160427;114000;351.1000000;351.2500000;351.0000000;351.1500000;1090
TATN;5;20160427;114500;351.1500000;352.0000000;350.9500000;352.0000000;5180
TATN;5;20160427;115000;352.0000000;352.8000000;351.6500000;352.6500000;4720
TATN;5;20160427;115500;352.6500000;352.6500000;352.0000000;352.1500000;4000
TATN;5;20160427;120000;351.8500000;351.8500000;350.6500000;350.8500000;4270
TATN;5;20160427;120500;350.9500000;351.3500000;350.9500000;351.2500000;2470
TATN;5;20160427;121000;351.3500000;351.3500000;350.1000000;350.3500000;5980
TATN;5;20160427;121500;350.2000000;351.1500000;350.2000000;351.1000000;5640
TATN;5;20160427;122000;351.1000000;351.3000000;350.7000000;351.3000000;7000
TATN;5;20160427;122500;351.1500000;351.2500000;351.0000000;351.0000000;1710
TATN;5;20160427;123000;351.2000000;351.4500000;351.0500000;351.4500000;2040
TATN;5;20160427;123500;351.4500000;352.6500000;351.4500000;352.5000000;9660
TATN;5;20160427;124000;352.5000000;352.6500000;351.7000000;352.2000000;3050
TATN;5;20160427;124500;352.3500000;352.6500000;352.3500000;352.6500000;1110
TATN;5;20160427;125000;352.6500000;353.0500000;352.5000000;352.6500000;13530
TATN;5;20160427;125500;352.5000000;352.5000000;351.1000000;351.1000000;4260
TATN;5;20160427;130000;351.2500000;351.9000000;351.2500000;351.7000000;2690
TATN;5;20160427;130500;351.7000000;351.9000000;350.7500000;350.7500000;2970
TATN;5;20160427;131000;350.7500000;350.8000000;350.6000000;350.8000000;2090
TATN;5;20160427;131500;350.8000000;351.1000000;350.6000000;350.6000000;9020
TATN;5;20160427;132000;350.5000000;351.1000000;349.9000000;351.0500000;8310
TATN;5;20160427;132500;351.0500000;351.8500000;351.0500000;351.8500000;1420
TATN;5;20160427;133000;351.8500000;352.1500000;351.8500000;352.1500000;2220
TATN;5;20160427;133500;352.0500000;352.0500000;350.7000000;350.7000000;5950
TATN;5;20160427;134000;351.0000000;351.0500000;350.5000000;350.6500000;6400
TATN;5;20160427;134500;350.6500000;351.3000000;350.4000000;351.3000000;1890
TATN;5;20160427;135000;351.0000000;351.5000000;351.0000000;351.5000000;1660
TATN;5;20160427;135500;351.4000000;351.4000000;350.6000000;350.6000000;2880
TATN;5;20160427;140000;350.7000000;351.1500000;350.7000000;350.9000000;1230
TATN;5;20160427;140500;351.2000000;351.3500000;350.9500000;351.3500000;1930
TATN;5;20160427;141000;351.3500000;351.9500000;351.3500000;351.9500000;2960
TATN;5;20160427;141500;351.7500000;351.9500000;351.4500000;351.4500000;1680
TATN;5;20160427;142000;351.3000000;351.7500000;350.9500000;351.3000000;2600
TATN;5;20160427;142500;351.2000000;351.3500000;350.8500000;350.9000000;2360
TATN;5;20160427;143000;351.2000000;351.2500000;350.7500000;350.8000000;2290
TATN;5;20160427;143500;350.8000000;351.5000000;350.8000000;351.2500000;5330
TATN;5;20160427;144000;351.3500000;351.7000000;351.0000000;351.7000000;5090
TATN;5;20160427;144500;351.7000000;351.9000000;351.5000000;351.7000000;2230
TATN;5;20160427;145000;351.7000000;351.7000000;351.0000000;351.0500000;1160
TATN;5;20160427;145500;351.0500000;351.3000000;350.4500000;351.3000000;3530
TATN;5;20160427;150000;351.2000000;351.4000000;350.8500000;351.1500000;2430
TATN;5;20160427;150500;351.0000000;352.0000000;351.0000000;352.0000000;8540
TATN;5;20160427;151000;352.0000000;352.2500000;351.8000000;351.8000000;2590
TATN;5;20160427;151500;351.7500000;352.2000000;351.4500000;351.8500000;2800
TATN;5;20160427;152000;352.0000000;352.4000000;351.8500000;352.3000000;2720
TATN;5;20160427;152500;352.4500000;352.4500000;352.1500000;352.2000000;960
TATN;5;20160427;153000;352.2000000;352.5000000;352.1000000;352.5000000;4880
TATN;5;20160427;153500;352.5000000;352.5000000;351.8000000;352.0500000;4930
TATN;5;20160427;154000;352.3500000;352.5500000;352.1500000;352.5500000;2430
TATN;5;20160427;154500;352.5500000;352.6500000;351.8500000;352.4000000;5360
TATN;5;20160427;155000;352.0000000;352.3000000;351.7500000;352.3000000;4270
TATN;5;20160427;155500;352.3500000;352.3500000;351.7500000;352.0000000;3320
TATN;5;20160427;160000;351.7500000;351.9500000;351.5500000;351.8000000;1700
TATN;5;20160427;160500;351.5500000;351.5500000;350.5000000;350.7000000;10190
TATN;5;20160427;161000;350.7000000;351.0000000;350.5000000;350.5000000;4760
TATN;5;20160427;161500;350.5500000;351.3500000;350.5000000;351.1000000;4560
TATN;5;20160427;162000;351.1000000;351.6000000;351.1000000;351.3500000;1560
TATN;5;20160427;162500;351.3500000;351.6000000;351.2500000;351.5000000;1330
TATN;5;20160427;163000;351.3000000;351.5000000;351.0500000;351.4000000;1540
TATN;5;20160427;163500;351.4000000;352.3500000;351.4000000;352.3000000;6070
TATN;5;20160427;164000;352.3000000;352.6000000;351.5000000;352.2000000;32750
TATN;5;20160427;164500;352.0500000;353.1000000;352.0500000;353.1000000;16190
TATN;5;20160427;165000;353.0000000;353.8500000;353.0000000;353.6500000;45690
TATN;5;20160427;165500;353.8500000;354.7000000;353.7500000;354.5500000;34820
TATN;5;20160427;170000;354.5000000;354.8000000;353.1500000;353.2000000;20350
TATN;5;20160427;170500;353.2000000;353.9000000;352.2000000;352.7500000;18280
TATN;5;20160427;171000;352.5500000;353.0500000;351.9000000;353.0500000;7460
TATN;5;20160427;171500;353.1500000;353.2000000;352.2500000;352.2500000;2880
TATN;5;20160427;172000;352.2500000;353.3000000;351.8000000;351.8000000;10550
TATN;5;20160427;172500;351.7000000;352.8000000;351.6500000;352.8000000;9930
TATN;5;20160427;173000;352.8000000;352.8000000;352.4000000;352.6000000;3880
TATN;5;20160427;173500;352.4000000;353.0500000;350.5500000;350.6500000;35800
TATN;5;20160427;174000;350.6500000;351.0500000;349.7500000;350.0500000;35650
TATN;5;20160427;174500;349.8000000;349.8000000;347.4500000;348.7000000;76440
TATN;5;20160427;175000;348.6500000;349.2500000;347.1500000;348.8000000;54340
TATN;5;20160427;175500;348.7500000;348.9500000;347.6000000;348.2000000;36630
TATN;5;20160427;180000;348.2000000;348.6500000;347.0500000;347.3500000;29050
TATN;5;20160427;180500;347.1500000;348.0000000;345.5000000;346.4500000;50120
TATN;5;20160427;181000;346.2500000;347.9500000;346.1000000;347.7000000;12880
TATN;5;20160427;181500;347.7000000;348.3000000;347.0000000;347.4000000;8590
TATN;5;20160427;182000;347.4500000;348.1500000;347.0500000;347.5500000;7390
TATN;5;20160427;182500;347.5500000;348.1000000;347.4500000;347.5500000;11510
TATN;5;20160427;183000;347.6500000;349.1500000;347.6500000;349.1000000;18780
TATN;5;20160427;183500;348.8000000;349.5500000;348.6000000;348.8000000;21240
TATN;5;20160427;184000;348.7500000;351.7500000;348.0000000;351.7500000;107510
TATN;5;20160427;185000;353.3500000;353.3500000;353.3500000;353.3500000;156750
TATN;5;20160428;100500;353.0000000;353.6500000;351.0500000;351.3500000;51560
TATN;5;20160428;101000;351.0500000;351.9000000;350.6000000;351.2500000;12100
TATN;5;20160428;101500;351.3500000;351.6500000;350.9000000;351.2500000;16020
TATN;5;20160428;102000;351.3000000;351.3000000;349.5000000;350.0000000;55820
TATN;5;20160428;102500;350.0000000;350.3500000;349.5000000;350.0500000;11310
TATN;5;20160428;103000;349.9500000;350.6500000;349.6500000;350.2500000;19840
TATN;5;20160428;103500;350.0500000;350.5500000;349.8500000;350.4500000;10780
TATN;5;20160428;104000;350.2500000;351.1500000;350.1500000;351.1500000;8540
TATN;5;20160428;104500;350.9500000;351.3000000;350.8000000;350.9000000;9020
TATN;5;20160428;105000;350.7500000;350.9000000;350.3000000;350.5500000;4290
TATN;5;20160428;105500;350.4000000;350.6500000;350.4000000;350.6500000;5070
TATN;5;20160428;110000;350.5500000;350.8500000;350.3000000;350.5000000;7420
TATN;5;20160428;110500;350.3000000;350.5000000;349.7500000;350.0000000;14190
TATN;5;20160428;111000;350.0000000;350.1500000;348.5500000;349.4500000;43640
TATN;5;20160428;111500;349.4500000;349.4500000;348.2500000;348.4500000;15450
TATN;5;20160428;112000;348.4500000;348.4500000;347.6000000;347.8000000;20360
TATN;5;20160428;112500;347.8000000;347.9000000;347.0500000;347.0500000;43430
TATN;5;20160428;113000;347.1500000;347.6500000;346.8000000;347.4000000;18540
TATN;5;20160428;113500;347.3500000;347.4000000;346.8500000;347.0500000;20200
TATN;5;20160428;114000;346.9000000;347.5500000;346.9000000;347.0000000;9160
TATN;5;20160428;114500;347.0000000;348.1500000;346.9000000;348.1500000;9380
TATN;5;20160428;115000;348.1500000;348.7000000;348.0000000;348.7000000;6650
TATN;5;20160428;115500;348.7000000;348.9000000;348.4500000;348.8000000;6870
TATN;5;20160428;120000;348.8000000;348.9000000;348.6500000;348.8500000;2930
TATN;5;20160428;120500;348.8500000;349.5000000;348.6500000;349.3500000;23720
TATN;5;20160428;121000;349.4500000;350.5000000;348.9500000;350.5000000;25090
TATN;5;20160428;121500;350.5000000;350.5000000;349.1500000;349.5000000;7820
TATN;5;20160428;122000;349.5000000;349.5000000;348.9500000;349.1500000;4420
TATN;5;20160428;122500;349.1000000;349.2500000;348.9000000;349.1500000;1200
TATN;5;20160428;123000;349.1500000;349.5500000;348.9500000;349.5500000;2620
TATN;5;20160428;123500;349.5500000;350.5000000;349.5500000;350.2000000;16110
TATN;5;20160428;124000;350.2000000;350.3500000;349.4000000;349.5000000;5440
TATN;5;20160428;124500;349.5000000;350.0000000;349.3000000;349.3000000;3960
TATN;5;20160428;125000;349.4000000;350.0500000;349.1500000;349.9000000;7120
TATN;5;20160428;125500;350.1500000;350.2000000;349.1500000;349.2000000;8140
TATN;5;20160428;130000;349.2000000;349.7000000;349.1000000;349.4000000;9070
TATN;5;20160428;130500;349.5500000;349.5500000;348.9500000;349.1000000;5330
TATN;5;20160428;131000;349.1000000;349.6000000;348.5000000;348.8000000;6900
TATN;5;20160428;131500;348.7500000;349.3500000;348.7500000;349.1000000;5870
TATN;5;20160428;132000;349.1000000;349.1000000;348.3500000;348.5500000;4830
TATN;5;20160428;132500;348.5500000;349.2500000;348.0500000;348.2500000;6910
TATN;5;20160428;133000;348.2500000;349.0000000;348.2500000;349.0000000;6320
TATN;5;20160428;133500;349.0000000;349.0000000;348.3500000;348.7000000;2150
TATN;5;20160428;134000;348.7000000;349.4500000;348.6000000;349.4000000;8320
TATN;5;20160428;134500;349.2500000;349.3500000;348.6500000;349.0000000;9700
TATN;5;20160428;135000;349.0000000;349.2500000;348.4000000;348.5500000;5240
TATN;5;20160428;135500;348.5500000;348.5500000;347.7000000;348.0500000;8590
TATN;5;20160428;140000;348.0500000;348.5000000;347.7500000;347.8000000;11410
TATN;5;20160428;140500;347.7500000;348.3000000;347.7500000;348.2500000;2480
TATN;5;20160428;141000;348.2500000;349.0000000;348.1000000;348.4500000;17650
TATN;5;20160428;141500;348.4500000;349.1000000;348.2500000;348.6500000;26420
TATN;5;20160428;142000;348.6500000;348.6500000;348.3000000;348.6000000;580
TATN;5;20160428;142500;348.6000000;348.6000000;347.6000000;347.9500000;8050
TATN;5;20160428;143000;347.9500000;347.9500000;347.1000000;347.2000000;8080
TATN;5;20160428;143500;347.4000000;347.5500000;347.2000000;347.3500000;2380
TATN;5;20160428;144000;347.4500000;347.5000000;347.0000000;347.2000000;2770
TATN;5;20160428;144500;347.2000000;347.3500000;346.7500000;346.8500000;11390
TATN;5;20160428;145000;346.8500000;346.8500000;346.7000000;346.8500000;11240
TATN;5;20160428;145500;346.8500000;346.8500000;346.6000000;346.7000000;9590
TATN;5;20160428;150000;346.7000000;346.7000000;346.5500000;346.7000000;9580
TATN;5;20160428;150500;346.6000000;346.7000000;346.4000000;346.5500000;4710
TATN;5;20160428;151000;346.5500000;346.5500000;346.0000000;346.4000000;6540
TATN;5;20160428;151500;346.2000000;346.8500000;346.1500000;346.8000000;25280
TATN;5;20160428;152000;346.8500000;347.3500000;346.6500000;346.8500000;16000
TATN;5;20160428;152500;346.9000000;346.9000000;346.6500000;346.7500000;21840
TATN;5;20160428;153000;346.9000000;346.9000000;346.3500000;346.3500000;8260
TATN;5;20160428;153500;346.3000000;346.8000000;346.0500000;346.8000000;14750
TATN;5;20160428;154000;346.8500000;346.9000000;346.5000000;346.7500000;25910
TATN;5;20160428;154500;346.6500000;347.8500000;346.6000000;347.6500000;25890
TATN;5;20160428;155000;347.7000000;348.3500000;347.5500000;348.3000000;15010
TATN;5;20160428;155500;348.1000000;348.3000000;348.0500000;348.2500000;1370
TATN;5;20160428;160000;348.4500000;349.6500000;348.4500000;349.5000000;42690
TATN;5;20160428;160500;349.4500000;349.7000000;347.5000000;348.3000000;14830
TATN;5;20160428;161000;348.5000000;348.7000000;347.2000000;348.4000000;16740
TATN;5;20160428;161500;348.1500000;349.0500000;348.0000000;348.7500000;13980
TATN;5;20160428;162000;348.7500000;349.2500000;348.4500000;348.7000000;21260
TATN;5;20160428;162500;349.0000000;349.3000000;348.2500000;348.4000000;11080
TATN;5;20160428;163000;348.4000000;348.4000000;347.3500000;347.4000000;5980
TATN;5;20160428;163500;347.4000000;347.7500000;346.8500000;347.7500000;6140
TATN;5;20160428;164000;347.7500000;348.0500000;346.7500000;347.0500000;13330
TATN;5;20160428;164500;347.0000000;347.8000000;346.8000000;347.7500000;9390
TATN;5;20160428;165000;347.8500000;348.3000000;347.6500000;347.8000000;14510
TATN;5;20160428;165500;347.8500000;348.5500000;347.8500000;348.5500000;10910
TATN;5;20160428;170000;348.5500000;349.5000000;348.2000000;349.4000000;14910
TATN;5;20160428;170500;349.1500000;349.9500000;349.0000000;349.7000000;11390
TATN;5;20160428;171000;349.9000000;350.3000000;349.9000000;350.3000000;10810
TATN;5;20160428;171500;350.3000000;350.8000000;350.1500000;350.7500000;16430
TATN;5;20160428;172000;350.6000000;350.8000000;350.0500000;350.3500000;5680
TATN;5;20160428;172500;350.3500000;350.8000000;350.3000000;350.4500000;14380
TATN;5;20160428;173000;350.7500000;351.8000000;350.5500000;351.5000000;19150
TATN;5;20160428;173500;351.5000000;351.5000000;349.4500000;349.4500000;18540
TATN;5;20160428;174000;349.4500000;349.5500000;348.8000000;349.4500000;10160
TATN;5;20160428;174500;349.8000000;350.6500000;349.0000000;349.6000000;24320
TATN;5;20160428;175000;349.5500000;349.7500000;349.3000000;349.6500000;2980
TATN;5;20160428;175500;349.7000000;349.7000000;349.1000000;349.1500000;6070
TATN;5;20160428;180000;349.2500000;350.1000000;349.2500000;349.7000000;12710
TATN;5;20160428;180500;349.8000000;350.4500000;349.8000000;350.4000000;3540
TATN;5;20160428;181000;350.3000000;350.8000000;350.3000000;350.7000000;4560
TATN;5;20160428;181500;350.5500000;351.0500000;350.5500000;351.0000000;6290
TATN;5;20160428;182000;351.0000000;352.0000000;350.8500000;352.0000000;29580
TATN;5;20160428;182500;352.0000000;352.6500000;351.9500000;352.6500000;21610
TATN;5;20160428;183000;352.5000000;352.7000000;352.2500000;352.6500000;18490
TATN;5;20160428;183500;352.5000000;353.6000000;352.3000000;353.6000000;84660
TATN;5;20160428;184000;353.6000000;355.0000000;353.6000000;354.8000000;120980
TATN;5;20160428;185000;356.9000000;356.9000000;356.9000000;356.9000000;132360
TATN;5;20160429;100500;355.1000000;355.3000000;353.5500000;353.9000000;43840
TATN;5;20160429;101000;353.7500000;353.9000000;352.0000000;352.8500000;40190
TATN;5;20160429;101500;352.9000000;353.5000000;351.5500000;351.8500000;45500
TATN;5;20160429;102000;351.8000000;352.3000000;351.3000000;351.8500000;12130
TATN;5;20160429;102500;352.1500000;352.7500000;351.1000000;351.4500000;41220
TATN;5;20160429;103000;351.6500000;352.3500000;351.4500000;352.3500000;8960
TATN;5;20160429;103500;352.1500000;353.4000000;351.4500000;352.7000000;30490
TATN;5;20160429;104000;352.7500000;352.8500000;351.2000000;351.2000000;25620
TATN;5;20160429;104500;351.2000000;352.1500000;350.9000000;352.1500000;22120
TATN;5;20160429;105000;352.1500000;352.9500000;351.9000000;352.8500000;10780
TATN;5;20160429;105500;352.8000000;352.9000000;352.0500000;352.0500000;12150
TATN;5;20160429;110000;352.1000000;352.3000000;351.0000000;351.0500000;7380
TATN;5;20160429;110500;351.0500000;351.2500000;349.8000000;349.9500000;35570
TATN;5;20160429;111000;349.9500000;349.9500000;348.8000000;349.7000000;17540
TATN;5;20160429;111500;349.7500000;350.3000000;349.0000000;349.0000000;34050
TATN;5;20160429;112000;349.0000000;349.6000000;348.6500000;349.6000000;11200
TATN;5;20160429;112500;349.5500000;349.5500000;348.5000000;348.6000000;23870
TATN;5;20160429;113000;348.6500000;349.3000000;348.4000000;348.6500000;22800
TATN;5;20160429;113500;348.5500000;349.2500000;348.2500000;348.5000000;17570
TATN;5;20160429;114000;348.7000000;348.7000000;348.0000000;348.5000000;18930
TATN;5;20160429;114500;348.6500000;348.9500000;348.4000000;348.7000000;4000
TATN;5;20160429;115000;348.6500000;349.0500000;348.3000000;349.0000000;36930
TATN;5;20160429;115500;349.0000000;349.9000000;349.0000000;349.2500000;28300
TATN;5;20160429;120000;349.0500000;349.3000000;348.7000000;348.7000000;14980
TATN;5;20160429;120500;348.7000000;348.7000000;348.1000000;348.3000000;10830
TATN;5;20160429;121000;348.3500000;348.7500000;347.8500000;348.3000000;18120
TATN;5;20160429;121500;348.0500000;348.4500000;347.2500000;347.2500000;15740
TATN;5;20160429;122000;347.2000000;347.2000000;346.2500000;346.4500000;37890
TATN;5;20160429;122500;346.7000000;346.8500000;345.8500000;345.8500000;37630
TATN;5;20160429;123000;345.8500000;346.3500000;345.8000000;346.1500000;15290
TATN;5;20160429;123500;345.9500000;346.4000000;345.5000000;346.0000000;22240
TATN;5;20160429;124000;346.0000000;346.2500000;345.5000000;345.5500000;11260
TATN;5;20160429;124500;345.5500000;345.8000000;345.2500000;345.4000000;15180
TATN;5;20160429;125000;345.3000000;345.6000000;345.2000000;345.4000000;14780
TATN;5;20160429;125500;345.2500000;345.9000000;344.3000000;345.3000000;51080
TATN;5;20160429;130000;345.4000000;347.4000000;345.2000000;347.0000000;124400
TATN;5;20160429;130500;347.0500000;347.9000000;346.8500000;347.3000000;59210
TATN;5;20160429;131000;347.4500000;349.4500000;347.2000000;349.1000000;78400
TATN;5;20160429;131500;349.1000000;349.2000000;347.3000000;347.3500000;27260
TATN;5;20160429;132000;347.4500000;347.9500000;346.6500000;346.8500000;32740
TATN;5;20160429;132500;346.8500000;347.2500000;346.6500000;347.1000000;10490
TATN;5;20160429;133000;346.9000000;347.8500000;346.8500000;347.3000000;17360
TATN;5;20160429;133500;347.3000000;347.6000000;346.4500000;346.7000000;17090
TATN;5;20160429;134000;346.6000000;346.6000000;345.5000000;345.8000000;22860
TATN;5;20160429;134500;345.6500000;346.5000000;345.1000000;345.5000000;42140
TATN;5;20160429;135000;345.4000000;345.4000000;345.0000000;345.1000000;8630
TATN;5;20160429;135500;345.3000000;345.3000000;345.0000000;345.0000000;11820
TATN;5;20160429;140000;345.0000000;345.7500000;345.0000000;345.1000000;11810
TATN;5;20160429;140500;345.4000000;345.4000000;344.6000000;344.6000000;22970
TATN;5;20160429;141000;344.7000000;345.3000000;344.5000000;344.5500000;18280
TATN;5;20160429;141500;344.9500000;345.3000000;344.0500000;344.5500000;12470
TATN;5;20160429;142000;344.5000000;344.6500000;344.2000000;344.2500000;3950
TATN;5;20160429;142500;344.4500000;344.5500000;344.0000000;344.3500000;13220
TATN;5;20160429;143000;344.3000000;344.3000000;343.4500000;343.7000000;40470
TATN;5;20160429;143500;343.7500000;343.8500000;342.5500000;342.5500000;46450
TATN;5;20160429;144000;342.7000000;342.8500000;342.0000000;342.1500000;43420
TATN;5;20160429;144500;342.1500000;342.1500000;341.0000000;341.4500000;39470
TATN;5;20160429;145000;341.4500000;343.1000000;341.2500000;341.9500000;53280
TATN;5;20160429;145500;341.9000000;342.2000000;341.9000000;342.1000000;6140
TATN;5;20160429;150000;342.1000000;342.5000000;342.0000000;342.2500000;9380
TATN;5;20160429;150500;342.4500000;342.5000000;341.8500000;342.1000000;8880
TATN;5;20160429;151000;341.9000000;341.9000000;340.7000000;340.9000000;30710
TATN;5;20160429;151500;340.6500000;340.9500000;340.1000000;340.2000000;28790
TATN;5;20160429;152000;340.2000000;340.4000000;340.0500000;340.0500000;21950
TATN;5;20160429;152500;340.2000000;340.8000000;339.6000000;339.7000000;43060
TATN;5;20160429;153000;339.6500000;340.4500000;339.5000000;339.9500000;38230
TATN;5;20160429;153500;340.0000000;340.4000000;339.7000000;340.1500000;11100
TATN;5;20160429;154000;340.1500000;340.3000000;339.7000000;340.0000000;12430
TATN;5;20160429;154500;340.2000000;340.5000000;340.0000000;340.1000000;6740
TATN;5;20160429;155000;340.0500000;340.3000000;340.0000000;340.3000000;4660
TATN;5;20160429;155500;340.1000000;340.1000000;339.5000000;339.5500000;12560
TATN;5;20160429;160000;339.5000000;339.5000000;338.7000000;339.0000000;31570
TATN;5;20160429;160500;339.0000000;339.7000000;338.5000000;339.5000000;54520
TATN;5;20160429;161000;339.5000000;339.6500000;339.0500000;339.2000000;9850
TATN;5;20160429;161500;339.3500000;340.4000000;339.0000000;340.4000000;34530
TATN;5;20160429;162000;340.3500000;340.4000000;339.8500000;340.3500000;23020
TATN;5;20160429;162500;340.4000000;340.8000000;339.8000000;340.4000000;15100
TATN;5;20160429;163000;340.4000000;340.6500000;339.7500000;339.9000000;26800
TATN;5;20160429;163500;339.7500000;340.0500000;339.0500000;339.2500000;44700
TATN;5;20160429;164000;339.5000000;339.7000000;338.7500000;339.1500000;22210
TATN;5;20160429;164500;339.0500000;339.8000000;339.0500000;339.5500000;14210
TATN;5;20160429;165000;339.6000000;339.8000000;339.0500000;339.8000000;7440
TATN;5;20160429;165500;339.5500000;339.5500000;339.0000000;339.1500000;21100
TATN;5;20160429;170000;339.0500000;339.1500000;338.0000000;338.0000000;51270
TATN;5;20160429;170500;338.0000000;338.2000000;337.0000000;337.1500000;62410
TATN;5;20160429;171000;337.1000000;337.7000000;337.0000000;337.7000000;36020
TATN;5;20160429;171500;337.7000000;338.0000000;337.0500000;337.2500000;57940
TATN;5;20160429;172000;337.1000000;337.2500000;336.1500000;336.6500000;63030
TATN;5;20160429;172500;336.6500000;337.7000000;336.4500000;337.7000000;31040
TATN;5;20160429;173000;337.4500000;338.2500000;336.0000000;336.5500000;53940
TATN;5;20160429;173500;336.6500000;338.4000000;336.3000000;338.2500000;31420
TATN;5;20160429;174000;338.1500000;339.5500000;338.1500000;339.2000000;29740
TATN;5;20160429;174500;339.2500000;339.7000000;338.0000000;339.6000000;40580
TATN;5;20160429;175000;339.4500000;339.6000000;338.8000000;339.2500000;16370
TATN;5;20160429;175500;339.1500000;339.1500000;338.3500000;338.6000000;13220
TATN;5;20160429;180000;338.5500000;339.4500000;338.3000000;339.0000000;53060
TATN;5;20160429;180500;338.9500000;339.4500000;338.9500000;339.4500000;7390
TATN;5;20160429;181000;339.4500000;340.1500000;339.3000000;339.8000000;24820
TATN;5;20160429;181500;339.8000000;340.0000000;339.5500000;339.9500000;6640
TATN;5;20160429;182000;339.8500000;339.9500000;338.5000000;338.9500000;21120
TATN;5;20160429;182500;338.7500000;338.7500000;337.3500000;338.0500000;29960
TATN;5;20160429;183000;338.3500000;339.2000000;338.3000000;338.9000000;30910
TATN;5;20160429;183500;339.0500000;340.1000000;339.0000000;339.9000000;45060
TATN;5;20160429;184000;339.9000000;342.3000000;338.4000000;338.4000000;169090
TATN;5;20160429;185000;340.9500000;340.9500000;340.9500000;340.9500000;62040
TATN;5;20160504;100500;334.0500000;340.6500000;334.0500000;336.0000000;157370
TATN;5;20160504;101000;336.0000000;336.3000000;335.1000000;335.8500000;33130
TATN;5;20160504;101500;335.9500000;337.7500000;335.3500000;335.6500000;65380
TATN;5;20160504;102000;335.6500000;336.0500000;334.1500000;334.3500000;45850
TATN;5;20160504;102500;334.1500000;335.1500000;334.0500000;334.7500000;16450
TATN;5;20160504;103000;334.7000000;335.1500000;334.0500000;335.1000000;12560
TATN;5;20160504;103500;335.1000000;335.1000000;334.2000000;334.9500000;16420
TATN;5;20160504;104000;334.9500000;335.4000000;334.2000000;335.2500000;16400
TATN;5;20160504;104500;335.2500000;335.6500000;334.3500000;334.6000000;16350
TATN;5;20160504;105000;334.6000000;335.3500000;334.3000000;334.9000000;12170
TATN;5;20160504;105500;335.1000000;335.1000000;334.3000000;334.9500000;14790
TATN;5;20160504;110000;334.9500000;336.0500000;334.7000000;334.8500000;11950
TATN;5;20160504;110500;334.9000000;335.4500000;334.5500000;334.7000000;13010
TATN;5;20160504;111000;334.7000000;334.9500000;334.5000000;334.6000000;5030
TATN;5;20160504;111500;334.6000000;334.8500000;334.1000000;334.8000000;29600
TATN;5;20160504;112000;334.8000000;335.1500000;334.4000000;334.8000000;23000
TATN;5;20160504;112500;334.8000000;335.1500000;334.3500000;334.7500000;22220
TATN;5;20160504;113000;334.7500000;334.7500000;333.6000000;333.6000000;28180
TATN;5;20160504;113500;333.6500000;333.8500000;333.5000000;333.8000000;5790
TATN;5;20160504;114000;333.8500000;334.4000000;333.8500000;334.3000000;8680
TATN;5;20160504;114500;334.2500000;335.0000000;334.2500000;334.9500000;7530
TATN;5;20160504;115000;334.9500000;335.5000000;333.3500000;333.5500000;13370
TATN;5;20160504;115500;333.7000000;333.8500000;332.3500000;332.7500000;25660
TATN;5;20160504;120000;332.5500000;332.5500000;330.7000000;330.9500000;16900
TATN;5;20160504;120500;330.8500000;331.2000000;329.8500000;329.9500000;55590
TATN;5;20160504;121000;330.0500000;331.1000000;330.0500000;330.6000000;27150
TATN;5;20160504;121500;330.6000000;331.1000000;330.4500000;331.0000000;13150
TATN;5;20160504;122000;330.9000000;331.0000000;330.5000000;330.6500000;17170
TATN;5;20160504;122500;330.7000000;330.7000000;330.3000000;330.6000000;6370
TATN;5;20160504;123000;330.6000000;330.7500000;330.3500000;330.7000000;5270
TATN;5;20160504;123500;330.6500000;330.7000000;330.2000000;330.2000000;10760
TATN;5;20160504;124000;330.4000000;330.4000000;330.0000000;330.2000000;6680
TATN;5;20160504;124500;330.2000000;330.2500000;329.0000000;329.0000000;23840
TATN;5;20160504;125000;329.0000000;329.0000000;328.0500000;328.6500000;17780
TATN;5;20160504;125500;328.7500000;328.8500000;328.0000000;328.8500000;25100
TATN;5;20160504;130000;328.9000000;329.3000000;328.8500000;329.3000000;7790
TATN;5;20160504;130500;329.1500000;329.3000000;328.9500000;329.3000000;6320
TATN;5;20160504;131000;329.3000000;329.3000000;329.1000000;329.2000000;3500
TATN;5;20160504;131500;329.0500000;329.2000000;328.8000000;328.8000000;2770
TATN;5;20160504;132000;328.7000000;329.3000000;328.7000000;329.3000000;6290
TATN;5;20160504;132500;329.3000000;329.3000000;328.9500000;329.2500000;3130
TATN;5;20160504;133000;329.1000000;329.3000000;328.8500000;329.0500000;11600
TATN;5;20160504;133500;329.2000000;329.3000000;328.6500000;328.9000000;8230
TATN;5;20160504;134000;328.9000000;328.9500000;328.4000000;328.5500000;4140
TATN;5;20160504;134500;328.5500000;328.7500000;328.4500000;328.7500000;3060
TATN;5;20160504;135000;328.5000000;328.6000000;328.0500000;328.3000000;20790
TATN;5;20160504;135500;328.3000000;328.5000000;327.7500000;328.0500000;16010
TATN;5;20160504;140000;328.0500000;328.2000000;327.5500000;327.5500000;5930
TATN;5;20160504;140500;327.8500000;327.9000000;327.0000000;327.0000000;13010
TATN;5;20160504;141000;327.0000000;327.2000000;326.5500000;326.7500000;21250
TATN;5;20160504;141500;326.7500000;326.8500000;326.6000000;326.6000000;3660
TATN;5;20160504;142000;326.7000000;326.7000000;325.7000000;325.9500000;19700
TATN;5;20160504;142500;326.0000000;326.8500000;325.4500000;326.1500000;49470
TATN;5;20160504;143000;326.3500000;327.8500000;326.3500000;327.5500000;17040
TATN;5;20160504;143500;327.4500000;327.6000000;326.9000000;326.9000000;5260
TATN;5;20160504;144000;327.0500000;327.1500000;326.0000000;326.1500000;13360
TATN;5;20160504;144500;326.0500000;326.3000000;325.5500000;325.5500000;15460
TATN;5;20160504;145000;325.5500000;325.7000000;324.3000000;324.6500000;55350
TATN;5;20160504;145500;324.5000000;326.2500000;324.5000000;324.9000000;20140
TATN;5;20160504;150000;324.9500000;326.7500000;324.8500000;326.2500000;9240
TATN;5;20160504;150500;326.0500000;327.1000000;325.9500000;326.6500000;10730
TATN;5;20160504;151000;326.7000000;327.1000000;326.4000000;326.8000000;10740
TATN;5;20160504;151500;326.8000000;326.8000000;325.2500000;325.2500000;14980
TATN;5;20160504;152000;325.2500000;325.2500000;324.9500000;325.0500000;4700
TATN;5;20160504;152500;324.9500000;325.4000000;324.9000000;325.4000000;5540
TATN;5;20160504;153000;325.4500000;326.4000000;325.4500000;326.0000000;10230
TATN;5;20160504;153500;326.1000000;326.4000000;325.9500000;326.3500000;13500
TATN;5;20160504;154000;326.2500000;326.5000000;325.5500000;325.7500000;22450
TATN;5;20160504;154500;325.8000000;326.2000000;325.3500000;326.1000000;16800
TATN;5;20160504;155000;325.9000000;326.5000000;325.4500000;326.5000000;28290
TATN;5;20160504;155500;326.3000000;326.7500000;326.3000000;326.7500000;9800
TATN;5;20160504;160000;326.6000000;328.7000000;326.6000000;328.4500000;36440
TATN;5;20160504;160500;328.4500000;328.6500000;328.3000000;328.4500000;21000
TATN;5;20160504;161000;328.4000000;328.5000000;327.5000000;327.7500000;20650
TATN;5;20160504;161500;327.5500000;328.0500000;326.9500000;327.9500000;23080
TATN;5;20160504;162000;327.9000000;327.9000000;327.1000000;327.5500000;8300
TATN;5;20160504;162500;327.3500000;328.4500000;327.3500000;328.3000000;9690
TATN;5;20160504;163000;328.1500000;328.1500000;328.0000000;328.1000000;7180
TATN;5;20160504;163500;328.0000000;328.2500000;327.5500000;328.0500000;23250
TATN;5;20160504;164000;328.3500000;328.4500000;327.1000000;327.7000000;32080
TATN;5;20160504;164500;327.3500000;327.5000000;326.5000000;326.5000000;20750
TATN;5;20160504;165000;326.5000000;327.1500000;326.0500000;326.7500000;14640
TATN;5;20160504;165500;326.5500000;326.8000000;326.0000000;326.0000000;21060
TATN;5;20160504;170000;326.0500000;326.3500000;325.8500000;326.0000000;14650
TATN;5;20160504;170500;326.0000000;326.3500000;325.4500000;325.5000000;9500
TATN;5;20160504;171000;325.4000000;325.6000000;325.2000000;325.2500000;23410
TATN;5;20160504;171500;325.3000000;326.1000000;325.2500000;325.6500000;16330
TATN;5;20160504;172000;325.6500000;326.5000000;325.5500000;326.1500000;9930
TATN;5;20160504;172500;326.0500000;327.2500000;325.8500000;327.0500000;8420
TATN;5;20160504;173000;327.2500000;327.3500000;325.9000000;325.9000000;11750
TATN;5;20160504;173500;325.9000000;327.9000000;325.2000000;327.2500000;34490
TATN;5;20160504;174000;327.4000000;327.6500000;327.1500000;327.3000000;6890
TATN;5;20160504;174500;327.1000000;327.1000000;326.0000000;326.3500000;16760
TATN;5;20160504;175000;326.3500000;326.3500000;325.9000000;326.0000000;8180
TATN;5;20160504;175500;326.0000000;326.0000000;325.7500000;325.8500000;6550
TATN;5;20160504;180000;325.9500000;325.9500000;325.3000000;325.4000000;17140
TATN;5;20160504;180500;325.3500000;325.8500000;325.2000000;325.4000000;9340
TATN;5;20160504;181000;325.5500000;326.0500000;325.5000000;325.5000000;10800
TATN;5;20160504;181500;325.4500000;325.8000000;325.2000000;325.5000000;19860
TATN;5;20160504;182000;325.5000000;325.7500000;325.5000000;325.7500000;5400
TATN;5;20160504;182500;325.7500000;325.8000000;325.4500000;325.8000000;23420
TATN;5;20160504;183000;325.8000000;326.5000000;325.5500000;326.3500000;39030
TATN;5;20160504;183500;326.3500000;327.0000000;325.9500000;327.0000000;26310
TATN;5;20160504;184000;327.0000000;328.4000000;326.9000000;328.0000000;94910
TATN;5;20160504;185000;330.4000000;330.4000000;330.4000000;330.4000000;169700
TATN;5;20160505;100500;331.7000000;331.7000000;325.8500000;325.9500000;98850
TATN;5;20160505;101000;325.9500000;326.1500000;325.5500000;325.7500000;23430
TATN;5;20160505;101500;325.7500000;326.8500000;325.5500000;326.5000000;30660
TATN;5;20160505;102000;326.5000000;326.7500000;325.8000000;325.9500000;21150
TATN;5;20160505;102500;325.8500000;325.9000000;325.0000000;325.5000000;42400
TATN;5;20160505;103000;325.7500000;325.9500000;325.4500000;325.8000000;6880
TATN;5;20160505;103500;326.0000000;326.1000000;325.4000000;325.4500000;20510
TATN;5;20160505;104000;325.2500000;325.8000000;325.1000000;325.5000000;11160
TATN;5;20160505;104500;325.7000000;326.3500000;325.5000000;325.8500000;14540
TATN;5;20160505;105000;326.2000000;326.3000000;325.3500000;325.4500000;12420
TATN;5;20160505;105500;325.3500000;325.4000000;325.1500000;325.2000000;12840
TATN;5;20160505;110000;325.2000000;325.3500000;323.7000000;324.0000000;43850
TATN;5;20160505;110500;323.7500000;324.3500000;323.7000000;324.2000000;20560
TATN;5;20160505;111000;324.0500000;325.3500000;324.0500000;325.2000000;5890
TATN;5;20160505;111500;324.8000000;325.3000000;323.7000000;323.8000000;14360
TATN;5;20160505;112000;323.7000000;324.0000000;323.3000000;323.7000000;11640
TATN;5;20160505;112500;323.7000000;323.7000000;322.7000000;322.9000000;28210
TATN;5;20160505;113000;322.8500000;324.6000000;322.7000000;323.5000000;20600
TATN;5;20160505;113500;323.2500000;323.7000000;323.1500000;323.3500000;3790
TATN;5;20160505;114000;323.8000000;323.8000000;323.0500000;323.0500000;4910
TATN;5;20160505;114500;323.0500000;323.5000000;323.0500000;323.5000000;3800
TATN;5;20160505;115000;323.5000000;324.4000000;323.2500000;323.8000000;14680
TATN;5;20160505;115500;323.8000000;324.1000000;323.0500000;323.3500000;5940
TATN;5;20160505;120000;323.1500000;324.1500000;323.0500000;323.2500000;20950
TATN;5;20160505;120500;323.1500000;323.4500000;323.0000000;323.1000000;8030
TATN;5;20160505;121000;323.1500000;323.3000000;322.8500000;323.1000000;3850
TATN;5;20160505;121500;322.9500000;323.3000000;322.8500000;323.0500000;9030
TATN;5;20160505;122000;323.0500000;323.4000000;322.8000000;323.0000000;41800
TATN;5;20160505;122500;323.1000000;324.7500000;322.9000000;323.2000000;48910
TATN;5;20160505;123000;323.3000000;327.0000000;323.3000000;326.1500000;567530
TATN;5;20160505;123500;326.0000000;326.3000000;324.7500000;325.0000000;65050
TATN;5;20160505;124000;325.1500000;325.4500000;324.0000000;324.0000000;26490
TATN;5;20160505;124500;324.2000000;324.6500000;323.7000000;323.9000000;11490
TATN;5;20160505;125000;323.9000000;323.9000000;323.3500000;323.3500000;8100
TATN;5;20160505;125500;323.4000000;324.0500000;323.0000000;323.5000000;12100
TATN;5;20160505;130000;323.7000000;323.7000000;323.1500000;323.3000000;4110
TATN;5;20160505;130500;323.1500000;323.2500000;321.8000000;321.8000000;54450
TATN;5;20160505;131000;321.9500000;323.2500000;321.4000000;322.1000000;19300
TATN;5;20160505;131500;322.0000000;322.0000000;321.5000000;321.5500000;16300
TATN;5;20160505;132000;321.5500000;321.8500000;321.5000000;321.8000000;17630
TATN;5;20160505;132500;321.6500000;322.0000000;321.5000000;321.9500000;11920
TATN;5;20160505;133000;321.5500000;321.9500000;321.5500000;321.6500000;1370
TATN;5;20160505;133500;321.6500000;321.6500000;321.2500000;321.2500000;9470
TATN;5;20160505;134000;321.2000000;321.2500000;320.7500000;320.8000000;25520
TATN;5;20160505;134500;320.8000000;321.7000000;320.8000000;321.5500000;7020
TATN;5;20160505;135000;321.4500000;322.9000000;321.4500000;322.9000000;8000
TATN;5;20160505;135500;322.9000000;324.5500000;322.5500000;323.8500000;21610
TATN;5;20160505;140000;323.8500000;324.1000000;323.7000000;323.7000000;1370
TATN;5;20160505;140500;323.7000000;324.1500000;323.6000000;324.0000000;1180
TATN;5;20160505;141000;324.0000000;324.0000000;323.1500000;323.1500000;11280
TATN;5;20160505;141500;323.0500000;323.5500000;323.0500000;323.3000000;3660
TATN;5;20160505;142000;323.3000000;323.8500000;323.3000000;323.7500000;12290
TATN;5;20160505;142500;323.4500000;324.0000000;323.4000000;323.4500000;11060
TATN;5;20160505;143000;323.4500000;323.9000000;323.4500000;323.7500000;610
TATN;5;20160505;143500;323.9000000;323.9500000;323.6000000;323.7500000;840
TATN;5;20160505;144000;323.7500000;324.1500000;323.7500000;323.8000000;2340
TATN;5;20160505;144500;324.1500000;324.4500000;323.8000000;324.1500000;10040
TATN;5;20160505;145000;324.1500000;324.5000000;324.1500000;324.2000000;8890
TATN;5;20160505;145500;324.2000000;325.1500000;324.0500000;324.9000000;10980
TATN;5;20160505;150000;324.9000000;325.4000000;324.8000000;325.1500000;3210
TATN;5;20160505;150500;325.4000000;325.9000000;325.3500000;325.8000000;13100
TATN;5;20160505;151000;325.8000000;326.0500000;325.6000000;325.8500000;7520
TATN;5;20160505;151500;325.6000000;325.9500000;325.6000000;325.9500000;2970
TATN;5;20160505;152000;326.0000000;326.4000000;325.7000000;326.4000000;8010
TATN;5;20160505;152500;326.4000000;326.8000000;326.0500000;326.7000000;28040
TATN;5;20160505;153000;326.6500000;326.8000000;326.3000000;326.5000000;7080
TATN;5;20160505;153500;326.5000000;326.9000000;326.5000000;326.5500000;3040
TATN;5;20160505;154000;326.5500000;326.5500000;325.2500000;325.2500000;34250
TATN;5;20160505;154500;325.2500000;326.3000000;325.1000000;325.6000000;11200
TATN;5;20160505;155000;325.6000000;325.9500000;325.2500000;325.3500000;7250
TATN;5;20160505;155500;325.3500000;325.3500000;325.0000000;325.0500000;4010
TATN;5;20160505;160000;325.0500000;325.8500000;325.0500000;325.5500000;3630
TATN;5;20160505;160500;325.5500000;326.0000000;325.2500000;325.9000000;4190
TATN;5;20160505;161000;325.4500000;325.5000000;325.1500000;325.1500000;7340
TATN;5;20160505;161500;325.1500000;325.4500000;325.1500000;325.1500000;4530
TATN;5;20160505;162000;325.3500000;325.7000000;325.0000000;325.1000000;4770
TATN;5;20160505;162500;325.4000000;325.4000000;324.9500000;325.0000000;5670
TATN;5;20160505;163000;325.0000000;325.1500000;324.8000000;324.8500000;13970
TATN;5;20160505;163500;324.8500000;325.1000000;323.9500000;324.1000000;36750
TATN;5;20160505;164000;323.9500000;324.2000000;322.9000000;323.5500000;31800
TATN;5;20160505;164500;323.9000000;324.0000000;322.8000000;322.8000000;15050
TATN;5;20160505;165000;322.9500000;323.1500000;322.2500000;322.5500000;19890
TATN;5;20160505;165500;322.5500000;324.1000000;322.3500000;323.6000000;10450
TATN;5;20160505;170000;323.6000000;323.7500000;322.6000000;322.7000000;12360
TATN;5;20160505;170500;322.7000000;323.9000000;322.1500000;323.8000000;17810
TATN;5;20160505;171000;323.4500000;324.1500000;323.4000000;324.0000000;5270
TATN;5;20160505;171500;324.0000000;325.8000000;323.8000000;325.3500000;17610
TATN;5;20160505;172000;325.3500000;325.8000000;324.5000000;324.5000000;4950
TATN;5;20160505;172500;324.5000000;325.0000000;324.4000000;324.6500000;2430
TATN;5;20160505;173000;324.6500000;325.5000000;324.4500000;324.4500000;5170
TATN;5;20160505;173500;324.4500000;324.9500000;324.3000000;324.5500000;1210
TATN;5;20160505;174000;324.4500000;324.8000000;324.1000000;324.3000000;2820
TATN;5;20160505;174500;324.2500000;324.3000000;323.5000000;323.6000000;15920
TATN;5;20160505;175000;323.7500000;323.9500000;323.5500000;323.9500000;6570
TATN;5;20160505;175500;323.7000000;323.9500000;323.5000000;323.7000000;4190
TATN;5;20160505;180000;323.7000000;324.0000000;323.5000000;323.6500000;11550
TATN;5;20160505;180500;323.7000000;323.8000000;323.4000000;323.5500000;6280
TATN;5;20160505;181000;323.5500000;323.8000000;323.5500000;323.5500000;1200
TATN;5;20160505;181500;323.5500000;323.7500000;323.2500000;323.2500000;16980
TATN;5;20160505;182000;323.2500000;326.2500000;323.2500000;325.3500000;95700
TATN;5;20160505;182500;325.3500000;325.4000000;324.7000000;324.9500000;20480
TATN;5;20160505;183000;324.9500000;325.6500000;324.9000000;325.3500000;39240
TATN;5;20160505;183500;325.3500000;325.7000000;325.1500000;325.4000000;35330
TATN;5;20160505;184000;325.4000000;327.2000000;325.3000000;325.3000000;140740
TATN;5;20160505;185000;323.6500000;323.6500000;323.6500000;323.6500000;65210
TATN;5;20160506;100500;323.0000000;323.2000000;321.5500000;321.5500000;29100
TATN;5;20160506;101000;321.5500000;321.7500000;320.1500000;320.7000000;51410
TATN;5;20160506;101500;320.7000000;320.9000000;320.2500000;320.8500000;11430
TATN;5;20160506;102000;320.6500000;322.0000000;320.3500000;321.3000000;68180
TATN;5;20160506;102500;321.2500000;322.9500000;321.1500000;322.9000000;43430
TATN;5;20160506;103000;322.9500000;322.9500000;321.6000000;321.9000000;42090
TATN;5;20160506;103500;321.8000000;322.6000000;321.5500000;322.3500000;10560
TATN;5;20160506;104000;322.1000000;322.3500000;321.6000000;321.7000000;7300
TATN;5;20160506;104500;321.7000000;322.0000000;321.5000000;321.9500000;6570
TATN;5;20160506;105000;322.0000000;322.0000000;321.0500000;321.1500000;11840
TATN;5;20160506;105500;321.1500000;321.1500000;320.7000000;321.0000000;13350
TATN;5;20160506;110000;320.9000000;321.5000000;320.6500000;321.0000000;15900
TATN;5;20160506;110500;321.3500000;322.9000000;321.3500000;321.8000000;33510
TATN;5;20160506;111000;321.8000000;321.8500000;321.3500000;321.5000000;2900
TATN;5;20160506;111500;321.9000000;322.1000000;321.4500000;321.4500000;7910
TATN;5;20160506;112000;321.4500000;321.5000000;321.0000000;321.1500000;5920
TATN;5;20160506;112500;321.0000000;321.1500000;320.7500000;320.8500000;8450
TATN;5;20160506;113000;320.8500000;322.4000000;320.7500000;322.2500000;20780
TATN;5;20160506;113500;322.1500000;323.5000000;322.1000000;322.8000000;59150
TATN;5;20160506;114000;322.8000000;323.2000000;322.8000000;323.2000000;6570
TATN;5;20160506;114500;323.2000000;323.2000000;322.6500000;322.6500000;6590
TATN;5;20160506;115000;322.3000000;322.9500000;321.5500000;322.6500000;17580
TATN;5;20160506;115500;322.9500000;323.0000000;322.1500000;322.1500000;9610
TATN;5;20160506;120000;322.7500000;322.7500000;322.2500000;322.4500000;5520
TATN;5;20160506;120500;322.7000000;322.7000000;321.6500000;322.1000000;24510
TATN;5;20160506;121000;322.2000000;322.4000000;321.5500000;321.9500000;20840
TATN;5;20160506;121500;321.9500000;322.4500000;321.8500000;322.4500000;3610
TATN;5;20160506;122000;322.3000000;322.3000000;321.9000000;321.9500000;5700
TATN;5;20160506;122500;321.8000000;322.1500000;321.8000000;321.9000000;4840
TATN;5;20160506;123000;321.8000000;322.0500000;321.6500000;321.6500000;4920
TATN;5;20160506;123500;321.6000000;322.1000000;321.0000000;322.1000000;15190
TATN;5;20160506;124000;322.1000000;322.2500000;321.5500000;322.2000000;9470
TATN;5;20160506;124500;322.0000000;322.1000000;321.7000000;322.0000000;3850
TATN;5;20160506;125000;321.8000000;322.1000000;321.7500000;322.0500000;4610
TATN;5;20160506;125500;321.8500000;322.2000000;321.6000000;321.6500000;10700
TATN;5;20160506;130000;322.1500000;322.2000000;321.7500000;321.7500000;1460
TATN;5;20160506;130500;321.7500000;321.7500000;321.0500000;321.5000000;24970
TATN;5;20160506;131000;321.5500000;321.9000000;321.5000000;321.6000000;5520
TATN;5;20160506;131500;321.6500000;321.8500000;321.4000000;321.8000000;1940
TATN;5;20160506;132000;321.5500000;321.6500000;320.5500000;321.1500000;7490
TATN;5;20160506;132500;321.0500000;321.2500000;320.6500000;320.7500000;2910
TATN;5;20160506;133000;321.0000000;321.4500000;320.6000000;321.2500000;2360
TATN;5;20160506;133500;320.8500000;320.9500000;320.7500000;320.7500000;3310
TATN;5;20160506;134000;321.0000000;321.0000000;320.9500000;321.0000000;2290
TATN;5;20160506;134500;321.0000000;321.2500000;320.8000000;321.2500000;2230
TATN;5;20160506;135000;321.0000000;321.0000000;320.9500000;320.9500000;590
TATN;5;20160506;135500;320.8500000;321.8000000;320.8500000;321.5000000;4570
TATN;5;20160506;140000;321.4500000;321.4500000;321.0500000;321.2500000;4200
TATN;5;20160506;140500;321.0500000;321.0500000;320.9000000;321.0000000;2260
TATN;5;20160506;141000;320.9000000;321.5000000;320.7500000;321.5000000;4630
TATN;5;20160506;141500;321.3000000;321.3000000;321.2000000;321.2000000;650
TATN;5;20160506;142000;321.0500000;321.0500000;320.7500000;320.8500000;3600
TATN;5;20160506;142500;320.8500000;320.9000000;320.8000000;320.8500000;1580
TATN;5;20160506;143000;320.8500000;321.3500000;320.8000000;320.8000000;7620
TATN;5;20160506;143500;320.9500000;321.2500000;320.9500000;321.2000000;2150
TATN;5;20160506;144000;321.2000000;321.2000000;320.6000000;320.6000000;15860
TATN;5;20160506;144500;320.6000000;320.7500000;319.2000000;319.4000000;47590
TATN;5;20160506;145000;319.3000000;319.5000000;318.5000000;319.4000000;24030
TATN;5;20160506;145500;319.2500000;319.2500000;318.5000000;319.1000000;6180
TATN;5;20160506;150000;319.0000000;319.0000000;318.2500000;318.2500000;11730
TATN;5;20160506;150500;318.3500000;318.5500000;318.2500000;318.5000000;2420
TATN;5;20160506;151000;318.5000000;318.5000000;318.3500000;318.3500000;3000
TATN;5;20160506;151500;318.3000000;318.5000000;318.2500000;318.5000000;2760
TATN;5;20160506;152000;318.5000000;318.5000000;318.3000000;318.3000000;6080
TATN;5;20160506;152500;318.2500000;318.3500000;318.1500000;318.3500000;11410
TATN;5;20160506;153000;318.4000000;318.5500000;318.2500000;318.4500000;7410
TATN;5;20160506;153500;318.3500000;319.2000000;318.0500000;319.2000000;21600
TATN;5;20160506;154000;319.2000000;319.6000000;318.6000000;318.8000000;20230
TATN;5;20160506;154500;318.8500000;319.7000000;318.5500000;318.7000000;16290
TATN;5;20160506;155000;318.5500000;318.8000000;318.1500000;318.1500000;9190
TATN;5;20160506;155500;318.1500000;318.5000000;318.1000000;318.3000000;5450
TATN;5;20160506;160000;318.3500000;318.5500000;318.0000000;318.5500000;6720
TATN;5;20160506;160500;318.5500000;318.5500000;318.0500000;318.2000000;4080
TATN;5;20160506;161000;318.2000000;318.6000000;318.1000000;318.3000000;12350
TATN;5;20160506;161500;319.0000000;319.1000000;318.2000000;318.5500000;9720
TATN;5;20160506;162000;318.8000000;320.0000000;318.8000000;319.4000000;20100
TATN;5;20160506;162500;319.4000000;320.1000000;318.9000000;319.6000000;18980
TATN;5;20160506;163000;319.7500000;320.5500000;319.5000000;320.1500000;19460
TATN;5;20160506;163500;320.3500000;321.0500000;319.0500000;319.7000000;33200
TATN;5;20160506;164000;319.5500000;320.0500000;319.3000000;320.0500000;11810
TATN;5;20160506;164500;320.0500000;320.9000000;320.0500000;320.5000000;15530
TATN;5;20160506;165000;320.9000000;321.2000000;320.3000000;321.0000000;17470
TATN;5;20160506;165500;320.6500000;322.0000000;320.6500000;321.4500000;15350
TATN;5;20160506;170000;321.8000000;322.2000000;321.3500000;321.7000000;22530
TATN;5;20160506;170500;321.7500000;322.0500000;321.4000000;321.8500000;6080
TATN;5;20160506;171000;321.8000000;321.9500000;321.0500000;321.1000000;3480
TATN;5;20160506;171500;321.0500000;321.0500000;320.5000000;320.8000000;6480
TATN;5;20160506;172000;320.7500000;321.7500000;320.7500000;321.3500000;12300
TATN;5;20160506;172500;321.4000000;321.4000000;321.0500000;321.1000000;870
TATN;5;20160506;173000;321.1500000;321.2500000;320.6500000;321.2500000;7770
TATN;5;20160506;173500;320.9000000;320.9000000;320.9000000;320.9000000;500
TATN;5;20160506;174000;320.8500000;321.1500000;320.6500000;321.1000000;4600
TATN;5;20160506;174500;321.0000000;321.0000000;320.0000000;320.1000000;20210
TATN;5;20160506;175000;320.1500000;320.3000000;320.0000000;320.0000000;5320
TATN;5;20160506;175500;320.0000000;320.1500000;320.0000000;320.1500000;5780
TATN;5;20160506;180000;320.2000000;320.2500000;319.9500000;320.1000000;1120
TATN;5;20160506;180500;320.1000000;320.3000000;320.0000000;320.3000000;5470
TATN;5;20160506;181000;320.2000000;320.2000000;320.0000000;320.0000000;3930
TATN;5;20160506;181500;320.0500000;320.3000000;320.0500000;320.3000000;6370
TATN;5;20160506;182000;320.3000000;320.5500000;320.2500000;320.5500000;11060
TATN;5;20160506;182500;320.5500000;320.6000000;320.0500000;320.1500000;16020
TATN;5;20160506;183000;320.0500000;320.1500000;319.5000000;319.5000000;18270
TATN;5;20160506;183500;319.4500000;320.0500000;319.0500000;320.0500000;18590
TATN;5;20160506;184000;319.9500000;320.2000000;319.0500000;319.1000000;57590
TATN;5;20160506;185000;320.0000000;320.0000000;320.0000000;320.0000000;55770
TATN;5;20160510;100500;320.0000000;321.4500000;319.4000000;320.7000000;34510
TATN;5;20160510;101000;320.3500000;321.0500000;319.3000000;320.1000000;21860
TATN;5;20160510;101500;319.8000000;320.0000000;319.1500000;319.1500000;17330
TATN;5;20160510;102000;319.1000000;321.9500000;319.1000000;321.9000000;52180
TATN;5;20160510;102500;321.8500000;322.2000000;320.8000000;322.1500000;22060
TATN;5;20160510;103000;321.7000000;322.2500000;321.3500000;321.5500000;2580
TATN;5;20160510;103500;321.5500000;322.0000000;321.1000000;321.3000000;15630
TATN;5;20160510;104000;321.2500000;321.8000000;321.1500000;321.4000000;12010
TATN;5;20160510;104500;321.2000000;321.4000000;320.8000000;321.4000000;12280
TATN;5;20160510;105000;321.2000000;321.5000000;320.6500000;321.0000000;17120
TATN;5;20160510;105500;321.0000000;321.2000000;320.0000000;320.3500000;32000
TATN;5;20160510;110000;320.3500000;320.9000000;319.9500000;320.7500000;26440
TATN;5;20160510;110500;320.7500000;322.5000000;320.7500000;321.9000000;21870
TATN;5;20160510;111000;321.8000000;322.2500000;321.2500000;321.2500000;14520
TATN;5;20160510;111500;321.2000000;322.1500000;320.5000000;322.1500000;30500
TATN;5;20160510;112000;322.2500000;322.5000000;321.8000000;322.3000000;11850
TATN;5;20160510;112500;322.1000000;322.9500000;322.0000000;322.9000000;14180
TATN;5;20160510;113000;322.9000000;322.9500000;322.4500000;322.7000000;5290
TATN;5;20160510;113500;322.7000000;323.0500000;322.1500000;322.4500000;8680
TATN;5;20160510;114000;322.2000000;322.7500000;321.7500000;322.1000000;18560
TATN;5;20160510;114500;321.7000000;322.6500000;321.7000000;322.0500000;15020
TATN;5;20160510;115000;322.0500000;322.8500000;321.9000000;322.8500000;21490
TATN;5;20160510;115500;322.7500000;322.8500000;322.0000000;322.2000000;6770
TATN;5;20160510;120000;322.0500000;322.2500000;321.0000000;321.1500000;13280
TATN;5;20160510;120500;321.0000000;322.1500000;320.9500000;321.3000000;7590
TATN;5;20160510;121000;321.0000000;322.1500000;321.0000000;321.8000000;13570
TATN;5;20160510;121500;321.8000000;322.2500000;321.4000000;321.8500000;9650
TATN;5;20160510;122000;321.8500000;322.3000000;321.4500000;321.4500000;10060
TATN;5;20160510;122500;321.4000000;321.8000000;320.5500000;321.3500000;11840
TATN;5;20160510;123000;321.3500000;321.5500000;320.4500000;320.5000000;4770
TATN;5;20160510;123500;320.5500000;321.6000000;320.2000000;320.8500000;14990
TATN;5;20160510;124000;320.8500000;321.0500000;320.3500000;320.6500000;11700
TATN;5;20160510;124500;320.6500000;321.3000000;320.5500000;321.3000000;10870
TATN;5;20160510;125000;321.0000000;321.3000000;320.8500000;320.9500000;5840
TATN;5;20160510;125500;320.9500000;321.0000000;320.5500000;320.6000000;4310
TATN;5;20160510;130000;320.6000000;320.8500000;320.2000000;320.2500000;15420
TATN;5;20160510;130500;320.2500000;320.9500000;320.0000000;320.8000000;16740
TATN;5;20160510;131000;320.8000000;320.8000000;320.5500000;320.5500000;2860
TATN;5;20160510;131500;320.5500000;321.0500000;320.5000000;320.6000000;6370
TATN;5;20160510;132000;320.6000000;321.3000000;320.6000000;320.7000000;7950
TATN;5;20160510;132500;320.7000000;321.3500000;320.7000000;320.8000000;5260
TATN;5;20160510;133000;320.8000000;321.6000000;320.8000000;321.1500000;7480
TATN;5;20160510;133500;321.1500000;321.4000000;321.0000000;321.0500000;1670
TATN;5;20160510;134000;321.0500000;321.8500000;320.9500000;321.3500000;11090
TATN;5;20160510;134500;321.3000000;321.5500000;320.6000000;320.6000000;10730
TATN;5;20160510;135000;320.7000000;321.3500000;320.5000000;321.0000000;7850
TATN;5;20160510;135500;321.0000000;321.2500000;320.7000000;320.9500000;10570
TATN;5;20160510;140000;320.9500000;320.9500000;318.2500000;319.3500000;48980
TATN;5;20160510;140500;318.9500000;320.0500000;318.9500000;319.8000000;6370
TATN;5;20160510;141000;319.8000000;320.1500000;318.6500000;319.2000000;27500
TATN;5;20160510;141500;319.2000000;319.7000000;318.5500000;319.1500000;11910
TATN;5;20160510;142000;319.1500000;319.5000000;319.1500000;319.4000000;5000
TATN;5;20160510;142500;319.4000000;319.4000000;316.6500000;317.6000000;53900
TATN;5;20160510;143000;317.3500000;317.9500000;316.6500000;317.4000000;24130
TATN;5;20160510;143500;317.4500000;318.6000000;317.4500000;318.2500000;11230
TATN;5;20160510;144000;318.2500000;318.9000000;318.0500000;318.0500000;4060
TATN;5;20160510;144500;318.0500000;318.8500000;318.0000000;318.8500000;6150
TATN;5;20160510;145000;318.4500000;319.3500000;318.3500000;318.8000000;6660
TATN;5;20160510;145500;318.8500000;319.3500000;318.0000000;318.5000000;19180
TATN;5;20160510;150000;318.5000000;318.9000000;318.0000000;318.7000000;7800
TATN;5;20160510;150500;318.7000000;319.5000000;318.3000000;319.5000000;6990
TATN;5;20160510;151000;319.5000000;320.0000000;319.5000000;319.7500000;5320
TATN;5;20160510;151500;319.3500000;319.3500000;318.8000000;319.1000000;9940
TATN;5;20160510;152000;319.2000000;319.2000000;318.5000000;318.5000000;2200
TATN;5;20160510;152500;318.3000000;319.0000000;317.9500000;318.9000000;19090
TATN;5;20160510;153000;319.0500000;319.0500000;318.5500000;318.5500000;770
TATN;5;20160510;153500;318.5500000;318.5500000;317.8500000;318.0500000;7700
TATN;5;20160510;154000;318.0000000;318.0500000;317.7500000;318.0000000;3550
TATN;5;20160510;154500;317.9500000;318.5500000;317.9500000;318.5000000;4790
TATN;5;20160510;155000;318.6500000;318.6500000;317.8000000;317.9000000;6280
TATN;5;20160510;155500;317.7000000;318.1500000;317.6000000;318.1500000;4610
TATN;5;20160510;160000;317.7500000;318.2500000;317.2500000;317.6000000;9050
TATN;5;20160510;160500;317.6000000;317.9500000;317.3000000;317.7000000;7070
TATN;5;20160510;161000;317.4500000;317.9500000;317.3500000;317.6500000;9980
TATN;5;20160510;161500;317.5500000;318.4500000;317.2500000;317.6500000;27310
TATN;5;20160510;162000;317.4000000;318.0000000;317.1500000;317.4500000;10380
TATN;5;20160510;162500;317.3500000;317.5500000;317.1000000;317.1500000;4350
TATN;5;20160510;163000;317.1000000;317.3000000;317.1000000;317.1000000;10690
TATN;5;20160510;163500;317.1000000;317.9500000;316.7000000;317.1000000;14430
TATN;5;20160510;164000;317.0500000;317.7500000;317.0000000;317.1500000;13330
TATN;5;20160510;164500;317.1500000;317.9000000;316.7500000;317.7500000;16500
TATN;5;20160510;165000;317.5500000;317.9500000;317.2500000;317.6000000;8340
TATN;5;20160510;165500;317.5500000;318.4000000;317.5500000;318.3500000;10540
TATN;5;20160510;170000;318.0500000;318.7000000;318.0500000;318.7000000;14750
TATN;5;20160510;170500;318.5000000;319.3000000;318.4000000;319.2500000;14690
TATN;5;20160510;171000;319.2500000;320.0500000;319.2500000;320.0500000;16840
TATN;5;20160510;171500;319.8000000;320.0500000;319.2500000;319.8500000;11580
TATN;5;20160510;172000;319.5500000;320.8500000;319.5500000;320.4000000;25470
TATN;5;20160510;172500;320.6500000;321.0000000;320.0500000;320.8500000;23660
TATN;5;20160510;173000;320.5000000;321.6500000;320.5000000;321.3500000;22580
TATN;5;20160510;173500;321.5000000;321.7000000;321.0500000;321.7000000;11560
TATN;5;20160510;174000;321.5500000;321.6500000;320.2500000;320.2500000;11230
TATN;5;20160510;174500;320.4500000;320.8500000;320.0000000;320.1500000;16300
TATN;5;20160510;175000;320.0000000;320.6500000;319.5500000;320.1000000;16430
TATN;5;20160510;175500;320.0500000;320.0500000;319.2500000;319.3000000;7400
TATN;5;20160510;180000;319.2500000;320.0000000;319.2500000;319.3500000;12130
TATN;5;20160510;180500;319.4000000;319.9000000;319.4000000;319.8000000;4960
TATN;5;20160510;181000;319.7500000;319.7500000;319.3000000;319.5500000;10770
TATN;5;20160510;181500;319.6000000;319.6000000;319.2000000;319.2000000;6570
TATN;5;20160510;182000;319.1000000;319.4500000;318.9000000;319.3500000;11040
TATN;5;20160510;182500;319.3500000;319.4500000;318.9500000;319.0500000;5650
TATN;5;20160510;183000;319.0500000;319.9000000;319.0000000;319.9000000;14100
TATN;5;20160510;183500;319.5500000;320.4500000;319.5000000;320.3000000;10580
TATN;5;20160510;184000;320.4000000;321.3000000;320.3000000;320.9500000;32260
TATN;5;20160510;185000;321.2000000;321.2000000;321.2000000;321.2000000;28560
TATN;5;20160511;100500;321.5000000;325.1000000;321.5000000;323.1000000;54670
TATN;5;20160511;101000;323.0000000;323.0000000;321.4500000;322.0000000;12880
TATN;5;20160511;101500;321.5500000;322.5000000;321.2000000;322.5000000;8230
TATN;5;20160511;102000;322.0500000;322.5500000;321.2000000;322.0000000;12850
TATN;5;20160511;102500;322.0000000;323.3500000;321.9500000;322.5000000;19640
TATN;5;20160511;103000;322.2000000;322.9500000;322.2000000;322.3000000;6830
TATN;5;20160511;103500;322.1000000;323.0000000;321.8500000;322.6000000;9000
TATN;5;20160511;104000;322.5000000;322.9500000;322.3500000;322.8500000;8500
TATN;5;20160511;104500;322.5500000;322.7000000;321.2500000;321.2500000;14600
TATN;5;20160511;105000;321.3000000;322.1000000;320.5000000;320.7000000;17150
TATN;5;20160511;105500;320.5000000;321.9000000;320.5000000;321.1500000;7060
TATN;5;20160511;110000;321.1000000;321.9500000;320.9500000;321.9500000;7270
TATN;5;20160511;110500;321.5500000;322.9500000;321.5500000;322.5500000;11150
TATN;5;20160511;111000;322.4500000;323.3000000;322.3500000;323.0500000;13590
TATN;5;20160511;111500;322.8000000;324.2000000;322.7500000;323.4000000;9330
TATN;5;20160511;112000;323.4000000;323.5000000;322.6000000;323.1500000;3110
TATN;5;20160511;112500;323.0500000;323.1500000;322.5500000;322.5500000;2970
TATN;5;20160511;113000;322.5500000;323.0500000;322.4500000;322.7500000;3070
TATN;5;20160511;113500;322.5500000;323.2500000;322.5500000;322.7500000;3990
TATN;5;20160511;114000;322.9500000;323.6500000;322.6500000;323.6500000;4670
TATN;5;20160511;114500;323.6500000;324.1000000;323.5500000;323.9500000;5130
TATN;5;20160511;115000;323.9000000;324.3000000;323.5500000;324.2500000;9000
TATN;5;20160511;115500;324.1000000;324.7500000;324.1000000;324.3000000;13460
TATN;5;20160511;120000;324.3000000;324.8500000;324.2000000;324.8500000;10190
TATN;5;20160511;120500;324.8500000;324.8500000;324.3500000;324.3500000;750
TATN;5;20160511;121000;324.5000000;325.1000000;324.2000000;325.1000000;20610
TATN;5;20160511;121500;325.1000000;326.9000000;325.1000000;325.7500000;45200
TATN;5;20160511;122000;325.7500000;326.8500000;325.7500000;326.7500000;6840
TATN;5;20160511;122500;326.7500000;326.9000000;326.5000000;326.5000000;9190
TATN;5;20160511;123000;326.8500000;326.9000000;326.2000000;326.2000000;4820
TATN;5;20160511;123500;326.5500000;327.4000000;326.5500000;327.0000000;13100
TATN;5;20160511;124000;327.1000000;327.3500000;326.2000000;326.8500000;13460
TATN;5;20160511;124500;326.8500000;326.9500000;326.2000000;326.9500000;5060
TATN;5;20160511;125000;326.9000000;327.0500000;325.9000000;326.6000000;8600
TATN;5;20160511;125500;326.2000000;326.9000000;326.0500000;326.7000000;3970
TATN;5;20160511;130000;326.8000000;327.0000000;326.5000000;326.9500000;2570
TATN;5;20160511;130500;326.9000000;327.5000000;326.9000000;327.0000000;13590
TATN;5;20160511;131000;327.0000000;327.3000000;326.8500000;327.2000000;900
TATN;5;20160511;131500;327.2000000;327.6000000;327.0000000;327.6000000;15760
TATN;5;20160511;132000;327.5500000;328.0000000;327.2000000;327.2000000;12310
TATN;5;20160511;132500;327.8000000;328.2000000;327.5000000;327.5000000;8160
TATN;5;20160511;133000;327.6500000;328.1500000;327.5000000;328.1500000;11140
TATN;5;20160511;133500;328.1500000;328.4000000;328.0000000;328.4000000;8840
TATN;5;20160511;134000;328.4000000;328.5000000;327.8000000;328.0500000;7320
TATN;5;20160511;134500;328.0000000;328.4000000;327.8000000;328.4000000;5420
TATN;5;20160511;135000;328.4000000;328.4000000;327.5500000;328.0500000;4960
TATN;5;20160511;135500;328.0500000;328.3000000;327.5500000;327.7500000;9120
TATN;5;20160511;140000;327.8000000;327.9000000;327.5000000;327.8000000;6900
TATN;5;20160511;140500;327.5500000;327.9000000;327.0500000;327.1000000;2610
TATN;5;20160511;141000;327.1000000;327.8000000;327.1000000;327.1500000;4800
TATN;5;20160511;141500;327.1500000;327.8000000;327.0500000;327.6500000;3380
TATN;5;20160511;142000;327.2500000;327.6000000;327.0500000;327.1000000;770
TATN;5;20160511;142500;327.1000000;327.6000000;326.9500000;326.9500000;2920
TATN;5;20160511;143000;326.9500000;327.0000000;326.6000000;326.6000000;5190
TATN;5;20160511;143500;326.5000000;326.7500000;326.3000000;326.3500000;3790
TATN;5;20160511;144000;326.3500000;326.8000000;326.3500000;326.5500000;2000
TATN;5;20160511;144500;326.7000000;327.1500000;326.7000000;326.8000000;7060
TATN;5;20160511;145000;327.0500000;327.2000000;326.8500000;326.8500000;5350
TATN;5;20160511;145500;327.0000000;327.0000000;326.1000000;326.3500000;14220
TATN;5;20160511;150000;326.4000000;326.8500000;326.4000000;326.7500000;2400
TATN;5;20160511;150500;326.7500000;326.7500000;326.3500000;326.3500000;1160
TATN;5;20160511;151000;326.3000000;326.5000000;326.2500000;326.2500000;1210
TATN;5;20160511;151500;326.2000000;326.2000000;325.9500000;325.9500000;5550
TATN;5;20160511;152000;326.3000000;326.5000000;325.9500000;326.0000000;2820
TATN;5;20160511;152500;325.8000000;326.8500000;325.8000000;326.0500000;8130
TATN;5;20160511;153000;326.0500000;326.5500000;325.9000000;326.1000000;1500
TATN;5;20160511;153500;326.3500000;326.9000000;326.1500000;326.8500000;2660
TATN;5;20160511;154000;326.6000000;326.9000000;326.2500000;326.2500000;5690
TATN;5;20160511;154500;326.2500000;326.2500000;326.1000000;326.1000000;280
TATN;5;20160511;155000;326.2000000;326.5500000;325.8500000;325.8500000;1220
TATN;5;20160511;155500;325.9500000;326.0000000;325.9000000;325.9000000;1340
TATN;5;20160511;160000;326.0000000;326.0000000;325.9000000;325.9000000;700
TATN;5;20160511;160500;326.0000000;326.0000000;324.6500000;324.9500000;13020
TATN;5;20160511;161000;325.3500000;325.5000000;324.8500000;324.8500000;2510
TATN;5;20160511;161500;324.8500000;326.0000000;324.8500000;325.7000000;7950
TATN;5;20160511;162000;325.9500000;326.3000000;325.8000000;325.8000000;1080
TATN;5;20160511;162500;325.8000000;326.0000000;325.8000000;325.9000000;6110
TATN;5;20160511;163000;325.9000000;325.9000000;325.6000000;325.6000000;1460
TATN;5;20160511;163500;325.8000000;325.8000000;325.1000000;325.1000000;3290
TATN;5;20160511;164000;325.2500000;325.8000000;325.2500000;325.8000000;590
TATN;5;20160511;164500;325.8000000;325.8000000;325.3500000;325.3500000;510
TATN;5;20160511;165000;325.3500000;325.3500000;325.2500000;325.3500000;740
TATN;5;20160511;165500;325.1000000;325.1000000;324.9500000;324.9500000;1070
TATN;5;20160511;170000;324.9500000;325.3000000;324.9000000;325.0000000;1290
TATN;5;20160511;170500;325.3000000;325.3000000;324.5500000;324.6000000;4200
TATN;5;20160511;171000;324.6000000;325.1000000;324.6000000;325.1000000;2050
TATN;5;20160511;171500;324.8500000;325.3000000;324.5500000;325.0000000;5620
TATN;5;20160511;172000;325.0000000;325.6500000;324.5500000;325.3500000;32370
TATN;5;20160511;172500;325.2500000;326.4000000;325.1000000;325.2500000;9780
TATN;5;20160511;173000;325.2500000;325.2500000;325.2500000;325.2500000;20
TATN;5;20160511;173500;325.4000000;326.9000000;324.8500000;326.8500000;23350
TATN;5;20160511;174000;326.8500000;327.9000000;326.8500000;327.4000000;18130
TATN;5;20160511;174500;327.0000000;327.0000000;326.5000000;326.8500000;17420
TATN;5;20160511;175000;326.8500000;326.9000000;326.6500000;326.7000000;23550
TATN;5;20160511;175500;326.7500000;326.8500000;326.3000000;326.8500000;8780
TATN;5;20160511;180000;326.5500000;326.5500000;326.2000000;326.4500000;9260
TATN;5;20160511;180500;326.2000000;326.4500000;326.1000000;326.4000000;4090
TATN;5;20160511;181000;326.5000000;327.0000000;326.5000000;327.0000000;3390
TATN;5;20160511;181500;326.9000000;327.5000000;326.8500000;327.5000000;7570
TATN;5;20160511;182000;327.4500000;327.9500000;327.4500000;327.8500000;27030
TATN;5;20160511;182500;327.9000000;328.2500000;326.4000000;326.8000000;47900
TATN;5;20160511;183000;326.8000000;327.2000000;325.8000000;325.8000000;69640
TATN;5;20160511;183500;325.7500000;325.8000000;324.8000000;324.9500000;52520
TATN;5;20160511;184000;324.9500000;324.9500000;321.5500000;321.9500000;295170
TATN;5;20160511;185000;322.8500000;322.8500000;322.8500000;322.8500000;77240
TATN;5;20160512;100500;323.0000000;324.8000000;322.5000000;323.6000000;48870
TATN;5;20160512;101000;323.5500000;324.5000000;323.2500000;324.2000000;27130
TATN;5;20160512;101500;324.3000000;324.9000000;323.7500000;324.9000000;23440
TATN;5;20160512;102000;324.5500000;325.6000000;324.5000000;325.0000000;23180
TATN;5;20160512;102500;325.3000000;325.4500000;324.0000000;324.0000000;36630
TATN;5;20160512;103000;324.0500000;324.6500000;323.6000000;323.6000000;8370
TATN;5;20160512;103500;323.6000000;323.8000000;323.2500000;323.3500000;7380
TATN;5;20160512;104000;323.3000000;324.0000000;323.3000000;323.9000000;1660
TATN;5;20160512;104500;323.6500000;325.5000000;323.6500000;325.5000000;9010
TATN;5;20160512;105000;325.2500000;325.8500000;325.2000000;325.8500000;3430
TATN;5;20160512;105500;325.6000000;325.9500000;325.5000000;325.9000000;5900
TATN;5;20160512;110000;325.6500000;325.9500000;325.5500000;325.9000000;3920
TATN;5;20160512;110500;325.7000000;326.5500000;325.5500000;326.2500000;9170
TATN;5;20160512;111000;326.2500000;326.5000000;325.3500000;325.3500000;8570
TATN;5;20160512;111500;325.3500000;325.8000000;323.9500000;323.9500000;6080
TATN;5;20160512;112000;323.9500000;324.2000000;323.7000000;323.7000000;5540
TATN;5;20160512;112500;323.7000000;324.4500000;323.6500000;324.4500000;2320
TATN;5;20160512;113000;324.2500000;324.5500000;323.7500000;323.9000000;3600
TATN;5;20160512;113500;323.9000000;324.6500000;323.8000000;324.3000000;1870
TATN;5;20160512;114000;324.3000000;325.2500000;324.1000000;324.9500000;4020
TATN;5;20160512;114500;324.9500000;324.9500000;323.1000000;323.3500000;26590
TATN;5;20160512;115000;323.3500000;323.7000000;322.8500000;322.9500000;12550
TATN;5;20160512;115500;322.9500000;323.5500000;322.9500000;323.0000000;3490
TATN;5;20160512;120000;323.0000000;323.3000000;322.1500000;322.2000000;12660
TATN;5;20160512;120500;322.5000000;322.5500000;322.0000000;322.3500000;12130
TATN;5;20160512;121000;322.2500000;323.7000000;321.9500000;323.4500000;14110
TATN;5;20160512;121500;323.5000000;323.7500000;322.9500000;322.9500000;5580
TATN;5;20160512;122000;322.9500000;323.2000000;322.5000000;323.2000000;5760
TATN;5;20160512;122500;323.2500000;323.6000000;322.7000000;322.7000000;5050
TATN;5;20160512;123000;322.7000000;323.2500000;322.7000000;322.9000000;690
TATN;5;20160512;123500;322.9500000;322.9500000;322.3000000;322.4000000;6040
TATN;5;20160512;124000;322.4000000;322.4000000;321.5000000;321.6000000;11700
TATN;5;20160512;124500;321.6000000;322.9000000;321.2500000;322.4500000;16380
TATN;5;20160512;125000;322.3500000;323.9500000;322.3500000;323.8500000;16550
TATN;5;20160512;125500;323.5000000;324.0000000;323.5000000;323.6000000;4210
TATN;5;20160512;130000;323.6500000;324.0000000;323.0500000;323.0500000;5590
TATN;5;20160512;130500;323.1000000;324.8500000;323.1000000;324.3500000;5580
TATN;5;20160512;131000;324.3000000;324.3000000;323.4500000;323.4500000;6950
TATN;5;20160512;131500;323.4500000;323.5500000;322.7500000;322.7500000;3370
TATN;5;20160512;132000;322.7500000;322.8500000;322.4500000;322.8500000;2890
TATN;5;20160512;132500;322.5500000;324.0000000;322.5000000;323.1000000;12780
TATN;5;20160512;133000;323.0500000;324.0500000;323.0000000;323.6500000;2670
TATN;5;20160512;133500;323.6500000;324.7500000;323.5500000;324.2000000;7000
TATN;5;20160512;134000;324.2500000;324.4500000;323.5000000;324.1500000;8540
TATN;5;20160512;134500;324.2000000;324.2000000;323.8000000;324.0000000;3580
TATN;5;20160512;135000;323.9000000;324.7500000;323.7500000;323.7500000;4440
TATN;5;20160512;135500;323.7500000;324.4500000;323.5000000;324.0000000;7930
TATN;5;20160512;140000;324.0000000;324.0000000;323.0000000;323.0000000;9310
TATN;5;20160512;140500;323.0000000;323.0500000;323.0000000;323.0500000;3200
TATN;5;20160512;141000;323.0500000;323.0500000;322.6000000;322.8000000;3470
TATN;5;20160512;141500;322.8000000;322.8500000;322.4000000;322.4500000;8580
TATN;5;20160512;142000;322.4500000;322.8000000;322.4500000;322.5000000;12240
TATN;5;20160512;142500;322.5000000;323.0000000;322.5000000;322.7000000;1500
TATN;5;20160512;143000;322.7500000;322.7500000;322.6000000;322.6000000;650
TATN;5;20160512;143500;322.6000000;322.7000000;322.6000000;322.7000000;400
TATN;5;20160512;144000;322.6000000;322.6500000;322.5000000;322.5000000;440
TATN;5;20160512;144500;322.5500000;323.4000000;322.5500000;323.2000000;6250
TATN;5;20160512;145000;322.8000000;322.9000000;322.5000000;322.5000000;4110
TATN;5;20160512;145500;322.5000000;322.8500000;322.4500000;322.4500000;6470
TATN;5;20160512;150000;322.5000000;323.0500000;322.5000000;322.6000000;1570
TATN;5;20160512;150500;322.6500000;322.7000000;322.4000000;322.4500000;3440
TATN;5;20160512;151000;323.1500000;323.2000000;322.9000000;322.9000000;1350
TATN;5;20160512;151500;322.9500000;323.3000000;322.8500000;323.3000000;1220
TATN;5;20160512;152000;323.4000000;323.6000000;323.4000000;323.6000000;1760
TATN;5;20160512;152500;323.2500000;323.7000000;323.2500000;323.7000000;1490
TATN;5;20160512;153000;323.5000000;323.8500000;323.0000000;323.2000000;7940
TATN;5;20160512;153500;323.2000000;323.2000000;322.6000000;322.6000000;6470
TATN;5;20160512;154000;323.0000000;323.2500000;323.0000000;323.2500000;1410
TATN;5;20160512;154500;323.3000000;323.3000000;322.7500000;322.7500000;1220
TATN;5;20160512;155000;322.7500000;323.3000000;322.7500000;323.3000000;520
TATN;5;20160512;155500;323.1000000;323.2500000;323.1000000;323.2500000;860
TATN;5;20160512;160000;322.9000000;323.0500000;322.1500000;323.0000000;13320
TATN;5;20160512;160500;322.4500000;323.5000000;322.3500000;323.4500000;4140
TATN;5;20160512;161000;323.1500000;323.4000000;323.1000000;323.2000000;1470
TATN;5;20160512;161500;323.2000000;323.6000000;323.1500000;323.6000000;8470
TATN;5;20160512;162000;323.6000000;324.4500000;323.6000000;323.7500000;7580
TATN;5;20160512;162500;323.7000000;324.4500000;323.5000000;324.0500000;3440
TATN;5;20160512;163000;324.0000000;324.0000000;323.7500000;324.0000000;840
TATN;5;20160512;163500;324.0000000;324.2000000;323.7500000;324.1000000;6110
TATN;5;20160512;164000;324.1000000;324.3500000;323.2500000;323.3500000;8780
TATN;5;20160512;164500;323.4000000;323.7500000;323.0000000;323.1000000;5440
TATN;5;20160512;165000;323.1000000;323.6000000;323.0000000;323.0000000;4560
TATN;5;20160512;165500;323.0500000;323.5000000;322.6500000;322.7000000;10420
TATN;5;20160512;170000;322.8500000;323.1500000;322.3500000;323.1500000;11590
TATN;5;20160512;170500;323.1000000;324.0000000;322.8500000;323.3000000;38680
TATN;5;20160512;171000;323.2500000;323.3000000;322.5000000;322.7500000;7000
TATN;5;20160512;171500;322.8000000;323.0000000;322.4500000;323.0000000;5550
TATN;5;20160512;172000;322.6000000;322.7500000;321.0000000;321.0500000;20710
TATN;5;20160512;172500;321.3500000;321.8000000;321.0000000;321.2500000;28930
TATN;5;20160512;173000;321.2500000;321.8500000;321.2000000;321.8500000;890
TATN;5;20160512;173500;321.5000000;321.5000000;320.7000000;321.1500000;6680
TATN;5;20160512;174000;320.8000000;321.1500000;320.7000000;320.7000000;2190
TATN;5;20160512;174500;320.8000000;320.8000000;320.2000000;320.2000000;13220
TATN;5;20160512;175000;320.2000000;321.5000000;320.2000000;321.0500000;35650
TATN;5;20160512;175500;321.3500000;322.0000000;321.3500000;321.8500000;8320
TATN;5;20160512;180000;321.6500000;321.8500000;321.6000000;321.6500000;1880
TATN;5;20160512;180500;321.6500000;321.8000000;320.5500000;320.8500000;14910
TATN;5;20160512;181000;320.7000000;321.3000000;320.7000000;321.0000000;3100
TATN;5;20160512;181500;321.0500000;321.1000000;320.5000000;320.5500000;8380
TATN;5;20160512;182000;321.0000000;321.0000000;320.5000000;320.8000000;3390
TATN;5;20160512;182500;320.6000000;320.9000000;320.4000000;320.7000000;3910
TATN;5;20160512;183000;320.4500000;321.0000000;320.3500000;321.0000000;4870
TATN;5;20160512;183500;320.7000000;321.3000000;320.5000000;320.9000000;21270
TATN;5;20160512;184000;320.5500000;321.8000000;320.3500000;320.4500000;84710
TATN;5;20160512;185000;320.1500000;320.1500000;320.1500000;320.1500000;34840
TATN;5;20160513;100500;320.2000000;320.9000000;319.0500000;320.0000000;38590
TATN;5;20160513;101000;319.8000000;321.7000000;319.5500000;320.3500000;38100
TATN;5;20160513;101500;320.5000000;320.7000000;319.5500000;320.1000000;27690
TATN;5;20160513;102000;320.0000000;320.6500000;319.7500000;320.1500000;24000
TATN;5;20160513;102500;320.1500000;320.3500000;319.2500000;320.1000000;19500
TATN;5;20160513;103000;320.0500000;320.0500000;318.9500000;319.4500000;20490
TATN;5;20160513;103500;319.4000000;320.2000000;319.0500000;319.3500000;17650
TATN;5;20160513;104000;319.6000000;319.8000000;318.5000000;319.5500000;20640
TATN;5;20160513;104500;319.6500000;320.1000000;319.4000000;320.0000000;11480
TATN;5;20160513;105000;319.7000000;320.0500000;319.5500000;319.6500000;6490
TATN;5;20160513;105500;320.0000000;321.2000000;320.0000000;320.5000000;31160
TATN;5;20160513;110000;320.7000000;322.3500000;320.4500000;322.0500000;26270
TATN;5;20160513;110500;322.0000000;322.5000000;321.1500000;321.1500000;19090
TATN;5;20160513;111000;321.6500000;321.7500000;320.9500000;321.5000000;3270
TATN;5;20160513;111500;321.6500000;321.7000000;320.9500000;321.3500000;3670
TATN;5;20160513;112000;321.4000000;321.5500000;320.5500000;321.2000000;12960
TATN;5;20160513;112500;321.3500000;321.5000000;320.0000000;320.5500000;13310
TATN;5;20160513;113000;320.8000000;321.5500000;320.7000000;321.1000000;5610
TATN;5;20160513;113500;321.2000000;321.7000000;321.1500000;321.3500000;8330
TATN;5;20160513;114000;321.6500000;322.2500000;321.3000000;321.7500000;12920
TATN;5;20160513;114500;321.9500000;322.3500000;321.4500000;321.8500000;12580
TATN;5;20160513;115000;322.1000000;322.9000000;322.0000000;322.8000000;33420
TATN;5;20160513;115500;322.8000000;322.9500000;322.5500000;322.8000000;20250
TATN;5;20160513;120000;322.8500000;322.8500000;321.9500000;322.4500000;31830
TATN;5;20160513;120500;322.5000000;322.5000000;321.6500000;321.7500000;17080
TATN;5;20160513;121000;322.0500000;322.7000000;321.3000000;321.4000000;14160
TATN;5;20160513;121500;321.5000000;322.1000000;321.2000000;321.6500000;12270
TATN;5;20160513;122000;321.8500000;321.8500000;320.7500000;320.7500000;8520
TATN;5;20160513;122500;320.9000000;322.8500000;320.7500000;322.8500000;37510
TATN;5;20160513;123000;322.8500000;324.0000000;322.4500000;323.9500000;57440
TATN;5;20160513;123500;323.9500000;324.0000000;322.5500000;322.9500000;28870
TATN;5;20160513;124000;322.9500000;322.9500000;321.7000000;322.4000000;17730
TATN;5;20160513;124500;322.4500000;323.1500000;321.8000000;322.8000000;18330
TATN;5;20160513;125000;322.7500000;322.7500000;321.8500000;322.3500000;8880
TATN;5;20160513;125500;322.5000000;322.5000000;321.0000000;321.6000000;45930
TATN;5;20160513;130000;321.5000000;322.2500000;321.0000000;321.9500000;25230
TATN;5;20160513;130500;322.0000000;322.4500000;321.6000000;322.4500000;16050
TATN;5;20160513;131000;322.0000000;323.6000000;321.2000000;322.5000000;28470
TATN;5;20160513;131500;322.9500000;322.9500000;322.0500000;322.9000000;4910
TATN;5;20160513;132000;322.3500000;322.5000000;321.8500000;322.3500000;6660
TATN;5;20160513;132500;322.0500000;322.3500000;321.8500000;321.8500000;740
TATN;5;20160513;133000;322.3000000;322.7500000;321.8000000;322.2000000;4570
TATN;5;20160513;133500;322.6500000;324.4000000;322.6500000;324.4000000;15950
TATN;5;20160513;134000;324.3500000;324.3500000;323.3000000;323.4000000;2110
TATN;5;20160513;134500;323.4500000;323.4500000;323.0000000;323.0000000;3920
TATN;5;20160513;135000;323.3500000;323.4500000;322.8500000;323.0500000;5110
TATN;5;20160513;135500;322.7500000;323.3500000;322.7000000;323.1500000;4370
TATN;5;20160513;140000;322.6000000;322.6500000;321.9500000;322.6500000;13020
TATN;5;20160513;140500;322.8500000;323.1500000;322.8000000;323.1000000;4870
TATN;5;20160513;141000;323.2000000;323.6000000;322.8000000;323.2500000;2880
TATN;5;20160513;141500;322.8000000;323.0000000;322.1000000;322.7500000;5490
TATN;5;20160513;142000;322.8500000;323.0500000;322.8500000;323.0500000;1050
TATN;5;20160513;142500;322.8500000;322.8500000;322.3000000;322.3000000;2360
TATN;5;20160513;143000;322.5000000;322.7500000;322.0000000;322.0000000;6400
TATN;5;20160513;143500;322.4500000;322.6500000;321.7500000;321.7500000;3700
TATN;5;20160513;144000;322.0500000;322.4500000;321.7500000;321.7500000;3680
TATN;5;20160513;144500;322.0000000;322.5500000;321.8000000;321.9000000;2970
TATN;5;20160513;145000;321.9000000;323.1500000;321.8000000;323.1500000;5380
TATN;5;20160513;145500;322.7000000;323.2500000;322.7000000;322.7500000;2390
TATN;5;20160513;150000;322.7000000;322.9500000;322.3000000;322.6000000;3260
TATN;5;20160513;150500;322.9000000;322.9500000;322.0000000;322.0000000;3490
TATN;5;20160513;151000;322.2500000;322.2500000;321.7000000;322.1500000;4750
TATN;5;20160513;151500;322.0500000;322.0500000;321.6000000;321.7000000;3200
TATN;5;20160513;152000;321.7000000;322.1000000;321.7000000;322.0500000;1880
TATN;5;20160513;152500;322.0000000;322.0000000;321.6500000;321.6500000;1800
TATN;5;20160513;153000;321.5500000;321.9500000;321.4000000;321.6500000;1950
TATN;5;20160513;153500;321.8000000;322.4500000;320.5500000;320.6000000;23180
TATN;5;20160513;154000;320.5500000;321.8000000;320.2500000;321.8000000;26230
TATN;5;20160513;154500;321.8000000;322.0000000;321.3500000;321.3500000;1720
TATN;5;20160513;155000;321.5500000;321.7500000;321.1500000;321.1500000;2020
TATN;5;20160513;155500;321.0000000;321.7000000;321.0000000;321.6500000;2830
TATN;5;20160513;160000;321.7000000;323.0000000;321.7000000;322.5000000;14700
TATN;5;20160513;160500;322.5000000;323.0000000;322.5000000;322.7500000;7180
TATN;5;20160513;161000;323.0000000;323.0000000;322.8500000;322.8500000;1440
TATN;5;20160513;161500;322.8000000;323.4000000;322.8000000;323.4000000;11030
TATN;5;20160513;162000;323.3500000;323.9500000;323.3500000;323.8000000;8120
TATN;5;20160513;162500;323.7500000;323.9000000;323.7000000;323.8500000;3190
TATN;5;20160513;163000;323.5000000;323.9500000;323.4500000;323.7500000;10920
TATN;5;20160513;163500;323.9500000;324.9500000;323.9500000;324.9000000;29960
TATN;5;20160513;164000;324.9000000;325.0000000;324.5000000;324.6000000;9740
TATN;5;20160513;164500;324.6500000;324.8000000;324.2000000;324.2500000;19750
TATN;5;20160513;165000;324.3000000;324.4500000;323.9000000;323.9000000;9090
TATN;5;20160513;165500;323.9500000;323.9500000;322.9500000;323.2500000;21820
TATN;5;20160513;170000;323.2500000;323.8000000;323.0000000;323.3500000;14180
TATN;5;20160513;170500;323.6000000;324.4500000;323.4500000;324.2500000;9480
TATN;5;20160513;171000;324.3000000;324.6500000;323.5000000;323.7500000;18440
TATN;5;20160513;171500;323.9000000;324.3000000;323.4000000;323.9500000;8910
TATN;5;20160513;172000;323.7500000;324.3000000;323.7000000;324.3000000;8720
TATN;5;20160513;172500;324.4000000;325.4500000;324.3500000;325.3500000;25460
TATN;5;20160513;173000;325.4000000;325.5000000;324.8000000;324.8000000;10920
TATN;5;20160513;173500;325.0000000;325.3000000;325.0000000;325.1500000;4520
TATN;5;20160513;174000;325.0000000;325.0500000;324.7500000;325.0500000;4080
TATN;5;20160513;174500;325.0000000;325.4500000;324.8000000;324.8000000;9280
TATN;5;20160513;175000;324.8000000;325.1000000;324.7000000;324.8500000;7020
TATN;5;20160513;175500;324.6000000;325.6000000;324.6000000;325.1500000;13740
TATN;5;20160513;180000;325.2000000;325.5500000;324.6000000;324.9000000;11580
TATN;5;20160513;180500;324.9000000;325.4000000;324.8500000;325.1000000;9300
TATN;5;20160513;181000;325.3500000;325.3500000;325.1500000;325.3500000;3770
TATN;5;20160513;181500;325.4000000;325.6500000;325.1500000;325.1500000;7560
TATN;5;20160513;182000;324.9500000;325.4000000;324.9500000;325.1500000;7980
TATN;5;20160513;182500;325.3000000;325.8000000;325.3000000;325.6500000;22280
TATN;5;20160513;183000;325.6000000;325.8000000;325.4000000;325.4000000;12090
TATN;5;20160513;183500;325.4500000;326.2500000;325.4500000;326.1000000;32010
TATN;5;20160513;184000;325.9000000;326.0500000;325.3000000;325.9500000;46340
TATN;5;20160513;185000;325.9500000;325.9500000;325.9500000;325.9500000;14090
TATN;5;20160516;100500;326.9000000;327.8000000;325.4500000;327.6000000;19920
TATN;5;20160516;101000;327.6500000;328.0000000;327.1000000;327.3500000;23050
TATN;5;20160516;101500;327.3500000;328.1500000;327.3000000;328.0500000;20470
TATN;5;20160516;102000;328.1500000;328.1500000;327.5000000;327.6500000;32030
TATN;5;20160516;102500;327.6500000;328.0500000;327.5000000;327.7000000;3590
TATN;5;20160516;103000;327.7000000;328.6000000;327.6000000;328.2500000;21430
TATN;5;20160516;103500;328.2500000;329.0000000;328.1500000;328.2500000;30470
TATN;5;20160516;104000;328.2500000;328.5500000;328.2500000;328.4000000;5060
TATN;5;20160516;104500;328.3500000;328.7000000;328.3000000;328.4000000;7710
TATN;5;20160516;105000;328.4000000;328.9500000;328.4000000;328.5000000;7200
TATN;5;20160516;105500;328.5000000;328.8000000;328.0500000;328.4500000;19410
TATN;5;20160516;110000;328.1000000;328.9500000;328.1000000;328.9000000;20020
TATN;5;20160516;110500;328.6500000;330.9500000;328.6500000;330.0500000;67960
TATN;5;20160516;111000;330.0500000;330.7000000;330.0000000;330.4500000;21960
TATN;5;20160516;111500;330.1000000;330.4000000;329.8000000;329.8500000;16000
TATN;5;20160516;112000;329.8500000;330.5000000;329.3500000;329.3500000;16000
TATN;5;20160516;112500;329.3500000;329.8500000;329.2000000;329.3500000;7790
TATN;5;20160516;113000;329.7000000;329.7000000;329.3000000;329.3000000;2600
TATN;5;20160516;113500;329.3000000;330.1500000;329.3000000;329.3500000;14110
TATN;5;20160516;114000;329.4000000;329.9500000;329.2000000;329.9500000;12400
TATN;5;20160516;114500;329.6500000;329.8000000;329.4000000;329.5000000;1490
TATN;5;20160516;115000;329.5000000;329.7500000;329.2500000;329.2500000;4970
TATN;5;20160516;115500;329.2000000;329.5000000;329.1000000;329.3000000;7490
TATN;5;20160516;120000;329.3000000;329.5000000;329.0500000;329.1500000;10440
TATN;5;20160516;120500;329.1000000;329.2500000;328.8000000;329.0500000;18590
TATN;5;20160516;121000;329.0500000;329.0500000;328.4000000;328.6000000;27290
TATN;5;20160516;121500;328.6500000;328.9500000;328.4500000;328.4500000;4890
TATN;5;20160516;122000;328.4500000;328.8500000;328.4500000;328.5000000;1880
TATN;5;20160516;122500;328.5000000;328.9000000;328.5000000;328.6000000;5350
TATN;5;20160516;123000;328.6000000;328.9000000;328.2500000;328.2500000;6340
TATN;5;20160516;123500;328.2500000;328.5500000;328.1500000;328.2000000;1950
TATN;5;20160516;124000;328.2000000;328.5500000;328.1500000;328.1500000;4320
TATN;5;20160516;124500;328.1500000;329.1000000;328.1500000;329.0000000;5500
TATN;5;20160516;125000;329.0000000;330.2000000;329.0000000;329.6500000;21510
TATN;5;20160516;125500;329.5500000;330.0000000;329.5500000;329.8500000;3630
TATN;5;20160516;130000;329.8500000;330.4000000;329.7000000;330.0000000;6420
TATN;5;20160516;130500;330.0000000;330.2500000;329.8500000;330.2000000;5340
TATN;5;20160516;131000;330.2000000;330.3500000;330.0000000;330.3500000;2240
TATN;5;20160516;131500;330.0000000;330.0000000;329.5500000;329.5500000;6360
TATN;5;20160516;132000;329.5500000;329.5500000;328.9500000;328.9500000;20550
TATN;5;20160516;132500;328.9500000;329.4000000;328.6500000;329.0000000;2810
TATN;5;20160516;133000;329.1500000;329.4000000;329.0000000;329.0000000;3930
TATN;5;20160516;133500;329.0000000;329.4500000;329.0000000;329.3000000;2510
TATN;5;20160516;134000;329.3000000;329.3000000;329.0500000;329.0500000;990
TATN;5;20160516;134500;329.0000000;329.2500000;329.0000000;329.0500000;1540
TATN;5;20160516;135000;329.0500000;329.4000000;328.8500000;328.9000000;4530
TATN;5;20160516;135500;328.8500000;329.4500000;328.7500000;329.4500000;2240
TATN;5;20160516;140000;329.4000000;330.0000000;329.1500000;329.6000000;10920
TATN;5;20160516;140500;329.4000000;329.6000000;329.4000000;329.6000000;670
TATN;5;20160516;141000;329.6000000;331.5000000;329.6000000;330.7500000;39590
TATN;5;20160516;141500;330.7500000;330.8000000;330.0500000;330.4500000;16090
TATN;5;20160516;142000;330.4500000;330.6000000;330.0500000;330.0500000;2540
TATN;5;20160516;142500;330.0500000;330.7500000;330.0500000;330.1500000;6350
TATN;5;20160516;143000;330.1500000;330.1500000;329.4000000;329.9000000;17120
TATN;5;20160516;143500;329.6000000;330.0500000;329.2500000;329.4500000;7930
TATN;5;20160516;144000;329.4500000;329.7000000;329.3000000;329.3000000;1910
TATN;5;20160516;144500;329.3000000;329.7000000;329.2000000;329.3500000;4780
TATN;5;20160516;145000;329.3500000;330.1000000;329.3000000;330.1000000;4800
TATN;5;20160516;145500;329.7500000;330.4500000;329.7000000;330.4500000;2500
TATN;5;20160516;150000;330.0500000;330.7500000;330.0500000;330.3000000;5140
TATN;5;20160516;150500;330.4000000;330.5500000;330.0500000;330.3500000;4890
TATN;5;20160516;151000;330.3500000;330.7500000;330.1500000;330.7500000;7840
TATN;5;20160516;151500;330.7500000;330.9500000;330.2000000;330.7000000;5900
TATN;5;20160516;152000;330.7000000;330.7000000;329.9000000;330.0500000;2820
TATN;5;20160516;152500;329.9500000;330.0000000;329.5000000;329.5000000;8490
TATN;5;20160516;153000;329.5500000;329.7000000;329.4500000;329.7000000;3570
TATN;5;20160516;153500;329.4500000;329.5000000;328.1000000;328.4000000;35310
TATN;5;20160516;154000;328.4500000;328.9000000;328.0500000;328.6500000;10960
TATN;5;20160516;154500;328.3000000;328.3000000;327.7500000;327.8500000;14650
TATN;5;20160516;155000;327.8000000;327.8000000;327.1000000;327.7000000;14190
TATN;5;20160516;155500;327.3500000;327.9500000;327.1500000;327.4000000;7560
TATN;5;20160516;160000;327.4000000;327.5500000;326.1500000;326.8000000;22000
TATN;5;20160516;160500;326.5000000;326.9000000;326.2500000;326.3500000;12280
TATN;5;20160516;161000;326.4500000;326.9000000;326.4000000;326.6500000;6810
TATN;5;20160516;161500;326.5000000;326.9000000;326.5000000;326.7500000;6550
TATN;5;20160516;162000;326.5500000;327.2500000;326.5500000;326.9000000;5220
TATN;5;20160516;162500;326.7500000;326.9000000;326.5500000;326.6500000;6600
TATN;5;20160516;163000;326.6000000;327.0000000;326.5500000;326.9500000;18800
TATN;5;20160516;163500;326.6500000;326.9000000;326.5500000;326.6000000;7890
TATN;5;20160516;164000;326.6000000;327.4500000;326.6000000;327.0500000;13800
TATN;5;20160516;164500;326.9000000;327.3500000;326.8500000;327.3000000;16180
TATN;5;20160516;165000;327.0000000;327.5500000;326.8500000;326.8500000;30130
TATN;5;20160516;165500;326.8500000;326.9000000;326.0000000;326.0000000;45980
TATN;5;20160516;170000;326.0500000;326.7500000;326.0000000;326.0000000;21200
TATN;5;20160516;170500;326.0500000;326.6000000;325.2000000;325.2500000;26860
TATN;5;20160516;171000;325.2500000;325.2500000;324.6000000;324.8000000;18940
TATN;5;20160516;171500;324.6500000;325.1500000;324.6500000;325.0000000;3120
TATN;5;20160516;172000;325.0000000;325.3000000;324.5500000;324.6500000;7550
TATN;5;20160516;172500;324.5500000;325.2000000;324.5500000;325.1500000;5610
TATN;5;20160516;173000;325.0500000;325.3000000;324.2500000;324.2500000;26710
TATN;5;20160516;173500;324.2500000;324.2500000;323.2000000;323.6500000;20660
TATN;5;20160516;174000;323.3500000;323.8000000;322.7500000;322.8000000;18910
TATN;5;20160516;174500;322.8000000;322.9000000;322.1000000;322.4000000;15290
TATN;5;20160516;175000;322.1500000;322.1500000;321.4000000;321.8000000;16480
TATN;5;20160516;175500;321.5500000;322.5000000;321.3500000;322.4500000;14540
TATN;5;20160516;180000;322.1500000;322.3500000;322.0500000;322.1500000;4580
TATN;5;20160516;180500;322.1000000;322.8500000;322.1000000;322.7500000;3890
TATN;5;20160516;181000;322.7000000;322.9000000;322.0000000;322.0000000;8330
TATN;5;20160516;181500;322.0000000;322.3500000;321.7500000;322.3000000;13110
TATN;5;20160516;182000;322.1000000;322.3000000;321.9000000;321.9000000;3200
TATN;5;20160516;182500;321.9000000;322.1000000;321.1500000;321.2500000;31570
TATN;5;20160516;183000;321.2000000;322.6000000;321.2000000;322.3500000;9970
TATN;5;20160516;183500;322.0500000;322.8000000;322.0500000;322.4000000;7020
TATN;5;20160516;184000;322.3500000;322.7000000;321.1500000;321.8000000;42450
TATN;5;20160516;185000;321.2000000;321.2000000;321.2000000;321.2000000;46860
TATN;5;20160517;100500;322.3000000;322.8000000;322.0500000;322.5500000;13330
TATN;5;20160517;101000;322.2500000;322.4000000;321.4500000;321.4500000;12070
TATN;5;20160517;101500;321.7000000;321.7000000;321.2500000;321.5500000;8960
TATN;5;20160517;102000;321.4500000;322.5000000;321.4500000;322.1000000;26310
TATN;5;20160517;102500;322.2500000;322.3000000;321.9000000;321.9000000;5080
TATN;5;20160517;103000;322.0500000;322.2000000;321.6000000;321.6500000;5990
TATN;5;20160517;103500;321.6000000;322.0500000;319.1000000;319.3000000;51210
TATN;5;20160517;104000;319.4500000;319.9000000;318.5500000;318.6000000;20420
TATN;5;20160517;104500;318.5500000;319.2000000;318.3500000;318.4000000;16820
TATN;5;20160517;105000;318.4500000;319.6000000;318.3500000;319.4000000;19630
TATN;5;20160517;105500;319.4500000;319.7000000;319.1000000;319.4000000;3800
TATN;5;20160517;110000;319.5000000;319.9500000;319.5000000;319.9000000;9350
TATN;5;20160517;110500;319.6500000;320.6000000;319.6500000;320.4500000;16170
TATN;5;20160517;111000;320.0000000;320.1000000;319.1000000;319.1000000;11740
TATN;5;20160517;111500;319.1000000;319.5000000;319.0000000;319.2000000;10130
TATN;5;20160517;112000;319.2000000;319.3500000;319.0000000;319.1000000;13890
TATN;5;20160517;112500;319.1000000;319.2500000;318.5500000;319.2500000;15350
TATN;5;20160517;113000;319.1500000;319.2500000;318.6500000;319.0000000;10600
TATN;5;20160517;113500;318.8500000;319.1000000;318.6000000;319.0000000;3750
TATN;5;20160517;114000;318.8000000;319.2000000;318.7000000;319.0000000;6250
TATN;5;20160517;114500;318.9000000;319.0000000;318.6500000;318.7500000;4740
TATN;5;20160517;115000;319.0500000;319.2500000;318.8000000;319.2500000;5610
TATN;5;20160517;115500;319.2000000;320.8000000;319.0000000;320.2000000;31880
TATN;5;20160517;120000;320.2000000;321.1500000;320.1000000;320.1000000;11340
TATN;5;20160517;120500;320.1000000;320.1000000;318.0500000;318.1000000;46820
TATN;5;20160517;121000;318.1000000;318.5000000;318.0000000;318.1000000;17830
TATN;5;20160517;121500;318.1000000;318.3000000;317.3500000;317.4000000;38150
TATN;5;20160517;122000;317.4000000;317.7000000;317.2500000;317.5500000;6770
TATN;5;20160517;122500;317.5500000;317.7000000;317.1000000;317.2000000;13520
TATN;5;20160517;123000;317.2000000;317.4000000;317.1000000;317.2000000;6740
TATN;5;20160517;123500;317.2000000;317.4500000;317.1000000;317.4500000;8030
TATN;5;20160517;124000;317.4500000;317.6500000;317.1000000;317.2500000;5780
TATN;5;20160517;124500;317.4500000;317.4500000;317.0000000;317.0000000;9140
TATN;5;20160517;125000;317.0000000;317.8000000;317.0000000;317.5000000;6530
TATN;5;20160517;125500;317.5000000;317.5000000;317.0500000;317.1500000;5230
TATN;5;20160517;130000;317.1500000;318.2500000;317.1500000;317.4000000;12190
TATN;5;20160517;130500;317.4500000;317.6500000;317.1500000;317.3500000;4420
TATN;5;20160517;131000;317.3500000;317.6000000;317.1000000;317.3000000;3980
TATN;5;20160517;131500;317.2000000;317.2500000;317.0500000;317.2500000;4160
TATN;5;20160517;132000;317.1500000;317.9500000;317.0500000;317.4500000;7460
TATN;5;20160517;132500;317.6000000;317.8000000;317.1500000;317.5500000;5830
TATN;5;20160517;133000;317.3500000;318.2000000;317.3500000;318.0000000;3900
TATN;5;20160517;133500;318.0000000;318.1500000;317.8000000;318.0000000;4000
TATN;5;20160517;134000;318.1500000;318.3500000;317.5000000;317.7000000;4970
TATN;5;20160517;134500;317.6000000;317.6000000;317.0000000;317.0000000;37100
TATN;5;20160517;135000;317.1500000;317.2000000;316.6500000;316.7500000;6470
TATN;5;20160517;135500;316.8000000;317.2500000;316.8000000;316.9000000;4350
TATN;5;20160517;140000;316.9000000;317.4500000;316.9000000;317.4500000;2520
TATN;5;20160517;140500;317.2000000;318.1500000;317.2000000;318.1500000;11900
TATN;5;20160517;141000;318.2500000;318.4000000;316.7500000;316.7500000;26610
TATN;5;20160517;141500;316.7500000;316.9500000;316.6000000;316.6500000;15220
TATN;5;20160517;142000;316.6500000;317.4500000;316.3000000;317.4500000;33850
TATN;5;20160517;142500;317.1000000;317.4500000;316.6000000;316.7000000;8180
TATN;5;20160517;143000;316.8000000;317.2500000;316.7000000;317.0500000;3850
TATN;5;20160517;143500;317.0500000;317.4500000;316.7000000;317.4500000;5780
TATN;5;20160517;144000;317.0500000;317.0500000;316.7500000;317.0000000;4580
TATN;5;20160517;144500;316.8500000;317.4000000;316.7500000;317.0500000;6320
TATN;5;20160517;145000;317.1000000;317.1000000;316.8000000;316.9000000;9360
TATN;5;20160517;145500;316.9500000;317.4000000;316.9500000;317.3500000;1520
TATN;5;20160517;150000;317.5000000;317.5000000;317.2000000;317.5000000;3000
TATN;5;20160517;150500;317.5000000;318.1000000;317.5000000;318.0000000;7260
TATN;5;20160517;151000;318.0500000;318.9500000;318.0500000;318.5500000;19510
TATN;5;20160517;151500;318.6000000;319.9500000;318.5000000;319.9000000;24330
TATN;5;20160517;152000;320.0000000;320.5000000;319.7500000;319.8500000;17340
TATN;5;20160517;152500;320.1500000;320.7000000;319.8500000;320.7000000;10700
TATN;5;20160517;153000;320.6000000;320.9000000;320.4500000;320.5000000;5830
TATN;5;20160517;153500;320.1500000;320.5000000;319.8000000;320.5000000;8820
TATN;5;20160517;154000;320.2000000;320.5000000;320.1500000;320.2000000;2630
TATN;5;20160517;154500;320.2000000;320.4000000;319.5500000;319.8000000;4290
TATN;5;20160517;155000;319.8000000;320.0500000;319.7500000;319.7500000;1630
TATN;5;20160517;155500;319.6500000;319.6500000;318.5500000;318.7500000;12520
TATN;5;20160517;160000;318.7500000;319.3500000;318.2000000;319.2000000;7660
TATN;5;20160517;160500;319.1000000;319.3500000;318.5500000;318.5500000;3100
TATN;5;20160517;161000;318.5500000;319.3000000;318.2500000;319.1500000;7550
TATN;5;20160517;161500;319.3000000;320.1000000;319.3000000;319.8000000;4920
TATN;5;20160517;162000;319.8000000;319.9500000;319.3000000;319.7000000;1220
TATN;5;20160517;162500;319.3500000;319.7000000;319.2500000;319.7000000;4410
TATN;5;20160517;163000;319.6000000;320.1000000;319.6000000;319.7000000;3340
TATN;5;20160517;163500;319.7000000;320.2000000;319.3500000;319.9000000;6980
TATN;5;20160517;164000;320.1000000;320.1000000;319.4500000;319.6000000;2620
TATN;5;20160517;164500;319.6000000;319.6000000;318.9000000;319.1000000;3960
TATN;5;20160517;165000;319.2500000;319.6000000;318.9000000;319.4500000;4650
TATN;5;20160517;165500;319.7000000;320.3500000;319.4500000;320.0500000;5560
TATN;5;20160517;170000;320.2000000;320.9000000;320.2000000;320.6000000;9170
TATN;5;20160517;170500;320.7500000;321.2500000;320.4500000;321.0000000;12770
TATN;5;20160517;171000;321.1500000;321.5500000;320.7500000;321.2000000;10790
TATN;5;20160517;171500;321.5000000;322.8000000;321.0000000;322.8000000;26130
TATN;5;20160517;172000;322.8000000;323.0000000;322.5500000;322.9500000;13970
TATN;5;20160517;172500;322.9500000;323.4500000;322.3000000;323.1500000;15360
TATN;5;20160517;173000;323.3500000;323.3500000;322.1500000;322.1500000;11690
TATN;5;20160517;173500;322.4500000;322.7500000;322.0000000;322.6000000;10880
TATN;5;20160517;174000;322.9000000;323.2500000;322.6000000;323.1500000;9070
TATN;5;20160517;174500;323.2500000;323.3000000;322.9000000;323.0000000;18920
TATN;5;20160517;175000;322.9500000;323.0000000;322.0500000;322.1000000;6580
TATN;5;20160517;175500;322.2500000;322.5500000;320.5500000;321.1000000;8340
TATN;5;20160517;180000;320.9500000;322.7000000;320.9500000;322.2500000;9700
TATN;5;20160517;180500;322.7000000;323.0000000;322.4000000;322.7000000;11410
TATN;5;20160517;181000;322.7000000;322.8500000;322.3000000;322.5000000;4470
TATN;5;20160517;181500;322.5500000;322.9500000;322.4000000;322.4000000;10500
TATN;5;20160517;182000;322.5000000;324.3000000;322.4000000;324.0000000;39130
TATN;5;20160517;182500;324.1500000;324.8000000;324.0500000;324.6500000;31080
TATN;5;20160517;183000;324.6000000;324.6500000;323.6500000;323.6500000;13550
TATN;5;20160517;183500;323.7000000;324.0500000;323.6000000;324.0000000;23530
TATN;5;20160517;184000;324.2000000;324.4500000;323.6000000;324.4500000;36090
TATN;5;20160517;185000;322.8000000;322.8000000;322.8000000;322.8000000;21660
TATN;5;20160518;100500;323.0000000;323.6000000;322.2000000;322.3500000;10580
TATN;5;20160518;101000;322.6000000;323.5000000;322.4500000;323.0000000;14730
TATN;5;20160518;101500;322.9500000;323.1500000;320.5500000;321.0000000;37820
TATN;5;20160518;102000;320.8500000;322.1500000;320.8000000;321.6000000;26390
TATN;5;20160518;102500;321.5000000;321.7000000;321.3000000;321.5500000;2550
TATN;5;20160518;103000;321.6000000;322.4000000;321.6000000;322.3000000;10150
TATN;5;20160518;103500;322.1000000;322.1000000;321.7500000;321.9500000;2640
TATN;5;20160518;104000;322.0500000;322.0500000;321.6000000;321.6000000;1520
TATN;5;20160518;104500;321.4500000;321.8500000;320.8000000;321.7000000;24070
TATN;5;20160518;105000;321.7000000;322.0000000;320.8500000;320.9500000;5580
TATN;5;20160518;105500;320.8500000;321.2000000;320.0000000;320.7500000;36990
TATN;5;20160518;110000;320.8000000;321.2500000;320.7500000;320.7500000;1880
TATN;5;20160518;110500;320.8000000;321.9500000;320.8000000;321.8500000;8390
TATN;5;20160518;111000;321.7500000;321.9500000;321.5500000;321.5500000;3830
TATN;5;20160518;111500;321.4500000;321.9000000;321.4000000;321.8000000;3440
TATN;5;20160518;112000;321.8000000;322.6500000;321.8000000;322.4000000;10790
TATN;5;20160518;112500;322.2500000;323.0000000;322.2500000;322.3500000;2920
TATN;5;20160518;113000;322.2500000;322.6000000;321.9000000;321.9000000;4690
TATN;5;20160518;113500;321.8500000;322.3000000;321.8500000;322.1000000;1330
TATN;5;20160518;114000;322.1000000;322.1000000;321.9000000;322.0500000;4980
TATN;5;20160518;114500;322.2000000;322.2000000;321.3500000;321.8500000;6910
TATN;5;20160518;115000;321.7500000;322.3000000;321.7000000;321.7500000;4700
TATN;5;20160518;115500;321.6500000;322.1500000;321.6000000;322.1500000;610
TATN;5;20160518;120000;322.2000000;322.2500000;322.1000000;322.1500000;1690
TATN;5;20160518;120500;322.3500000;322.6000000;322.2000000;322.2000000;3200
TATN;5;20160518;121000;322.4000000;323.3000000;322.4000000;323.1000000;10520
TATN;5;20160518;121500;323.2500000;323.2500000;322.7000000;322.8500000;5360
TATN;5;20160518;122000;323.0500000;323.5500000;323.0500000;323.5500000;7550
TATN;5;20160518;122500;323.4500000;323.5000000;323.2000000;323.3000000;1500
TATN;5;20160518;123000;323.3000000;324.2000000;323.3000000;323.6500000;19590
TATN;5;20160518;123500;323.6500000;324.0000000;323.5000000;323.7500000;1910
TATN;5;20160518;124000;323.6000000;323.7500000;322.7000000;323.5500000;10870
TATN;5;20160518;124500;323.4500000;323.9000000;323.1500000;323.5000000;3890
TATN;5;20160518;125000;323.3500000;324.0000000;323.3500000;324.0000000;2100
TATN;5;20160518;125500;323.8000000;323.9000000;323.5000000;323.9000000;1590
TATN;5;20160518;130000;323.7000000;323.7000000;322.6500000;322.7500000;3870
TATN;5;20160518;130500;322.8000000;322.8000000;321.5500000;322.1000000;13950
TATN;5;20160518;131000;321.8500000;322.1000000;321.5000000;322.0000000;3250
TATN;5;20160518;131500;321.8500000;321.9500000;321.6500000;321.9500000;1510
TATN;5;20160518;132000;322.0500000;322.0500000;321.6500000;321.6500000;2360
TATN;5;20160518;132500;321.8500000;322.0500000;321.6500000;321.7000000;2150
TATN;5;20160518;133000;321.7000000;321.8500000;321.6500000;321.7000000;480
TATN;5;20160518;133500;321.7000000;321.8000000;321.6000000;321.8000000;2870
TATN;5;20160518;134000;321.7000000;321.8000000;321.7000000;321.8000000;280
TATN;5;20160518;134500;321.8000000;321.8000000;321.1500000;321.2000000;12900
TATN;5;20160518;135000;321.2000000;321.4500000;321.2000000;321.2500000;1210
TATN;5;20160518;135500;321.2500000;321.7000000;321.2500000;321.5500000;3710
TATN;5;20160518;140000;321.7000000;322.0000000;321.6500000;322.0000000;3200
TATN;5;20160518;140500;321.6000000;321.9000000;321.6000000;321.9000000;200
TATN;5;20160518;141000;321.6500000;323.6500000;321.6500000;323.3000000;10430
TATN;5;20160518;141500;323.2000000;323.8000000;322.7500000;323.1500000;6630
TATN;5;20160518;142000;323.1500000;323.1500000;322.5000000;322.5000000;4100
TATN;5;20160518;142500;322.5000000;322.5500000;321.7500000;321.7500000;7920
TATN;5;20160518;143000;321.6500000;321.9000000;321.5000000;321.5500000;5820
TATN;5;20160518;143500;321.5500000;321.7500000;321.5000000;321.6500000;1650
TATN;5;20160518;144000;321.5500000;321.5500000;321.4000000;321.4000000;730
TATN;5;20160518;144500;321.3000000;321.5000000;321.3000000;321.3500000;1980
TATN;5;20160518;145000;321.5500000;321.7000000;321.3000000;321.6000000;6650
TATN;5;20160518;145500;321.5500000;321.7000000;321.3000000;321.6500000;4050
TATN;5;20160518;150000;321.4500000;321.9000000;321.3500000;321.7000000;3380
TATN;5;20160518;150500;321.7000000;322.0000000;321.3000000;321.5000000;8540
TATN;5;20160518;151000;321.6500000;321.6500000;321.2000000;321.6000000;4130
TATN;5;20160518;151500;321.2500000;321.4500000;321.0000000;321.2000000;11090
TATN;5;20160518;152000;321.0000000;321.5000000;320.8000000;321.1500000;20980
TATN;5;20160518;152500;320.9000000;321.0000000;320.8000000;321.0000000;560
TATN;5;20160518;153000;321.0000000;321.0000000;320.5500000;320.7500000;7480
TATN;5;20160518;153500;320.6000000;321.4500000;320.5000000;321.1000000;5930
TATN;5;20160518;154000;321.2500000;321.2500000;320.8500000;320.8500000;2240
TATN;5;20160518;154500;320.8000000;321.1000000;320.7000000;320.9000000;1030
TATN;5;20160518;155000;320.9000000;320.9000000;320.3500000;320.6000000;6020
TATN;5;20160518;155500;320.4500000;320.8500000;320.4500000;320.5000000;2150
TATN;5;20160518;160000;320.5500000;320.5500000;320.5000000;320.5500000;250
TATN;5;20160518;160500;320.5500000;320.7500000;320.4500000;320.4500000;2270
TATN;5;20160518;161000;320.4500000;320.5500000;320.1000000;320.1000000;8950
TATN;5;20160518;161500;320.1000000;320.3000000;320.1000000;320.2500000;4000
TATN;5;20160518;162000;320.2500000;320.5000000;320.2500000;320.5000000;520
TATN;5;20160518;162500;320.6000000;320.8500000;320.4500000;320.7000000;2050
TATN;5;20160518;163000;320.7000000;321.0500000;320.7000000;320.8000000;420
TATN;5;20160518;163500;320.8500000;321.0500000;320.7000000;320.7500000;4730
TATN;5;20160518;164000;320.6000000;320.7500000;320.2500000;320.4000000;3710
TATN;5;20160518;164500;320.5000000;321.6500000;320.5000000;321.1000000;10540
TATN;5;20160518;165000;320.8500000;321.6000000;320.8500000;321.0000000;9700
TATN;5;20160518;165500;321.1000000;322.6500000;321.1000000;322.6000000;15680
TATN;5;20160518;170000;322.6000000;323.4000000;322.4500000;323.3500000;14840
TATN;5;20160518;170500;323.3500000;323.7500000;322.4000000;322.8000000;17330
TATN;5;20160518;171000;322.8000000;323.5500000;322.6500000;322.6500000;10700
TATN;5;20160518;171500;322.9000000;323.4500000;322.0000000;322.0500000;20590
TATN;5;20160518;172000;322.3500000;322.9500000;321.5500000;322.2000000;11050
TATN;5;20160518;172500;322.1500000;322.9500000;321.8000000;322.8000000;16040
TATN;5;20160518;173000;323.0000000;323.2000000;322.0500000;322.4500000;26230
TATN;5;20160518;173500;322.6500000;322.7000000;321.0000000;322.0500000;46410
TATN;5;20160518;174000;322.0500000;322.2000000;321.4000000;321.5500000;13400
TATN;5;20160518;174500;321.8000000;322.2000000;321.6000000;322.2000000;21110
TATN;5;20160518;175000;322.2000000;322.2000000;322.0500000;322.1500000;6300
TATN;5;20160518;175500;322.2000000;322.2000000;322.0000000;322.1500000;8240
TATN;5;20160518;180000;322.1500000;322.1500000;321.6500000;321.6500000;10180
TATN;5;20160518;180500;321.8000000;321.9000000;321.5000000;321.9000000;5230
TATN;5;20160518;181000;321.8500000;322.0000000;321.7000000;321.9500000;4890
TATN;5;20160518;181500;321.9500000;322.2000000;321.8500000;322.0000000;8660
TATN;5;20160518;182000;322.0000000;322.2000000;321.9000000;321.9000000;7060
TATN;5;20160518;182500;322.1000000;322.8500000;322.0000000;322.6500000;27040
TATN;5;20160518;183000;322.8500000;323.6000000;322.6500000;323.4500000;26480
TATN;5;20160518;183500;323.6000000;323.6500000;322.9500000;323.6500000;31190
TATN;5;20160518;184000;323.5000000;325.7500000;322.6000000;325.7500000;115140
TATN;5;20160518;185000;325.5000000;325.5000000;325.5000000;325.5000000;96710
TATN;5;20160519;100500;322.9500000;323.5000000;320.7000000;321.8500000;32680
TATN;5;20160519;101000;321.8000000;322.0000000;320.2500000;321.6000000;31160
TATN;5;20160519;101500;321.3500000;321.4500000;319.8000000;320.7000000;47570
TATN;5;20160519;102000;320.5000000;320.7000000;320.0000000;320.2500000;11430
TATN;5;20160519;102500;320.2500000;320.7000000;319.9000000;320.1500000;26730
TATN;5;20160519;103000;320.2000000;320.5500000;320.0000000;320.3000000;16160
TATN;5;20160519;103500;320.2000000;320.3000000;319.8000000;320.3000000;14350
TATN;5;20160519;104000;320.1500000;320.2000000;319.5000000;319.6000000;35910
TATN;5;20160519;104500;319.5000000;319.6000000;319.1000000;319.3500000;13220
TATN;5;20160519;105000;319.6000000;319.9000000;319.0500000;319.4000000;36680
TATN;5;20160519;105500;319.3000000;319.3000000;318.5500000;318.5500000;35620
TATN;5;20160519;110000;318.8500000;318.9500000;318.5000000;318.8000000;15480
TATN;5;20160519;110500;318.8000000;318.8500000;318.2500000;318.2500000;42810
TATN;5;20160519;111000;318.4000000;318.5000000;318.0000000;318.0000000;52920
TATN;5;20160519;111500;318.0000000;318.4000000;318.0000000;318.0500000;20470
TATN;5;20160519;112000;318.0500000;318.3500000;318.0500000;318.1000000;6120
TATN;5;20160519;112500;318.1000000;318.3000000;318.0500000;318.0500000;16510
TATN;5;20160519;113000;318.0500000;318.2500000;317.7000000;317.9500000;11980
TATN;5;20160519;113500;317.9500000;318.5000000;317.9500000;318.2000000;3750
TATN;5;20160519;114000;318.5000000;318.8000000;318.2000000;318.5000000;23030
TATN;5;20160519;114500;318.5000000;319.5000000;318.5000000;319.1000000;9590
TATN;5;20160519;115000;319.1000000;319.4000000;318.2000000;318.2000000;12890
TATN;5;20160519;115500;318.2000000;318.7500000;318.2000000;318.4500000;5350
TATN;5;20160519;120000;318.5000000;318.9500000;318.2500000;318.3500000;6040
TATN;5;20160519;120500;318.2500000;318.4500000;318.2000000;318.3500000;6990
TATN;5;20160519;121000;318.4000000;321.5000000;318.0500000;320.3000000;215610
TATN;5;20160519;121500;320.2500000;322.0000000;317.5000000;318.5000000;517850
TATN;5;20160519;122000;318.2500000;318.5000000;317.7000000;318.0000000;20420
TATN;5;20160519;122500;318.0500000;318.3500000;318.0000000;318.0000000;10860
TATN;5;20160519;123000;318.0500000;318.4500000;318.0000000;318.2000000;6240
TATN;5;20160519;123500;318.4500000;318.9500000;318.3000000;318.4000000;5140
TATN;5;20160519;124000;318.4000000;319.0000000;318.4000000;318.7500000;2450
TATN;5;20160519;124500;318.7500000;318.9000000;318.6500000;318.7000000;2230
TATN;5;20160519;125000;318.7000000;319.3000000;318.5500000;318.7000000;13210
TATN;5;20160519;125500;318.8500000;319.2500000;318.7500000;318.9000000;16960
TATN;5;20160519;130000;318.9000000;319.1000000;318.3500000;318.5500000;9670
TATN;5;20160519;130500;318.6000000;318.9000000;318.3500000;318.5500000;4970
TATN;5;20160519;131000;318.5500000;318.8000000;318.5000000;318.5500000;1720
TATN;5;20160519;131500;318.7500000;319.1000000;318.5000000;318.7000000;11770
TATN;5;20160519;132000;318.7500000;319.1500000;318.7500000;318.9000000;650
TATN;5;20160519;132500;319.1000000;319.1000000;318.5500000;318.6000000;6020
TATN;5;20160519;133000;318.8000000;319.2000000;318.5500000;318.5500000;5900
TATN;5;20160519;133500;318.5500000;319.3000000;318.5500000;319.3000000;3940
TATN;5;20160519;134000;319.3500000;319.7500000;319.2000000;319.2500000;3650
TATN;5;20160519;134500;319.2500000;319.7000000;319.2500000;319.6000000;2510
TATN;5;20160519;135000;319.5000000;319.7500000;319.5000000;319.6500000;1920
TATN;5;20160519;135500;319.6500000;319.7500000;319.5000000;319.6500000;2250
TATN;5;20160519;140000;319.6500000;319.7500000;319.5000000;319.5000000;1650
TATN;5;20160519;140500;319.5000000;319.9500000;319.5000000;319.5500000;3390
TATN;5;20160519;141000;319.6000000;320.5000000;319.5000000;319.7000000;21210
TATN;5;20160519;141500;319.6500000;319.6500000;319.1500000;319.2500000;2370
TATN;5;20160519;142000;319.2500000;319.6000000;319.1500000;319.3500000;1950
TATN;5;20160519;142500;319.5000000;319.6500000;319.1000000;319.1500000;7160
TATN;5;20160519;143000;319.1500000;319.4500000;319.1000000;319.2000000;1440
TATN;5;20160519;143500;319.2000000;320.0000000;319.0000000;319.5000000;12350
TATN;5;20160519;144000;320.1000000;320.4000000;319.8000000;319.9000000;5710
TATN;5;20160519;144500;319.8000000;319.9500000;319.5000000;319.5500000;2600
TATN;5;20160519;145000;319.9000000;320.3000000;319.5500000;319.8500000;6110
TATN;5;20160519;145500;319.8500000;320.2000000;319.2500000;319.3500000;8860
TATN;5;20160519;150000;319.3500000;319.6000000;319.0500000;319.2500000;11040
TATN;5;20160519;150500;319.2500000;319.3500000;319.0500000;319.1000000;830
TATN;5;20160519;151000;319.3500000;319.5000000;318.7500000;318.7500000;9580
TATN;5;20160519;151500;318.7500000;319.3500000;318.7000000;318.9000000;3360
TATN;5;20160519;152000;318.9500000;319.1000000;318.7500000;318.8000000;1190
TATN;5;20160519;152500;318.8000000;319.1000000;318.7000000;318.7500000;1590
TATN;5;20160519;153000;318.7500000;319.3000000;318.5000000;318.7500000;12980
TATN;5;20160519;153500;318.7500000;319.0000000;318.5500000;318.7000000;2070
TATN;5;20160519;154000;318.7000000;319.1000000;318.6000000;319.1000000;1670
TATN;5;20160519;154500;318.8000000;319.4500000;318.8000000;319.1000000;2650
TATN;5;20160519;155000;319.1000000;319.8000000;319.1000000;319.4000000;8800
TATN;5;20160519;155500;319.0000000;319.4000000;319.0000000;319.0000000;640
TATN;5;20160519;160000;319.0500000;319.4000000;319.0500000;319.0500000;1460
TATN;5;20160519;160500;319.0500000;319.4000000;319.0500000;319.1000000;1880
TATN;5;20160519;161000;319.1000000;319.6000000;319.1000000;319.2000000;2310
TATN;5;20160519;161500;319.2000000;319.2000000;318.8000000;318.8000000;10140
TATN;5;20160519;162000;318.8000000;318.8000000;318.7000000;318.7000000;2050
TATN;5;20160519;162500;318.7500000;318.7500000;318.5500000;318.7000000;1100
TATN;5;20160519;163000;318.7000000;319.1000000;318.7000000;318.7500000;2930
TATN;5;20160519;163500;318.7500000;318.7500000;318.2500000;318.4500000;15690
TATN;5;20160519;164000;318.3500000;318.4500000;318.1000000;318.2500000;14470
TATN;5;20160519;164500;318.5000000;318.6000000;318.2000000;318.5000000;4510
TATN;5;20160519;165000;318.5000000;318.5000000;317.6500000;317.8000000;97410
TATN;5;20160519;165500;317.8000000;318.0500000;317.5500000;317.6000000;28160
TATN;5;20160519;170000;317.6000000;317.7500000;317.1500000;317.2000000;16580
TATN;5;20160519;170500;317.2000000;317.6000000;317.1500000;317.4000000;8670
TATN;5;20160519;171000;317.4000000;318.5000000;317.4000000;317.9500000;30290
TATN;5;20160519;171500;317.9500000;318.1000000;317.6500000;317.9000000;3340
TATN;5;20160519;172000;318.0500000;318.2500000;317.9500000;318.1500000;5100
TATN;5;20160519;172500;318.2500000;319.0000000;318.2000000;318.4500000;17680
TATN;5;20160519;173000;318.4500000;319.0500000;318.3500000;318.8000000;27280
TATN;5;20160519;173500;318.9500000;319.4000000;318.7000000;319.1500000;18670
TATN;5;20160519;174000;319.1500000;319.4500000;318.9500000;318.9500000;5650
TATN;5;20160519;174500;319.1500000;319.7500000;319.0000000;319.7000000;29560
TATN;5;20160519;175000;319.4500000;319.5500000;319.1000000;319.2500000;3190
TATN;5;20160519;175500;319.4000000;319.4000000;318.7500000;318.7500000;3790
TATN;5;20160519;180000;318.8000000;318.8500000;318.5500000;318.5500000;3780
TATN;5;20160519;180500;318.7000000;318.8500000;318.0500000;318.1500000;21540
TATN;5;20160519;181000;318.1500000;318.1500000;317.3000000;317.9000000;26810
TATN;5;20160519;181500;317.6500000;318.0000000;317.6000000;317.9500000;4110
TATN;5;20160519;182000;317.9500000;318.2500000;317.7500000;317.9500000;4110
TATN;5;20160519;182500;317.9500000;318.7500000;317.7500000;318.7000000;6540
TATN;5;20160519;183000;318.6500000;318.7000000;318.1000000;318.5000000;11740
TATN;5;20160519;183500;318.5000000;318.5000000;317.7000000;318.2500000;21940
TATN;5;20160519;184000;318.2500000;318.9500000;317.5500000;318.9500000;50720
TATN;5;20160519;185000;317.0000000;317.0000000;317.0000000;317.0000000;103140
TATN;5;20160520;100500;318.5500000;319.0500000;318.5000000;318.6000000;35310
TATN;5;20160520;101000;318.6000000;318.7000000;318.0000000;318.2500000;27500
TATN;5;20160520;101500;318.3000000;318.7500000;318.0000000;318.4500000;44350
TATN;5;20160520;102000;318.7000000;318.7500000;318.3000000;318.3500000;15260
TATN;5;20160520;102500;318.3500000;318.7000000;318.1500000;318.2500000;16290
TATN;5;20160520;103000;318.3000000;318.4500000;317.7000000;317.8500000;16190
TATN;5;20160520;103500;317.7000000;317.8500000;317.5000000;317.5000000;11800
TATN;5;20160520;104000;317.5500000;317.5500000;316.1000000;316.3500000;65280
TATN;5;20160520;104500;316.3500000;317.5000000;316.3500000;317.5000000;11970
TATN;5;20160520;105000;317.5500000;317.7000000;316.9500000;316.9500000;6930
TATN;5;20160520;105500;317.2000000;317.3500000;316.3500000;316.5500000;16870
TATN;5;20160520;110000;316.6500000;316.6500000;316.2000000;316.3500000;13940
TATN;5;20160520;110500;316.4500000;316.9500000;316.2500000;316.8500000;26630
TATN;5;20160520;111000;316.8000000;317.4500000;316.7500000;316.7500000;22640
TATN;5;20160520;111500;316.7500000;316.7500000;316.3500000;316.5000000;12210
TATN;5;20160520;112000;316.5000000;317.2500000;316.5000000;316.8000000;19290
TATN;5;20160520;112500;317.1500000;317.1500000;316.6000000;316.6000000;4580
TATN;5;20160520;113000;316.6500000;317.1000000;316.6500000;316.7500000;9380
TATN;5;20160520;113500;316.8000000;317.8500000;316.8000000;317.4500000;21080
TATN;5;20160520;114000;317.4500000;317.5000000;316.9000000;317.1500000;9160
TATN;5;20160520;114500;317.2000000;317.7500000;317.2000000;317.7500000;6920
TATN;5;20160520;115000;317.6500000;317.6500000;316.9500000;316.9500000;2870
TATN;5;20160520;115500;316.8500000;317.2000000;316.7000000;316.8000000;16730
TATN;5;20160520;120000;316.8500000;316.8500000;316.6500000;316.7500000;2230
TATN;5;20160520;120500;316.7000000;317.0500000;316.4000000;316.4000000;11670
TATN;5;20160520;121000;316.6000000;316.6000000;316.1500000;316.2500000;15880
TATN;5;20160520;121500;316.2000000;316.3000000;315.6000000;315.6000000;27800
TATN;5;20160520;122000;315.7000000;315.7000000;315.3000000;315.3500000;21350
TATN;5;20160520;122500;315.3500000;315.5500000;315.0000000;315.4000000;35050
TATN;5;20160520;123000;315.2000000;315.6000000;315.1500000;315.1500000;8040
TATN;5;20160520;123500;315.1500000;315.2000000;315.0000000;315.1000000;11990
TATN;5;20160520;124000;315.0500000;315.4500000;315.0000000;315.1500000;5450
TATN;5;20160520;124500;315.1500000;315.3000000;315.0500000;315.1500000;5540
TATN;5;20160520;125000;315.1000000;315.2000000;314.2500000;314.5500000;69700
TATN;5;20160520;125500;314.5500000;314.7000000;314.2000000;314.3000000;12030
TATN;5;20160520;130000;314.3000000;314.3500000;314.0500000;314.1000000;17910
TATN;5;20160520;130500;314.1500000;314.1500000;313.1500000;313.7000000;53890
TATN;5;20160520;131000;313.8500000;314.2000000;313.2500000;313.3000000;18710
TATN;5;20160520;131500;313.3000000;314.1500000;313.0500000;313.8000000;13840
TATN;5;20160520;132000;313.8000000;313.9500000;313.6000000;313.7000000;5330
TATN;5;20160520;132500;313.7500000;313.9000000;313.4000000;313.6500000;5280
TATN;5;20160520;133000;313.6000000;314.0000000;313.5500000;314.0000000;13820
TATN;5;20160520;133500;313.9500000;314.0000000;313.4500000;313.5500000;20920
TATN;5;20160520;134000;313.7500000;314.0000000;313.3500000;313.6000000;13400
TATN;5;20160520;134500;313.6500000;314.0000000;313.3000000;313.3000000;8600
TATN;5;20160520;135000;313.2000000;313.5500000;313.0000000;313.0000000;8920
TATN;5;20160520;135500;313.1000000;313.1500000;312.8000000;313.0000000;7390
TATN;5;20160520;140000;313.0000000;313.5500000;313.0000000;313.2500000;8650
TATN;5;20160520;140500;313.2000000;313.5000000;313.2000000;313.3000000;1180
TATN;5;20160520;141000;313.3000000;313.7500000;313.0500000;313.7000000;7970
TATN;5;20160520;141500;313.3000000;313.7500000;313.0000000;313.1500000;16360
TATN;5;20160520;142000;313.1500000;313.7000000;313.0500000;313.3000000;4400
TATN;5;20160520;142500;313.3000000;313.6000000;313.3000000;313.3000000;540
TATN;5;20160520;143000;313.3000000;313.3000000;312.8000000;313.0000000;65170
TATN;5;20160520;143500;312.9000000;313.0000000;312.4500000;312.5500000;17660
TATN;5;20160520;144000;312.5000000;312.8000000;312.4500000;312.5000000;2460
TATN;5;20160520;144500;312.5000000;313.0000000;312.3000000;313.0000000;10620
TATN;5;20160520;145000;312.9500000;313.0000000;312.5000000;312.7500000;2410
TATN;5;20160520;145500;312.7000000;313.0000000;312.5000000;312.5500000;6280
TATN;5;20160520;150000;312.5500000;312.9500000;312.5500000;312.7000000;3460
TATN;5;20160520;150500;312.6500000;312.8000000;312.2500000;312.2500000;8050
TATN;5;20160520;151000;312.2500000;312.6000000;312.2000000;312.3500000;8340
TATN;5;20160520;151500;312.3000000;312.9500000;312.2500000;312.6000000;8960
TATN;5;20160520;152000;312.6000000;313.0000000;312.6000000;313.0000000;43260
TATN;5;20160520;152500;312.9500000;313.0000000;312.8000000;313.0000000;29810
TATN;5;20160520;153000;312.8500000;313.4000000;312.7000000;312.8000000;12470
TATN;5;20160520;153500;312.8000000;313.6500000;312.6500000;313.1000000;30720
TATN;5;20160520;154000;313.1000000;313.1500000;312.6000000;312.6000000;19970
TATN;5;20160520;154500;312.6000000;313.0000000;312.5000000;312.8500000;21630
TATN;5;20160520;155000;312.9000000;313.0000000;312.7000000;312.8500000;22680
TATN;5;20160520;155500;313.0000000;313.5000000;312.8500000;312.8500000;23520
TATN;5;20160520;160000;312.8500000;313.0000000;312.6500000;312.6500000;6550
TATN;5;20160520;160500;312.7000000;313.5000000;312.5500000;313.1500000;75850
TATN;5;20160520;161000;313.1500000;313.2500000;312.7000000;312.8000000;20870
TATN;5;20160520;161500;312.8000000;313.3500000;312.7000000;312.9500000;11820
TATN;5;20160520;162000;312.7500000;313.8500000;312.7500000;313.6000000;43240
TATN;5;20160520;162500;313.5000000;315.3500000;313.4000000;314.5500000;43280
TATN;5;20160520;163000;314.5500000;314.8500000;314.2500000;314.6500000;15520
TATN;5;20160520;163500;314.6500000;314.8500000;313.8500000;314.0500000;12800
TATN;5;20160520;164000;313.8000000;314.2000000;313.4000000;313.4000000;9140
TATN;5;20160520;164500;313.4000000;313.6000000;312.7500000;312.7500000;12540
TATN;5;20160520;165000;312.8000000;313.5000000;312.8000000;313.0500000;16900
TATN;5;20160520;165500;313.0500000;313.5500000;313.0500000;313.2500000;16750
TATN;5;20160520;170000;313.1000000;313.3500000;312.9500000;313.1000000;13330
TATN;5;20160520;170500;313.4500000;313.4500000;313.0000000;313.0000000;10330
TATN;5;20160520;171000;313.0000000;313.6500000;312.7500000;313.3500000;27000
TATN;5;20160520;171500;313.4000000;313.4500000;312.8000000;312.8000000;24070
TATN;5;20160520;172000;312.9000000;313.9000000;312.8000000;313.2500000;48240
TATN;5;20160520;172500;313.2000000;313.4500000;312.5000000;312.5500000;50140
TATN;5;20160520;173000;312.7500000;313.3000000;312.3500000;312.5000000;22280
TATN;5;20160520;173500;312.5000000;312.7000000;312.3000000;312.7000000;11950
TATN;5;20160520;174000;312.7000000;314.0500000;312.7000000;313.8500000;56980
TATN;5;20160520;174500;314.0000000;314.9500000;313.1000000;313.4500000;72470
TATN;5;20160520;175000;313.4500000;313.5000000;313.2000000;313.4000000;9970
TATN;5;20160520;175500;313.4000000;313.9500000;313.2000000;313.5000000;13030
TATN;5;20160520;180000;313.5000000;314.2500000;313.5000000;313.7500000;12420
TATN;5;20160520;180500;313.7500000;314.1000000;313.5000000;313.9000000;14810
TATN;5;20160520;181000;313.6000000;314.4000000;313.5500000;313.5500000;26720
TATN;5;20160520;181500;313.5500000;313.6500000;313.0000000;313.1000000;14510
TATN;5;20160520;182000;313.0000000;313.3000000;312.9000000;313.0000000;11720
TATN;5;20160520;182500;313.0000000;313.7500000;313.0000000;313.2000000;16510
TATN;5;20160520;183000;313.2500000;313.4000000;313.0000000;313.1000000;21020
TATN;5;20160520;183500;313.1500000;313.5000000;313.0000000;313.0000000;36430
TATN;5;20160520;184000;313.0500000;313.3000000;312.0000000;312.0000000;188630
TATN;5;20160520;185000;313.5000000;313.5000000;313.5000000;313.5000000;46950
TATN;5;20160523;100500;313.0000000;313.2000000;311.3000000;311.3000000;23810
TATN;5;20160523;101000;311.3000000;311.3000000;310.5000000;310.6000000;22210
TATN;5;20160523;101500;310.5000000;310.6500000;310.0500000;310.6000000;28290
TATN;5;20160523;102000;310.5500000;310.7000000;310.4000000;310.5500000;3970
TATN;5;20160523;102500;310.6500000;310.8000000;310.3000000;310.3000000;22870
TATN;5;20160523;103000;310.6000000;310.6500000;310.3000000;310.6000000;12140
TATN;5;20160523;103500;310.5000000;310.8500000;310.3500000;310.8000000;20850
TATN;5;20160523;104000;310.5500000;310.9500000;310.5500000;310.7000000;10180
TATN;5;20160523;104500;310.9000000;311.0000000;310.5500000;310.5500000;20130
TATN;5;20160523;105000;310.5500000;310.8000000;310.4000000;310.4000000;18800
TATN;5;20160523;105500;310.4500000;311.1000000;310.4500000;311.0500000;10690
TATN;5;20160523;110000;311.1500000;311.2000000;311.0500000;311.1500000;2280
TATN;5;20160523;110500;311.1000000;311.2000000;310.8500000;311.0500000;7900
TATN;5;20160523;111000;311.0000000;311.5000000;311.0000000;311.1500000;9920
TATN;5;20160523;111500;311.1500000;311.1500000;310.8000000;310.8000000;4510
TATN;5;20160523;112000;310.8000000;310.9000000;310.3000000;310.5500000;6760
TATN;5;20160523;112500;310.5500000;310.7500000;310.3500000;310.7500000;2090
TATN;5;20160523;113000;310.7000000;311.0000000;310.6000000;310.6000000;3680
TATN;5;20160523;113500;310.6500000;310.7500000;310.5500000;310.5500000;2100
TATN;5;20160523;114000;310.5500000;310.6500000;310.4000000;310.4000000;5840
TATN;5;20160523;114500;310.4500000;310.5500000;306.5500000;306.5500000;247350
TATN;5;20160523;115000;306.5500000;307.2000000;306.4500000;306.7500000;57210
TATN;5;20160523;115500;306.7500000;307.1500000;306.7500000;307.0000000;25410
TATN;5;20160523;120000;307.1000000;307.2000000;306.9000000;306.9000000;11260
TATN;5;20160523;120500;306.9000000;306.9000000;305.3000000;305.8000000;81330
TATN;5;20160523;121000;305.8000000;306.6000000;305.7000000;306.6000000;37450
TATN;5;20160523;121500;306.5500000;306.8000000;306.3500000;306.5500000;7690
TATN;5;20160523;122000;306.4000000;306.6500000;306.2000000;306.2500000;15360
TATN;5;20160523;122500;306.2500000;306.4000000;305.9000000;306.4000000;12850
TATN;5;20160523;123000;306.3000000;306.4500000;306.1000000;306.4500000;2820
TATN;5;20160523;123500;306.4500000;307.2000000;306.4000000;307.1000000;12170
TATN;5;20160523;124000;306.8500000;307.6500000;306.8500000;307.3500000;18000
TATN;5;20160523;124500;307.3500000;307.5500000;307.1000000;307.3500000;5730
TATN;5;20160523;125000;307.1500000;307.4000000;307.0500000;307.4000000;4220
TATN;5;20160523;125500;307.2000000;307.4500000;306.8000000;306.9000000;21460
TATN;5;20160523;130000;306.9000000;307.4500000;306.8500000;307.4500000;4130
TATN;5;20160523;130500;307.4000000;307.4000000;306.9500000;307.1500000;9670
TATN;5;20160523;131000;307.0500000;308.0500000;307.0500000;308.0000000;10570
TATN;5;20160523;131500;307.8000000;308.5000000;307.8000000;308.2000000;8630
TATN;5;20160523;132000;308.2500000;308.4500000;307.6500000;307.8000000;7870
TATN;5;20160523;132500;308.0000000;308.0000000;307.3000000;307.4500000;4310
TATN;5;20160523;133000;307.5500000;307.8500000;307.4000000;307.8500000;9350
TATN;5;20160523;133500;307.7000000;308.2500000;307.6500000;308.0000000;5260
TATN;5;20160523;134000;308.0000000;308.0000000;307.7000000;307.8000000;3080
TATN;5;20160523;134500;308.0000000;308.3000000;307.8000000;308.2500000;7890
TATN;5;20160523;135000;308.3500000;308.5000000;308.0000000;308.5000000;9240
TATN;5;20160523;135500;308.1000000;308.1000000;307.8500000;307.8500000;470
TATN;5;20160523;140000;307.9500000;308.0000000;307.8000000;307.8000000;2570
TATN;5;20160523;140500;307.9000000;308.4500000;307.9000000;308.4000000;6700
TATN;5;20160523;141000;308.1500000;308.3000000;307.9000000;308.3000000;3470
TATN;5;20160523;141500;308.0500000;308.5000000;308.0000000;308.1500000;8150
TATN;5;20160523;142000;308.0000000;308.3000000;307.9000000;307.9000000;220
TATN;5;20160523;142500;307.9000000;308.4500000;307.9000000;307.9500000;6480
TATN;5;20160523;143000;308.0000000;308.0500000;307.9000000;307.9000000;250
TATN;5;20160523;143500;307.9000000;308.3000000;307.9000000;307.9500000;1460
TATN;5;20160523;144000;308.2500000;308.3000000;308.0000000;308.3000000;1600
TATN;5;20160523;144500;308.1000000;308.5000000;308.1000000;308.5000000;1960
TATN;5;20160523;145000;308.2000000;308.5000000;308.2000000;308.4000000;420
TATN;5;20160523;145500;308.4000000;308.6000000;308.1000000;308.5000000;8760
TATN;5;20160523;150000;308.4000000;308.5000000;308.2000000;308.4500000;3740
TATN;5;20160523;150500;308.4500000;308.5000000;308.0500000;308.4500000;5410
TATN;5;20160523;151000;308.3000000;308.4500000;308.2500000;308.3000000;510
TATN;5;20160523;151500;308.1500000;308.5000000;308.1500000;308.4000000;4210
TATN;5;20160523;152000;308.4000000;308.6000000;308.2500000;308.3500000;2170
TATN;5;20160523;152500;308.3000000;308.4000000;308.0500000;308.0500000;1340
TATN;5;20160523;153000;308.0500000;308.2000000;307.9500000;307.9500000;2480
TATN;5;20160523;153500;307.9500000;308.5000000;307.7500000;308.3500000;8730
TATN;5;20160523;154000;308.3500000;308.5500000;308.1500000;308.3500000;4090
TATN;5;20160523;154500;308.3000000;308.6000000;308.3000000;308.5000000;4220
TATN;5;20160523;155000;308.5000000;308.5000000;308.3000000;308.3000000;730
TATN;5;20160523;155500;308.3000000;308.5000000;308.3000000;308.5000000;5410
TATN;5;20160523;160000;308.6000000;308.7000000;308.3000000;308.3000000;10340
TATN;5;20160523;160500;308.5000000;308.8000000;308.3500000;308.6500000;12850
TATN;5;20160523;161000;308.5500000;308.7500000;308.3500000;308.3500000;1180
TATN;5;20160523;161500;308.3000000;308.4500000;308.0000000;308.1500000;14300
TATN;5;20160523;162000;308.2000000;308.5000000;307.8000000;307.9500000;3690
TATN;5;20160523;162500;307.8000000;307.8000000;306.0500000;306.6000000;22080
TATN;5;20160523;163000;306.5000000;306.8000000;306.3000000;306.5500000;5990
TATN;5;20160523;163500;306.5000000;307.2000000;306.4500000;306.8500000;2420
TATN;5;20160523;164000;306.9500000;306.9500000;306.4500000;306.9000000;6710
TATN;5;20160523;164500;306.8500000;307.1000000;306.5500000;306.6000000;7320
TATN;5;20160523;165000;306.6000000;306.9000000;306.5000000;306.5000000;400
TATN;5;20160523;165500;306.5000000;306.9000000;306.5000000;306.6500000;1680
TATN;5;20160523;170000;306.6500000;307.9000000;306.6500000;307.4500000;15060
TATN;5;20160523;170500;307.6000000;308.1500000;306.9500000;307.1000000;18450
TATN;5;20160523;171000;307.2000000;307.6000000;307.1500000;307.1500000;1590
TATN;5;20160523;171500;307.2000000;307.6000000;307.2000000;307.3000000;3690
TATN;5;20160523;172000;307.4500000;309.0000000;307.4500000;309.0000000;34400
TATN;5;20160523;172500;309.0000000;309.4500000;308.6000000;308.8000000;17470
TATN;5;20160523;173000;308.8000000;309.1000000;307.9500000;308.5000000;20920
TATN;5;20160523;173500;308.5500000;308.5500000;308.0500000;308.2500000;4300
TATN;5;20160523;174000;308.0000000;308.4000000;307.8500000;308.2000000;3320
TATN;5;20160523;174500;308.2000000;310.1500000;308.2000000;308.7000000;34600
TATN;5;20160523;175000;308.7500000;309.2000000;307.7500000;308.6500000;11290
TATN;5;20160523;175500;308.8000000;309.0000000;308.5500000;309.0000000;6410
TATN;5;20160523;180000;309.0000000;309.0000000;308.0500000;308.1500000;6950
TATN;5;20160523;180500;308.2000000;308.5000000;308.2000000;308.2500000;16470
TATN;5;20160523;181000;308.1500000;308.2000000;307.3500000;307.5000000;23080
TATN;5;20160523;181500;307.3000000;307.5000000;307.2000000;307.2000000;12470
TATN;5;20160523;182000;307.1500000;307.3500000;306.8000000;306.9500000;24400
TATN;5;20160523;182500;306.7500000;306.9000000;306.5000000;306.7000000;19450
TATN;5;20160523;183000;306.5500000;306.8500000;306.5000000;306.8500000;9330
TATN;5;20160523;183500;306.7000000;307.0000000;306.6500000;307.0000000;24090
TATN;5;20160523;184000;307.0000000;307.0000000;306.7500000;307.0000000;23910
TATN;5;20160523;185000;305.7000000;305.7000000;305.7000000;305.7000000;63830
TATN;5;20160524;100500;306.2500000;306.7000000;304.1000000;306.1000000;62140
TATN;5;20160524;101000;306.3000000;307.2000000;305.9000000;307.0500000;20380
TATN;5;20160524;101500;306.7500000;307.3000000;306.5500000;306.5500000;6690
TATN;5;20160524;102000;306.5500000;307.1000000;306.5000000;306.6000000;8300
TATN;5;20160524;102500;306.6000000;307.3000000;306.5000000;307.0500000;10670
TATN;5;20160524;103000;307.2500000;307.9500000;307.2000000;307.6000000;19030
TATN;5;20160524;103500;307.6000000;307.6500000;306.9000000;307.5000000;7330
TATN;5;20160524;104000;307.6500000;307.7500000;307.1000000;307.2500000;8960
TATN;5;20160524;104500;307.2500000;308.5500000;307.2500000;308.3500000;12660
TATN;5;20160524;105000;308.6000000;308.9500000;307.8500000;308.0000000;15430
TATN;5;20160524;105500;308.0000000;308.6000000;307.9000000;308.0500000;10630
TATN;5;20160524;110000;308.0500000;308.2500000;307.6500000;307.7500000;4160
TATN;5;20160524;110500;307.7500000;308.4000000;307.6000000;308.0000000;19630
TATN;5;20160524;111000;308.4000000;308.7500000;308.1000000;308.4500000;8660
TATN;5;20160524;111500;308.4500000;308.5500000;307.9500000;308.0000000;2430
TATN;5;20160524;112000;308.0000000;308.6500000;307.9500000;308.2000000;8400
TATN;5;20160524;112500;308.2000000;308.4000000;308.0000000;308.1000000;2980
TATN;5;20160524;113000;308.1000000;308.1000000;307.4000000;307.4500000;14320
TATN;5;20160524;113500;307.4000000;307.4000000;306.9500000;306.9500000;3500
TATN;5;20160524;114000;306.9500000;306.9500000;306.0500000;306.1500000;24090
TATN;5;20160524;114500;306.1500000;306.4000000;306.0000000;306.0500000;11230
TATN;5;20160524;115000;306.0000000;306.4500000;306.0000000;306.2000000;5310
TATN;5;20160524;115500;306.2000000;306.5000000;306.1500000;306.2000000;3450
TATN;5;20160524;120000;306.2000000;306.4500000;306.2000000;306.2500000;4170
TATN;5;20160524;120500;306.2500000;306.3500000;306.1000000;306.1500000;5530
TATN;5;20160524;121000;306.1500000;306.4000000;306.0000000;306.2500000;8310
TATN;5;20160524;121500;306.4500000;306.4500000;305.9000000;305.9500000;29530
TATN;5;20160524;122000;305.9500000;306.5500000;305.9000000;306.2000000;3370
TATN;5;20160524;122500;306.2000000;306.8500000;306.2000000;306.4000000;3450
TATN;5;20160524;123000;306.4000000;306.6000000;306.2000000;306.2500000;4620
TATN;5;20160524;123500;306.3000000;306.9000000;306.1500000;306.1500000;10040
TATN;5;20160524;124000;306.1500000;307.0000000;306.1000000;306.6000000;8980
TATN;5;20160524;124500;306.6000000;306.9500000;306.1500000;306.1500000;6000
TATN;5;20160524;125000;306.1500000;306.1500000;306.1000000;306.1000000;1520
TATN;5;20160524;125500;306.0500000;306.5000000;305.9000000;306.0000000;7550
TATN;5;20160524;130000;306.0000000;306.3500000;306.0000000;306.1000000;2540
TATN;5;20160524;130500;306.1500000;306.1500000;305.7500000;305.8000000;4470
TATN;5;20160524;131000;305.8000000;305.9000000;305.6500000;305.7000000;6230
TATN;5;20160524;131500;305.7000000;305.9000000;305.6000000;305.6500000;3170
TATN;5;20160524;132000;305.6500000;305.6500000;305.0000000;305.1000000;25800
TATN;5;20160524;132500;305.1000000;305.3000000;305.0000000;305.1000000;15920
TATN;5;20160524;133000;305.1000000;305.5000000;305.0500000;305.0500000;8480
TATN;5;20160524;133500;305.0500000;305.3000000;305.0000000;305.1500000;6160
TATN;5;20160524;134000;305.1500000;305.5000000;305.1500000;305.3000000;4960
TATN;5;20160524;134500;305.3500000;305.4000000;305.2500000;305.4000000;3360
TATN;5;20160524;135000;305.4000000;305.6500000;305.0000000;305.2000000;32340
TATN;5;20160524;135500;305.1500000;305.5000000;305.1500000;305.3000000;9480
TATN;5;20160524;140000;305.3000000;305.3000000;304.7500000;304.8500000;46320
TATN;5;20160524;140500;304.9500000;305.1500000;304.7500000;304.7500000;5520
TATN;5;20160524;141000;304.7500000;304.9000000;304.3500000;304.4500000;32830
TATN;5;20160524;141500;304.4000000;304.7500000;304.4000000;304.5000000;8050
TATN;5;20160524;142000;304.5000000;304.9000000;304.5000000;304.7000000;3500
TATN;5;20160524;142500;304.9500000;304.9500000;304.5000000;304.6500000;4390
TATN;5;20160524;143000;304.6500000;304.8000000;304.5500000;304.6000000;1480
TATN;5;20160524;143500;304.6000000;304.7500000;304.4000000;304.4000000;1250
TATN;5;20160524;144000;304.4500000;304.6000000;304.4000000;304.4500000;4440
TATN;5;20160524;144500;304.4500000;305.0500000;304.4500000;304.7500000;8890
TATN;5;20160524;145000;304.9500000;305.0000000;304.8000000;304.8000000;1510
TATN;5;20160524;145500;304.8000000;304.9500000;304.7000000;304.7000000;2170
TATN;5;20160524;150000;304.7000000;305.1000000;304.4500000;304.7000000;8260
TATN;5;20160524;150500;304.8000000;306.1500000;304.5500000;305.6000000;23730
TATN;5;20160524;151000;305.8000000;306.0000000;304.6000000;304.8500000;16040
TATN;5;20160524;151500;304.9500000;305.0500000;304.8500000;305.0500000;2530
TATN;5;20160524;152000;305.0500000;305.4000000;305.0000000;305.1500000;6840
TATN;5;20160524;152500;305.2500000;305.7500000;305.2000000;305.5000000;3850
TATN;5;20160524;153000;305.5000000;305.9000000;305.5000000;305.5500000;5850
TATN;5;20160524;153500;305.7500000;306.1500000;305.4000000;305.4000000;20860
TATN;5;20160524;154000;305.5500000;305.7500000;305.1500000;305.1500000;5950
TATN;5;20160524;154500;305.1500000;305.1500000;304.8500000;304.8500000;8230
TATN;5;20160524;155000;304.8500000;305.3000000;304.8500000;305.1000000;5230
TATN;5;20160524;155500;305.1000000;305.2500000;305.0000000;305.2500000;3940
TATN;5;20160524;160000;305.2000000;305.5500000;305.1500000;305.4000000;3440
TATN;5;20160524;160500;305.2000000;305.4000000;304.6000000;304.9000000;12680
TATN;5;20160524;161000;304.8500000;305.3500000;304.7000000;304.8000000;23410
TATN;5;20160524;161500;305.0000000;305.0000000;304.5000000;304.5500000;23530
TATN;5;20160524;162000;304.6000000;304.6000000;304.2500000;304.4000000;28140
TATN;5;20160524;162500;304.4000000;304.5000000;304.3000000;304.4500000;6640
TATN;5;20160524;163000;304.5000000;304.6000000;304.3500000;304.4000000;3530
TATN;5;20160524;163500;304.4500000;304.6000000;304.3500000;304.4000000;4160
TATN;5;20160524;164000;304.4500000;304.7500000;304.3000000;304.3000000;8130
TATN;5;20160524;164500;304.4500000;304.4500000;304.2500000;304.2500000;3430
TATN;5;20160524;165000;304.3500000;304.7500000;304.3000000;304.4500000;5220
TATN;5;20160524;165500;304.7000000;304.7000000;304.5500000;304.5500000;900
TATN;5;20160524;170000;304.5500000;304.5500000;304.3500000;304.4000000;4230
TATN;5;20160524;170500;304.7500000;304.7500000;304.3500000;304.3500000;3620
TATN;5;20160524;171000;304.5000000;304.5000000;304.3000000;304.3000000;1770
TATN;5;20160524;171500;304.3500000;304.7000000;304.2000000;304.2500000;19190
TATN;5;20160524;172000;304.2500000;304.9000000;304.2500000;304.6000000;19960
TATN;5;20160524;172500;304.9000000;305.9500000;304.5000000;304.9000000;210650
TATN;5;20160524;173000;304.7500000;306.6000000;304.6000000;305.5000000;66790
TATN;5;20160524;173500;305.8000000;306.0000000;305.4000000;305.5500000;206770
TATN;5;20160524;174000;305.7500000;306.2500000;305.5000000;305.9500000;15460
TATN;5;20160524;174500;305.9500000;306.1500000;305.0000000;306.1500000;44400
TATN;5;20160524;175000;306.2000000;306.4000000;305.9000000;305.9000000;5350
TATN;5;20160524;175500;306.0000000;306.1000000;305.4000000;305.7000000;8780
TATN;5;20160524;180000;305.5000000;305.7500000;305.5000000;305.7500000;4140
TATN;5;20160524;180500;305.7500000;306.7000000;305.5500000;306.3500000;11190
TATN;5;20160524;181000;306.6500000;306.9000000;306.3500000;306.8000000;9260
TATN;5;20160524;181500;306.6500000;306.7000000;306.0500000;306.3500000;3060
TATN;5;20160524;182000;306.1000000;306.4500000;306.1000000;306.4500000;8390
TATN;5;20160524;182500;306.4500000;306.6000000;306.2500000;306.2500000;3870
TATN;5;20160524;183000;306.4500000;306.4500000;305.7000000;305.7000000;10290
TATN;5;20160524;183500;305.5500000;305.7500000;305.0500000;305.4000000;22410
TATN;5;20160524;184000;305.2000000;305.4000000;305.0000000;305.0000000;25150
TATN;5;20160524;185000;304.4500000;304.4500000;304.4500000;304.4500000;36160
TATN;5;20160525;100500;306.8500000;306.9500000;305.5000000;306.9500000;13940
TATN;5;20160525;101000;306.9000000;307.7500000;306.9000000;307.4000000;19170
TATN;5;20160525;101500;307.4000000;307.8000000;307.1000000;307.8000000;12080
TATN;5;20160525;102000;307.8000000;308.4500000;307.7000000;308.2500000;12460
TATN;5;20160525;102500;308.3000000;308.3000000;307.3500000;307.5000000;14150
TATN;5;20160525;103000;307.4500000;307.8000000;307.0000000;307.6000000;20150
TATN;5;20160525;103500;307.5500000;308.1500000;307.5500000;308.1000000;7580
TATN;5;20160525;104000;307.9500000;308.8000000;307.6500000;308.0000000;30790
TATN;5;20160525;104500;307.8500000;308.3000000;307.4000000;307.9500000;16420
TATN;5;20160525;105000;307.9500000;308.4500000;307.1500000;307.5500000;55730
TATN;5;20160525;105500;307.6000000;307.6000000;306.9000000;307.4000000;26170
TATN;5;20160525;110000;307.2500000;307.5500000;306.9000000;307.5500000;7070
TATN;5;20160525;110500;307.3500000;307.4000000;306.2000000;306.6500000;22130
TATN;5;20160525;111000;306.6500000;307.3000000;306.6500000;306.9000000;6620
TATN;5;20160525;111500;307.0500000;307.3000000;306.7000000;306.7000000;9330
TATN;5;20160525;112000;306.8000000;307.2000000;305.9000000;306.5000000;14450
TATN;5;20160525;112500;306.5000000;306.8000000;306.1500000;306.6000000;4530
TATN;5;20160525;113000;306.4500000;306.5500000;306.0000000;306.0000000;8630
TATN;5;20160525;113500;306.0000000;306.2000000;305.4000000;305.4000000;8970
TATN;5;20160525;114000;305.5000000;305.7500000;305.4000000;305.4500000;4970
TATN;5;20160525;114500;305.8000000;305.9000000;304.8000000;305.2500000;36350
TATN;5;20160525;115000;305.1500000;305.3500000;304.8000000;305.1000000;3920
TATN;5;20160525;115500;305.4000000;305.9500000;305.1000000;305.5500000;10500
TATN;5;20160525;120000;305.5500000;306.1500000;305.0500000;305.5000000;9990
TATN;5;20160525;120500;305.5500000;305.7000000;305.0500000;305.7000000;6910
TATN;5;20160525;121000;305.5500000;305.9000000;305.0500000;305.5500000;7490
TATN;5;20160525;121500;305.2500000;305.7500000;305.1000000;305.6500000;7940
TATN;5;20160525;122000;305.5500000;305.7000000;305.1000000;305.5500000;6620
TATN;5;20160525;122500;305.2500000;305.8500000;305.2000000;305.5500000;7840
TATN;5;20160525;123000;305.5500000;306.0000000;305.4500000;305.8000000;10580
TATN;5;20160525;123500;305.8000000;306.0000000;305.0500000;305.5500000;18900
TATN;5;20160525;124000;305.5500000;306.2000000;305.5500000;305.9500000;10190
TATN;5;20160525;124500;305.6500000;306.4000000;305.4500000;306.4000000;24970
TATN;5;20160525;125000;306.4500000;306.6500000;305.6000000;306.0000000;24690
TATN;5;20160525;125500;306.3500000;307.2000000;306.3500000;306.9500000;18980
TATN;5;20160525;130000;306.9000000;307.4500000;306.3500000;307.3000000;35550
TATN;5;20160525;130500;307.3000000;307.5000000;306.8500000;307.2000000;4200
TATN;5;20160525;131000;307.2000000;307.3500000;306.4000000;307.0500000;8040
TATN;5;20160525;131500;307.0000000;307.4000000;306.9500000;307.0000000;4860
TATN;5;20160525;132000;307.0000000;307.2500000;306.7000000;306.7000000;5430
TATN;5;20160525;132500;307.1000000;307.2500000;306.4500000;306.7500000;9690
TATN;5;20160525;133000;306.7500000;306.7500000;306.4000000;306.7000000;1700
TATN;5;20160525;133500;306.6500000;307.0000000;306.6000000;306.9000000;9320
TATN;5;20160525;134000;306.9000000;307.1000000;306.1000000;306.7500000;12890
TATN;5;20160525;134500;306.6000000;307.0500000;306.6000000;307.0500000;2080
TATN;5;20160525;135000;306.8500000;307.2000000;306.4500000;307.2000000;6570
TATN;5;20160525;135500;307.2000000;307.4000000;307.0000000;307.1500000;4990
TATN;5;20160525;140000;307.3500000;307.6000000;307.2000000;307.5500000;5110
TATN;5;20160525;140500;307.5500000;307.5500000;307.2000000;307.4000000;490
TATN;5;20160525;141000;307.4000000;308.0000000;307.2500000;307.8000000;7330
TATN;5;20160525;141500;308.0500000;308.0500000;307.8000000;308.0000000;2000
TATN;5;20160525;142000;307.9500000;308.0000000;307.0000000;307.2500000;8930
TATN;5;20160525;142500;307.5500000;307.6000000;307.3000000;307.5500000;730
TATN;5;20160525;143000;307.5500000;307.7500000;307.2000000;307.3500000;5380
TATN;5;20160525;143500;307.7500000;308.0000000;307.5500000;308.0000000;6250
TATN;5;20160525;144000;308.0000000;308.3000000;307.8000000;308.0500000;1760
TATN;5;20160525;144500;308.0500000;308.0500000;307.3500000;308.0000000;8800
TATN;5;20160525;145000;308.0000000;308.0000000;307.2500000;307.6000000;5680
TATN;5;20160525;145500;307.5500000;307.9500000;307.5500000;307.7500000;3840
TATN;5;20160525;150000;307.9500000;308.2000000;307.4500000;307.8500000;19310
TATN;5;20160525;150500;307.8500000;307.9000000;307.0000000;307.0000000;18680
TATN;5;20160525;151000;307.0500000;307.3000000;306.7000000;307.0000000;6160
TATN;5;20160525;151500;307.1500000;307.2000000;306.7500000;306.7500000;5640
TATN;5;20160525;152000;306.6000000;306.7500000;306.1000000;306.5500000;10410
TATN;5;20160525;152500;306.5500000;306.8500000;306.4000000;306.8500000;4610
TATN;5;20160525;153000;306.8500000;307.0500000;306.2000000;306.2000000;12350
TATN;5;20160525;153500;306.4000000;307.0000000;306.0500000;306.4500000;15000
TATN;5;20160525;154000;306.4500000;306.4500000;305.7500000;305.7500000;33370
TATN;5;20160525;154500;306.0000000;306.3000000;305.8000000;306.3000000;2660
TATN;5;20160525;155000;305.9000000;306.1500000;305.6000000;305.9500000;12720
TATN;5;20160525;155500;305.9500000;306.5500000;305.6500000;306.2000000;17080
TATN;5;20160525;160000;306.3000000;306.6500000;306.0000000;306.1500000;5080
TATN;5;20160525;160500;306.2000000;306.4500000;305.6000000;306.0000000;13770
TATN;5;20160525;161000;305.9500000;306.0000000;305.5500000;305.5500000;4880
TATN;5;20160525;161500;305.5000000;305.9500000;305.5000000;305.7000000;4120
TATN;5;20160525;162000;305.9000000;306.0000000;305.7500000;305.7500000;2150
TATN;5;20160525;162500;305.8000000;305.9000000;305.7000000;305.8000000;4500
TATN;5;20160525;163000;305.9000000;306.2500000;305.9000000;306.2500000;4400
TATN;5;20160525;163500;306.3000000;306.5500000;306.1000000;306.5000000;3820
TATN;5;20160525;164000;306.5500000;306.9000000;306.2500000;306.8000000;14580
TATN;5;20160525;164500;306.7000000;306.9000000;306.4500000;306.8500000;4890
TATN;5;20160525;165000;306.9000000;307.0500000;306.4500000;307.0500000;6910
TATN;5;20160525;165500;307.0500000;307.0500000;306.6500000;307.0000000;3310
TATN;5;20160525;170000;307.0000000;307.2000000;306.8000000;306.8000000;3920
TATN;5;20160525;170500;306.9500000;307.8000000;306.9000000;307.5000000;15550
TATN;5;20160525;171000;307.7500000;308.3000000;307.5000000;307.8500000;21390
TATN;5;20160525;171500;308.1000000;308.1500000;307.8000000;308.0000000;10470
TATN;5;20160525;172000;308.0500000;308.2500000;307.5500000;308.2500000;12220
TATN;5;20160525;172500;308.2500000;308.5500000;307.8500000;308.5000000;16270
TATN;5;20160525;173000;308.5000000;308.5000000;307.5000000;307.5000000;12950
TATN;5;20160525;173500;307.6500000;308.5500000;307.5000000;308.4500000;16960
TATN;5;20160525;174000;308.5500000;308.8000000;308.3500000;308.7000000;15010
TATN;5;20160525;174500;308.4000000;308.6500000;306.6500000;306.8000000;34210
TATN;5;20160525;175000;306.8000000;306.8000000;305.7000000;306.1000000;27580
TATN;5;20160525;175500;306.1000000;306.1000000;305.7500000;306.0000000;5050
TATN;5;20160525;180000;305.9000000;306.1000000;305.8000000;305.8500000;8270
TATN;5;20160525;180500;306.0000000;306.1000000;305.8000000;306.1000000;18300
TATN;5;20160525;181000;306.0500000;307.2000000;306.0500000;306.6500000;22720
TATN;5;20160525;181500;306.6500000;306.9000000;306.2500000;306.2500000;9900
TATN;5;20160525;182000;306.1500000;306.2500000;305.7000000;306.0000000;16300
TATN;5;20160525;182500;305.9000000;305.9000000;305.5000000;305.8500000;16090
TATN;5;20160525;183000;305.7500000;305.7500000;305.3500000;305.5000000;20950
TATN;5;20160525;183500;305.5000000;305.7500000;305.3000000;305.7500000;19740
TATN;5;20160525;184000;305.7500000;305.8500000;305.1500000;305.1500000;34870
TATN;5;20160525;185000;305.9000000;305.9000000;305.9000000;305.9000000;14350
TATN;5;20160526;100500;307.5000000;307.5500000;306.1500000;307.5000000;15250
TATN;5;20160526;101000;307.2500000;307.7000000;306.9000000;307.4500000;9220
TATN;5;20160526;101500;307.4500000;307.7500000;307.2000000;307.4000000;4420
TATN;5;20160526;102000;307.3500000;307.5000000;306.5000000;306.5500000;12980
TATN;5;20160526;102500;306.6000000;307.3000000;306.2000000;306.2000000;17860
TATN;5;20160526;103000;306.5000000;306.7500000;306.0000000;306.0000000;12000
TATN;5;20160526;103500;306.0000000;306.6000000;305.7500000;306.4000000;12070
TATN;5;20160526;104000;306.1500000;306.6000000;306.0000000;306.6000000;3350
TATN;5;20160526;104500;306.4000000;306.7500000;306.2500000;306.6500000;4790
TATN;5;20160526;105000;306.5500000;308.6500000;306.5500000;308.6500000;64980
TATN;5;20160526;105500;308.6000000;308.8000000;308.4000000;308.6000000;12290
TATN;5;20160526;110000;308.6000000;308.7000000;307.5500000;307.6000000;11900
TATN;5;20160526;110500;307.6000000;307.6000000;307.3000000;307.3000000;6450
TATN;5;20160526;111000;307.3000000;307.4500000;307.0500000;307.3000000;13430
TATN;5;20160526;111500;307.4000000;307.6000000;307.4000000;307.5500000;5980
TATN;5;20160526;112000;307.6000000;307.6000000;307.1500000;307.5500000;6730
TATN;5;20160526;112500;307.5000000;307.8500000;307.2000000;307.5500000;11690
TATN;5;20160526;113000;307.5000000;307.8500000;307.0500000;307.0500000;26880
TATN;5;20160526;113500;307.0500000;307.3000000;307.0000000;307.2500000;2190
TATN;5;20160526;114000;307.2500000;307.7000000;307.2500000;307.7000000;10040
TATN;5;20160526;114500;307.7000000;307.7000000;306.9500000;307.0000000;11880
TATN;5;20160526;115000;307.0000000;307.4000000;307.0000000;307.1000000;3670
TATN;5;20160526;115500;307.3000000;307.4000000;307.3000000;307.4000000;7860
TATN;5;20160526;120000;307.5000000;307.5000000;307.2500000;307.2500000;6990
TATN;5;20160526;120500;307.2500000;308.2500000;307.0500000;308.1500000;18730
TATN;5;20160526;121000;308.1500000;308.6000000;308.1000000;308.5000000;18910
TATN;5;20160526;121500;308.6000000;308.6000000;308.4000000;308.5500000;4270
TATN;5;20160526;122000;308.5500000;308.5500000;308.0000000;308.4500000;3370
TATN;5;20160526;122500;308.4500000;308.7000000;308.2500000;308.6000000;10510
TATN;5;20160526;123000;308.6000000;308.6500000;308.2500000;308.5000000;13120
TATN;5;20160526;123500;308.6000000;310.7000000;308.5000000;309.8500000;55290
TATN;5;20160526;124000;310.0500000;310.2000000;309.4500000;310.0000000;13640
TATN;5;20160526;124500;310.0000000;310.9500000;310.0000000;310.9000000;23450
TATN;5;20160526;125000;310.9000000;311.8500000;310.5500000;311.4000000;33580
TATN;5;20160526;125500;311.6500000;312.3000000;311.3500000;312.3000000;21280
TATN;5;20160526;130000;312.3000000;312.9000000;312.1500000;312.4000000;18580
TATN;5;20160526;130500;312.6000000;313.1500000;312.5500000;313.1500000;22380
TATN;5;20160526;131000;313.2000000;313.2500000;312.1000000;312.2000000;8510
TATN;5;20160526;131500;312.1000000;312.2500000;311.6000000;312.1000000;13500
TATN;5;20160526;132000;311.9500000;312.2500000;311.0500000;312.2500000;25950
TATN;5;20160526;132500;311.9500000;312.4000000;311.9500000;312.3500000;5140
TATN;5;20160526;133000;312.3000000;313.0000000;312.3000000;313.0000000;8160
TATN;5;20160526;133500;312.5000000;314.0500000;312.5000000;314.0500000;44200
TATN;5;20160526;134000;314.0000000;314.0000000;313.5000000;313.9000000;10040
TATN;5;20160526;134500;313.7000000;313.7000000;313.3500000;313.5500000;2160
TATN;5;20160526;135000;313.7500000;313.7500000;313.2500000;313.4000000;6750
TATN;5;20160526;135500;313.5500000;313.7500000;313.4500000;313.6500000;1490
TATN;5;20160526;140000;313.4500000;314.8000000;313.3500000;314.5000000;29840
TATN;5;20160526;140500;314.7500000;314.7500000;314.0500000;314.4000000;5010
TATN;5;20160526;141000;314.3500000;314.8000000;314.2500000;314.6000000;9740
TATN;5;20160526;141500;314.5500000;315.0000000;314.2500000;314.8500000;67690
TATN;5;20160526;142000;314.8000000;315.0000000;314.6500000;314.9500000;12800
TATN;5;20160526;142500;314.9500000;314.9500000;314.1000000;314.3000000;24360
TATN;5;20160526;143000;314.3000000;314.4000000;313.8000000;314.4000000;13350
TATN;5;20160526;143500;314.4000000;314.9500000;314.2500000;314.8500000;12930
TATN;5;20160526;144000;314.8500000;315.9000000;314.8000000;315.4500000;58420
TATN;5;20160526;144500;315.5500000;315.8500000;315.0000000;315.3000000;11030
TATN;5;20160526;145000;315.5000000;315.9500000;315.1000000;315.7500000;21440
TATN;5;20160526;145500;315.8000000;316.2500000;315.3500000;315.3500000;22280
TATN;5;20160526;150000;315.4000000;315.9500000;315.3000000;315.9000000;7830
TATN;5;20160526;150500;315.8500000;316.0000000;315.4000000;315.9000000;14350
TATN;5;20160526;151000;315.9000000;315.9000000;315.3000000;315.3000000;1430
TATN;5;20160526;151500;315.5500000;315.7500000;315.2500000;315.6500000;20390
TATN;5;20160526;152000;315.4000000;315.4000000;314.7000000;314.9500000;10680
TATN;5;20160526;152500;314.7500000;315.4000000;314.7000000;315.3500000;10680
TATN;5;20160526;153000;315.3500000;315.4000000;315.2000000;315.2000000;6760
TATN;5;20160526;153500;315.3000000;315.5000000;315.0500000;315.0500000;7980
TATN;5;20160526;154000;315.2500000;315.5000000;314.8500000;314.9500000;3970
TATN;5;20160526;154500;315.1000000;315.3000000;314.7000000;315.0000000;7710
TATN;5;20160526;155000;315.2000000;315.2500000;314.2500000;314.5500000;9730
TATN;5;20160526;155500;314.8000000;315.3500000;314.5500000;315.3500000;7650
TATN;5;20160526;160000;315.4000000;315.4500000;314.5000000;314.8000000;6470
TATN;5;20160526;160500;314.6500000;314.9000000;314.3500000;314.3500000;15830
TATN;5;20160526;161000;314.2500000;314.9000000;314.2000000;314.9000000;7290
TATN;5;20160526;161500;314.9000000;315.4000000;314.5000000;314.9000000;9450
TATN;5;20160526;162000;314.5500000;314.9000000;314.5500000;314.8500000;2520
TATN;5;20160526;162500;314.6500000;315.0500000;314.5500000;314.5500000;5090
TATN;5;20160526;163000;314.7500000;315.0500000;314.6000000;315.0000000;5020
TATN;5;20160526;163500;315.0000000;315.0500000;314.6000000;314.7000000;4310
TATN;5;20160526;164000;314.7000000;314.7000000;313.5500000;313.8500000;20420
TATN;5;20160526;164500;313.8500000;314.0000000;313.0000000;313.6500000;32470
TATN;5;20160526;165000;313.4000000;313.6000000;312.1000000;313.6000000;44340
TATN;5;20160526;165500;313.6000000;313.6000000;312.9500000;313.2500000;5240
TATN;5;20160526;170000;313.2500000;313.2500000;312.0000000;312.1500000;22810
TATN;5;20160526;170500;312.1500000;313.0500000;312.0000000;312.4000000;17670
TATN;5;20160526;171000;312.2000000;312.4000000;311.8000000;312.0500000;21960
TATN;5;20160526;171500;312.1000000;312.5000000;312.0500000;312.5000000;28140
TATN;5;20160526;172000;312.4500000;312.9500000;312.4000000;312.7500000;9500
TATN;5;20160526;172500;312.7500000;312.8000000;312.0500000;312.4500000;9300
TATN;5;20160526;173000;312.3000000;312.3000000;311.3500000;311.6500000;18930
TATN;5;20160526;173500;311.3500000;312.1000000;311.3500000;311.8000000;5330
TATN;5;20160526;174000;311.7500000;311.8500000;310.6500000;311.3000000;16320
TATN;5;20160526;174500;311.0000000;311.3000000;310.1500000;311.3000000;57320
TATN;5;20160526;175000;311.0000000;311.2000000;309.6500000;310.1000000;33820
TATN;5;20160526;175500;309.9500000;310.0000000;309.0000000;309.8500000;21970
TATN;5;20160526;180000;309.6000000;309.6000000;308.2000000;308.4500000;54200
TATN;5;20160526;180500;308.2000000;309.0000000;307.7000000;308.7000000;21490
TATN;5;20160526;181000;308.7000000;309.0500000;308.6500000;308.7000000;5570
TATN;5;20160526;181500;308.7000000;309.0000000;308.1000000;308.1000000;7830
TATN;5;20160526;182000;308.1000000;308.5500000;308.0000000;308.5000000;8670
TATN;5;20160526;182500;308.2500000;309.2500000;308.2500000;309.1000000;21000
TATN;5;20160526;183000;308.8000000;309.5000000;308.5000000;309.4500000;21810
TATN;5;20160526;183500;308.8000000;309.7000000;308.6000000;309.7000000;22320
TATN;5;20160526;184000;309.6500000;310.7000000;309.2500000;310.7000000;43170
TATN;5;20160526;185000;309.9000000;309.9000000;309.9000000;309.9000000;21710
TATN;5;20160527;100500;309.9000000;310.1000000;308.4000000;308.6500000;8750
TATN;5;20160527;101000;308.9000000;309.1000000;308.4500000;308.5500000;11760
TATN;5;20160527;101500;308.5000000;308.7000000;308.0000000;308.2000000;18000
TATN;5;20160527;102000;307.9000000;307.9000000;307.0000000;307.4500000;28930
TATN;5;20160527;102500;307.5000000;307.7500000;306.7500000;306.8000000;18180
TATN;5;20160527;103000;307.0000000;307.1500000;306.6500000;307.0000000;14800
TATN;5;20160527;103500;307.6000000;309.0000000;307.6000000;308.7500000;15860
TATN;5;20160527;104000;308.6000000;310.5000000;308.4500000;310.5000000;42700
TATN;5;20160527;104500;310.4500000;310.4500000;309.5000000;309.8000000;17490
TATN;5;20160527;105000;309.5500000;309.5500000;309.2500000;309.2500000;3290
TATN;5;20160527;105500;309.2500000;309.8500000;309.1000000;309.1000000;4390
TATN;5;20160527;110000;308.9000000;309.2000000;308.7000000;309.1500000;6350
TATN;5;20160527;110500;309.1500000;309.7000000;309.1000000;309.3000000;7170
TATN;5;20160527;111000;309.0500000;309.1000000;308.7500000;309.0000000;8510
TATN;5;20160527;111500;308.9000000;309.2500000;308.8000000;309.0000000;10900
TATN;5;20160527;112000;309.0000000;309.2500000;308.9000000;308.9000000;3050
TATN;5;20160527;112500;308.8500000;308.8500000;308.5500000;308.5500000;7250
TATN;5;20160527;113000;308.8000000;308.8000000;307.5500000;307.8000000;12320
TATN;5;20160527;113500;307.6000000;307.8000000;307.3000000;307.6500000;6760
TATN;5;20160527;114000;307.5000000;307.8000000;307.4500000;307.8000000;1970
TATN;5;20160527;114500;307.8000000;307.9500000;307.6000000;307.9500000;1150
TATN;5;20160527;115000;307.8000000;308.2500000;307.7000000;308.2500000;2160
TATN;5;20160527;115500;308.4000000;308.9000000;308.4000000;308.9000000;3620
TATN;5;20160527;120000;308.8000000;308.9500000;308.3500000;308.3500000;5050
TATN;5;20160527;120500;308.3500000;308.4500000;307.7500000;307.8000000;7280
TATN;5;20160527;121000;307.8000000;308.2000000;307.6000000;308.2000000;5780
TATN;5;20160527;121500;308.1000000;308.6000000;307.3000000;307.3000000;9800
TATN;5;20160527;122000;307.3000000;307.6500000;306.9500000;307.2500000;23810
TATN;5;20160527;122500;307.2500000;307.9500000;307.2500000;307.5000000;5390
TATN;5;20160527;123000;307.4500000;308.2000000;307.4500000;308.2000000;1570
TATN;5;20160527;123500;308.1000000;308.6500000;307.8000000;308.6500000;7120
TATN;5;20160527;124000;308.7000000;309.5000000;308.5500000;309.5000000;7390
TATN;5;20160527;124500;309.4000000;309.5000000;309.2000000;309.3000000;1650
TATN;5;20160527;125000;309.2500000;309.2500000;308.8500000;308.8500000;1660
TATN;5;20160527;125500;308.8500000;308.9000000;308.8500000;308.9000000;1060
TATN;5;20160527;130000;308.7000000;309.0000000;308.7000000;309.0000000;800
TATN;5;20160527;130500;309.0500000;309.6000000;309.0500000;309.5500000;9050
TATN;5;20160527;131000;309.5000000;311.5500000;309.5000000;311.4000000;31690
TATN;5;20160527;131500;311.4500000;311.5500000;310.0000000;310.0000000;13550
TATN;5;20160527;132000;310.0500000;310.0500000;309.3500000;309.3500000;1050
TATN;5;20160527;132500;309.4000000;309.5500000;309.4000000;309.5500000;880
TATN;5;20160527;133000;309.3500000;309.5000000;309.1500000;309.1500000;7030
TATN;5;20160527;133500;309.1500000;309.6000000;308.0500000;309.6000000;10580
TATN;5;20160527;134000;309.6000000;309.6000000;308.4000000;308.9000000;16640
TATN;5;20160527;134500;308.6500000;308.6500000;308.2000000;308.6500000;8980
TATN;5;20160527;135000;308.9000000;309.5500000;308.9000000;309.5500000;1900
TATN;5;20160527;135500;309.7000000;309.9000000;309.5000000;309.9000000;2900
TATN;5;20160527;140000;309.8500000;309.8500000;309.2000000;309.8000000;2810
TATN;5;20160527;140500;309.5000000;309.5500000;309.5000000;309.5500000;120
TATN;5;20160527;141000;309.6000000;309.6500000;309.5500000;309.6500000;810
TATN;5;20160527;141500;309.5000000;309.5000000;309.4000000;309.4000000;980
TATN;5;20160527;142000;309.3000000;309.3000000;309.1000000;309.1000000;3610
TATN;5;20160527;142500;309.2500000;309.2500000;309.0500000;309.0500000;1910
TATN;5;20160527;143000;309.3000000;309.3000000;309.2500000;309.2500000;500
TATN;5;20160527;143500;309.2500000;309.2500000;308.2000000;308.2000000;8740
TATN;5;20160527;144000;308.5500000;309.2500000;308.2500000;308.9500000;3070
TATN;5;20160527;144500;308.6000000;308.8000000;308.1000000;308.8000000;8450
TATN;5;20160527;145000;308.5500000;308.8500000;308.5500000;308.8500000;1160
TATN;5;20160527;145500;308.9000000;309.2500000;308.1000000;308.1000000;2160
TATN;5;20160527;150000;308.1500000;308.2500000;307.9500000;308.2500000;880
TATN;5;20160527;150500;308.0000000;308.3000000;307.9500000;308.3000000;1230
TATN;5;20160527;151000;308.4500000;308.4500000;308.4000000;308.4000000;60
TATN;5;20160527;151500;308.5000000;309.0500000;308.5000000;308.7000000;3150
TATN;5;20160527;152000;308.7500000;309.0000000;308.7500000;308.7500000;730
TATN;5;20160527;152500;308.8500000;309.1000000;308.7500000;308.7500000;3220
TATN;5;20160527;153000;309.0000000;309.2000000;309.0000000;309.2000000;180
TATN;5;20160527;153500;309.2000000;310.0000000;309.2000000;310.0000000;12390
TATN;5;20160527;154000;310.0000000;310.8000000;309.4000000;309.7500000;7370
TATN;5;20160527;154500;309.9000000;310.0000000;309.9000000;310.0000000;2670
TATN;5;20160527;155000;310.1000000;310.1000000;309.7000000;309.7000000;980
TATN;5;20160527;155500;310.0500000;310.5000000;309.9500000;309.9500000;5240
TATN;5;20160527;160000;310.0500000;310.0500000;309.0500000;309.3500000;5570
TATN;5;20160527;160500;309.0000000;309.3000000;308.5000000;309.0000000;8710
TATN;5;20160527;161000;308.6000000;309.5000000;308.0500000;309.5000000;9710
TATN;5;20160527;161500;309.6000000;309.9000000;309.6000000;309.7000000;2590
TATN;5;20160527;162000;309.4500000;309.4500000;308.5500000;308.6000000;9790
TATN;5;20160527;162500;308.6000000;309.1500000;308.5000000;308.8000000;13810
TATN;5;20160527;163000;308.9000000;309.6500000;308.5500000;309.4500000;16770
TATN;5;20160527;163500;309.1500000;309.3500000;308.7500000;308.9500000;7680
TATN;5;20160527;164000;308.6500000;309.2500000;308.2500000;308.9500000;21210
TATN;5;20160527;164500;308.8000000;309.5000000;308.7500000;309.5000000;16680
TATN;5;20160527;165000;309.5500000;309.9500000;309.0000000;309.2500000;12010
TATN;5;20160527;165500;308.7500000;309.2000000;308.7500000;308.7500000;9850
TATN;5;20160527;170000;308.6000000;309.3500000;308.6000000;308.9500000;14890
TATN;5;20160527;170500;308.9500000;309.6000000;308.8000000;309.2500000;18510
TATN;5;20160527;171000;309.4000000;309.5000000;308.8500000;309.2000000;9620
TATN;5;20160527;171500;309.2000000;309.5000000;308.8500000;309.1000000;13200
TATN;5;20160527;172000;309.1500000;310.0000000;308.8000000;309.4500000;19410
TATN;5;20160527;172500;309.2000000;309.5500000;309.0000000;309.0000000;10270
TATN;5;20160527;173000;308.9000000;309.7000000;308.8000000;309.6000000;17210
TATN;5;20160527;173500;309.6500000;309.7000000;308.8500000;308.8500000;10410
TATN;5;20160527;174000;308.7500000;308.7500000;308.3500000;308.3500000;3060
TATN;5;20160527;174500;308.3500000;308.3500000;307.9000000;307.9000000;9660
TATN;5;20160527;175000;307.9000000;308.3000000;307.6500000;307.9500000;21350
TATN;5;20160527;175500;307.9500000;308.4500000;307.9500000;308.2000000;13410
TATN;5;20160527;180000;308.4500000;308.7000000;307.9500000;308.7000000;12400
TATN;5;20160527;180500;308.7000000;308.7000000;307.9000000;308.1000000;10640
TATN;5;20160527;181000;308.1000000;308.5000000;307.8500000;308.1500000;9140
TATN;5;20160527;181500;308.0500000;308.1000000;307.7500000;307.8000000;6900
TATN;5;20160527;182000;307.7500000;308.1000000;307.7000000;307.7000000;8730
TATN;5;20160527;182500;307.6500000;307.8500000;307.3500000;307.7500000;13070
TATN;5;20160527;183000;307.6500000;307.8000000;307.4000000;307.6000000;13340
TATN;5;20160527;183500;307.6000000;308.8500000;307.6000000;308.8500000;38080
TATN;5;20160527;184000;308.6500000;309.3500000;307.3500000;307.3500000;53790
TATN;5;20160527;185000;310.0000000;310.0000000;310.0000000;310.0000000;79150
TATN;5;20160530;100500;308.6500000;310.3000000;308.6000000;309.7000000;19330
TATN;5;20160530;101000;309.9000000;310.1500000;309.4000000;309.4500000;27410
TATN;5;20160530;101500;309.7000000;310.2500000;309.4500000;309.8000000;52250
TATN;5;20160530;102000;309.5500000;309.5500000;309.4000000;309.4500000;1180
TATN;5;20160530;102500;309.6500000;310.1500000;309.6500000;310.1500000;11760
TATN;5;20160530;103000;310.1000000;310.1000000;309.8000000;309.9000000;6580
TATN;5;20160530;103500;309.8000000;309.9000000;309.5000000;309.5000000;4030
TATN;5;20160530;104000;309.5000000;309.6500000;308.9000000;309.4500000;12840
TATN;5;20160530;104500;309.4500000;309.4500000;308.7000000;308.7000000;4380
TATN;5;20160530;105000;308.8500000;308.8500000;308.5000000;308.5000000;7100
TATN;5;20160530;105500;308.5000000;309.2000000;308.5000000;309.0500000;11720
TATN;5;20160530;110000;309.0500000;309.1500000;308.9500000;309.0000000;2090
TATN;5;20160530;110500;309.0000000;309.1500000;308.9500000;309.0000000;5980
TATN;5;20160530;111000;309.2000000;309.2000000;309.1000000;309.1000000;980
TATN;5;20160530;111500;309.3500000;309.4000000;309.1500000;309.1500000;1600
TATN;5;20160530;112500;309.3000000;309.8000000;309.3000000;309.7000000;2480
TATN;5;20160530;113000;309.7500000;309.7500000;309.3500000;309.4500000;4040
TATN;5;20160530;113500;309.7000000;309.9500000;309.7000000;309.9000000;8540
TATN;5;20160530;114000;309.9000000;309.9000000;309.1500000;309.1500000;10580
TATN;5;20160530;114500;309.2000000;309.3000000;308.9500000;308.9500000;5560
TATN;5;20160530;115000;308.8000000;308.9500000;308.5500000;308.8000000;3380
TATN;5;20160530;115500;308.8000000;308.9000000;308.6500000;308.7000000;1520
TATN;5;20160530;120000;308.6500000;308.7500000;308.5500000;308.5500000;1910
TATN;5;20160530;120500;308.5500000;308.6000000;308.5000000;308.5000000;5920
TATN;5;20160530;121000;308.5000000;308.6000000;308.2500000;308.3000000;4840
TATN;5;20160530;121500;308.3000000;308.5500000;308.2000000;308.2500000;1640
TATN;5;20160530;122000;308.2500000;308.3000000;308.0000000;308.0500000;3470
TATN;5;20160530;122500;308.0500000;308.1000000;307.5500000;307.9000000;8590
TATN;5;20160530;123000;307.7500000;308.3500000;307.7500000;308.1500000;10790
TATN;5;20160530;123500;308.1500000;308.5000000;308.1500000;308.3000000;1860
TATN;5;20160530;124000;308.3000000;308.9000000;308.2500000;308.9000000;2900
TATN;5;20160530;124500;308.7000000;308.7500000;308.6500000;308.7000000;560
TATN;5;20160530;125000;308.7000000;308.8500000;308.7000000;308.8500000;570
TATN;5;20160530;125500;308.8500000;309.0000000;308.7500000;308.7500000;860
TATN;5;20160530;130000;308.9000000;308.9000000;308.8500000;308.8500000;180
TATN;5;20160530;130500;309.0500000;309.4000000;309.0500000;309.3500000;1900
TATN;5;20160530;131000;309.2500000;309.8000000;309.2500000;309.8000000;7020
TATN;5;20160530;131500;309.6500000;309.9000000;309.6000000;309.9000000;3870
TATN;5;20160530;132000;309.7500000;310.0000000;309.7000000;310.0000000;5570
TATN;5;20160530;132500;310.0000000;310.0500000;309.8000000;309.8000000;10920
TATN;5;20160530;133000;309.9500000;309.9500000;309.7000000;309.7000000;1430
TATN;5;20160530;133500;309.5500000;309.9500000;309.4000000;309.9000000;2820
TATN;5;20160530;134000;309.6000000;309.9500000;309.5500000;309.7500000;1020
TATN;5;20160530;134500;309.7500000;309.7500000;309.6000000;309.6500000;910
TATN;5;20160530;135000;309.7000000;309.9000000;309.7000000;309.9000000;540
TATN;5;20160530;135500;309.9500000;309.9500000;309.8000000;309.8500000;2030
TATN;5;20160530;140000;309.8000000;309.9500000;309.3500000;309.6500000;4910
TATN;5;20160530;140500;309.7500000;309.7500000;309.7500000;309.7500000;10
TATN;5;20160530;141000;309.7000000;309.7000000;309.2500000;309.2500000;3550
TATN;5;20160530;142000;309.2500000;309.2500000;309.2000000;309.2000000;450
TATN;5;20160530;142500;309.3500000;309.5500000;309.0000000;309.4000000;1640
TATN;5;20160530;143000;309.4000000;309.4000000;309.1000000;309.1000000;630
TATN;5;20160530;143500;309.3500000;309.7000000;309.2000000;309.5000000;2480
TATN;5;20160530;144000;309.5000000;309.6500000;309.1000000;309.4000000;2210
TATN;5;20160530;144500;309.5000000;309.6500000;309.2500000;309.5000000;1440
TATN;5;20160530;145000;309.5500000;309.6500000;309.3000000;309.3000000;310
TATN;5;20160530;145500;309.5000000;309.7000000;309.4000000;309.6500000;1030
TATN;5;20160530;150000;309.6500000;309.7000000;309.5000000;309.7000000;260
TATN;5;20160530;150500;309.7000000;309.7500000;309.5500000;309.5500000;310
TATN;5;20160530;151000;309.7000000;309.9000000;309.5000000;309.9000000;1490
TATN;5;20160530;151500;309.9000000;309.9000000;309.5500000;309.9000000;790
TATN;5;20160530;152000;309.9000000;309.9000000;309.6000000;309.8500000;950
TATN;5;20160530;152500;309.8500000;309.9500000;309.7000000;309.9500000;2070
TATN;5;20160530;153000;309.9500000;310.0000000;309.4500000;309.9500000;5340
TATN;5;20160530;153500;310.0000000;310.0000000;309.5500000;309.9000000;1000
TATN;5;20160530;154000;309.9000000;310.0500000;309.8500000;310.0500000;4650
TATN;5;20160530;154500;310.0500000;310.2000000;309.7000000;309.7000000;2320
TATN;5;20160530;155000;310.0500000;310.2000000;309.8500000;310.2000000;3650
TATN;5;20160530;155500;310.2000000;310.7000000;310.2000000;310.7000000;9220
TATN;5;20160530;160000;310.7000000;310.7500000;310.4000000;310.5000000;1230
TATN;5;20160530;160500;310.5000000;311.0500000;310.5000000;310.7500000;4930
TATN;5;20160530;161000;310.9000000;311.1500000;310.1500000;310.9000000;9820
TATN;5;20160530;161500;310.9000000;310.9000000;310.5000000;310.7000000;1970
TATN;5;20160530;162000;310.7000000;310.7000000;310.4000000;310.4000000;510
TATN;5;20160530;162500;310.4000000;310.5000000;310.0000000;310.3000000;3100
TATN;5;20160530;163000;310.0500000;310.3000000;310.0500000;310.3000000;230
TATN;5;20160530;163500;310.3000000;310.4500000;310.1000000;310.4500000;1160
TATN;5;20160530;164000;310.4500000;310.8500000;310.4500000;310.8500000;950
TATN;5;20160530;164500;310.8000000;310.8500000;310.6500000;310.7500000;700
TATN;5;20160530;165000;310.7500000;310.7500000;310.3000000;310.5000000;4320
TATN;5;20160530;165500;310.5000000;310.5000000;310.3500000;310.5000000;190
TATN;5;20160530;170000;310.5000000;310.7500000;310.4000000;310.7500000;1110
TATN;5;20160530;170500;310.7500000;310.7500000;309.5000000;309.5500000;7400
TATN;5;20160530;171000;309.6000000;310.0000000;309.1000000;309.9500000;5200
TATN;5;20160530;171500;309.8000000;311.2500000;309.8000000;311.2500000;7940
TATN;5;20160530;172000;310.9500000;311.2000000;310.8500000;311.0000000;3460
TATN;5;20160530;172500;311.1500000;312.5500000;311.0500000;312.2000000;26260
TATN;5;20160530;173000;312.4000000;312.5500000;311.9000000;312.3000000;8820
TATN;5;20160530;173500;312.3500000;313.0000000;312.3500000;313.0000000;9870
TATN;5;20160530;174000;312.9500000;313.0000000;312.8500000;312.8500000;3150
TATN;5;20160530;174500;312.9500000;313.1500000;312.8000000;312.8500000;9400
TATN;5;20160530;175000;312.8500000;313.0000000;312.6500000;312.8000000;7550
TATN;5;20160530;175500;312.8000000;312.8000000;312.3500000;312.5000000;2270
TATN;5;20160530;180000;312.5000000;312.9500000;312.5000000;312.6000000;840
TATN;5;20160530;180500;312.7500000;313.0000000;312.5000000;312.9500000;1460
TATN;5;20160530;181000;312.9000000;313.5000000;312.9000000;313.3500000;10940
TATN;5;20160530;181500;313.5000000;313.6000000;313.0500000;313.2500000;6140
TATN;5;20160530;182000;313.4500000;313.9500000;313.4500000;313.7500000;33110
TATN;5;20160530;182500;313.8500000;313.9500000;313.7500000;313.9500000;13470
TATN;5;20160530;183000;313.8500000;314.5500000;313.7500000;313.9500000;70020
TATN;5;20160530;183500;314.3000000;314.4000000;313.4500000;314.0000000;48920
TATN;5;20160530;184000;313.9000000;314.5500000;313.5500000;314.0000000;38730
TATN;5;20160530;185000;313.5500000;313.5500000;313.5500000;313.5500000;12440
TATN;5;20160531;100500;314.1000000;314.5000000;312.0500000;312.6000000;18890
TATN;5;20160531;101000;312.9500000;313.0000000;311.1000000;311.5500000;28720
TATN;5;20160531;101500;311.7000000;312.3000000;311.6500000;312.2000000;18960
TATN;5;20160531;102000;311.9500000;312.9500000;311.9000000;312.9000000;11100
TATN;5;20160531;102500;312.9500000;313.0500000;312.0000000;312.6000000;11550
TATN;5;20160531;103000;312.6500000;313.0000000;312.0000000;312.2000000;12210
TATN;5;20160531;103500;312.2000000;313.4000000;312.2000000;313.3000000;7910
TATN;5;20160531;104000;313.1500000;313.3500000;312.8500000;313.3000000;8320
TATN;5;20160531;104500;313.3000000;313.8500000;313.0500000;313.6000000;7380
TATN;5;20160531;105000;313.6000000;314.0000000;313.2000000;313.5000000;12920
TATN;5;20160531;105500;313.5500000;313.5500000;312.7000000;313.0000000;9400
TATN;5;20160531;110000;313.0500000;313.3000000;312.5500000;312.5500000;20010
TATN;5;20160531;110500;312.6000000;312.8000000;311.4000000;311.8000000;80180
TATN;5;20160531;111000;311.7500000;312.2000000;311.6000000;312.1000000;11170
TATN;5;20160531;111500;312.0000000;312.1000000;312.0000000;312.1000000;15480
TATN;5;20160531;112000;312.1000000;312.7500000;311.6500000;312.7500000;22380
TATN;5;20160531;112500;312.6000000;312.9500000;312.4000000;312.4500000;7380
TATN;5;20160531;113000;312.6000000;312.8500000;312.1000000;312.1500000;12900
TATN;5;20160531;113500;312.0500000;312.0500000;311.6500000;311.9000000;14920
TATN;5;20160531;114000;311.9500000;312.3500000;311.9500000;312.0000000;5410
TATN;5;20160531;114500;312.0000000;312.0000000;311.7500000;311.8000000;8450
TATN;5;20160531;115000;311.9500000;312.1500000;311.6500000;312.1500000;8990
TATN;5;20160531;115500;312.0500000;312.7500000;312.0500000;312.5000000;2780
TATN;5;20160531;120000;312.6000000;312.6500000;311.9500000;311.9500000;5560
TATN;5;20160531;120500;311.9500000;312.0000000;311.7500000;311.8000000;27090
TATN;5;20160531;121000;311.8000000;312.6000000;311.8000000;312.1500000;15190
TATN;5;20160531;121500;312.0500000;312.2500000;311.6500000;311.7500000;11400
TATN;5;20160531;122000;311.7500000;311.7500000;310.8000000;311.0500000;16970
TATN;5;20160531;122500;311.0500000;311.1000000;310.7000000;310.9500000;22980
TATN;5;20160531;123000;310.9500000;311.1000000;310.8000000;311.0000000;10380
TATN;5;20160531;123500;311.1000000;311.5000000;310.8500000;311.2000000;14990
TATN;5;20160531;124000;311.3500000;311.8000000;311.3500000;311.4000000;7600
TATN;5;20160531;124500;311.4500000;312.1000000;311.3500000;311.8000000;4880
TATN;5;20160531;125000;311.9000000;311.9000000;311.6000000;311.6000000;4240
TATN;5;20160531;125500;311.6000000;311.7000000;311.2500000;311.4000000;2530
TATN;5;20160531;130000;311.3000000;311.6500000;311.3000000;311.4500000;1770
TATN;5;20160531;130500;311.6000000;312.1000000;311.5000000;311.7500000;8260
TATN;5;20160531;131000;311.7500000;312.1000000;310.6500000;310.7500000;21970
TATN;5;20160531;131500;310.7500000;310.8500000;310.5500000;310.5500000;6980
TATN;5;20160531;132000;310.6500000;310.8000000;310.6000000;310.6500000;5470
TATN;5;20160531;132500;310.7000000;311.6000000;310.7000000;311.2500000;21540
TATN;5;20160531;133000;311.2500000;311.4500000;310.5000000;310.5000000;11940
TATN;5;20160531;133500;310.6000000;310.8000000;310.6000000;310.6500000;1520
TATN;5;20160531;134000;310.7000000;310.7000000;310.6000000;310.6000000;1080
TATN;5;20160531;134500;310.6000000;310.6000000;310.5000000;310.5000000;2720
TATN;5;20160531;135000;310.5000000;310.5000000;310.2000000;310.2500000;9980
TATN;5;20160531;135500;310.3000000;310.5000000;310.3000000;310.5000000;1370
TATN;5;20160531;140000;310.5000000;310.5500000;310.0000000;310.1000000;10370
TATN;5;20160531;140500;310.1000000;310.2000000;310.0500000;310.0500000;2120
TATN;5;20160531;141000;310.0500000;310.1000000;309.6500000;309.6500000;7960
TATN;5;20160531;141500;309.6500000;310.6000000;309.3500000;310.4000000;10270
TATN;5;20160531;142000;310.4500000;310.4500000;310.1500000;310.2000000;2810
TATN;5;20160531;142500;310.2000000;310.7000000;310.2000000;310.3000000;2020
TATN;5;20160531;143000;310.6000000;310.6500000;310.2000000;310.6000000;3920
TATN;5;20160531;143500;310.7500000;311.3500000;310.7500000;311.2500000;6100
TATN;5;20160531;144000;311.0000000;311.6500000;311.0000000;311.1500000;4620
TATN;5;20160531;144500;311.1500000;311.3500000;310.2000000;310.2500000;6910
TATN;5;20160531;145000;310.3000000;310.8000000;310.3000000;310.3000000;2950
TATN;5;20160531;145500;310.3000000;310.5000000;310.3000000;310.3500000;1530
TATN;5;20160531;150000;310.3000000;310.3500000;310.0500000;310.2000000;2960
TATN;5;20160531;150500;310.2000000;310.4500000;310.0500000;310.3000000;4090
TATN;5;20160531;151000;310.3000000;310.4000000;310.0500000;310.0500000;2010
TATN;5;20160531;151500;310.2500000;310.4000000;310.0500000;310.2500000;2720
TATN;5;20160531;152000;310.2000000;310.3000000;309.2500000;309.2500000;23440
TATN;5;20160531;152500;309.3000000;309.6500000;309.2500000;309.5000000;8220
TATN;5;20160531;153000;309.5000000;309.9500000;309.5000000;309.9000000;4660
TATN;5;20160531;153500;309.9500000;310.1000000;309.6000000;309.9000000;9800
TATN;5;20160531;154000;309.9500000;310.5000000;309.9500000;310.5000000;4650
TATN;5;20160531;154500;310.4500000;310.4500000;309.8500000;309.9500000;8470
TATN;5;20160531;155000;310.0000000;310.6000000;309.9000000;310.2500000;10900
TATN;5;20160531;155500;310.2500000;310.4500000;309.8500000;310.2500000;9060
TATN;5;20160531;160000;310.2000000;310.4000000;310.0500000;310.0500000;5090
TATN;5;20160531;160500;310.0500000;310.0500000;309.8000000;309.8000000;3190
TATN;5;20160531;161000;309.7500000;309.8000000;309.5000000;309.8000000;5580
TATN;5;20160531;161500;309.8500000;309.9000000;309.7000000;309.7000000;2660
TATN;5;20160531;162000;309.7000000;309.8000000;309.5000000;309.5500000;3680
TATN;5;20160531;162500;309.7000000;309.8000000;309.3500000;309.3500000;5000
TATN;5;20160531;163000;309.3500000;309.5500000;309.2500000;309.5500000;2450
TATN;5;20160531;163500;309.5500000;309.5500000;309.0000000;309.1500000;16660
TATN;5;20160531;164000;309.1500000;309.6500000;309.0500000;309.4500000;17860
TATN;5;20160531;164500;309.4500000;309.4500000;309.0500000;309.4000000;22100
TATN;5;20160531;165000;309.4000000;309.4000000;309.0000000;309.1000000;21130
TATN;5;20160531;165500;309.5000000;310.3500000;309.4500000;309.9500000;10150
TATN;5;20160531;170000;310.1000000;310.3500000;309.8500000;310.3000000;11180
TATN;5;20160531;170500;310.3500000;310.8000000;310.3000000;310.6000000;17440
TATN;5;20160531;171000;310.6000000;310.8500000;310.0000000;310.3000000;16820
TATN;5;20160531;171500;310.1000000;310.6000000;309.6500000;309.6500000;10560
TATN;5;20160531;172000;309.9500000;310.2500000;309.0000000;309.3000000;25610
TATN;5;20160531;172500;309.3500000;309.6500000;308.5000000;308.5000000;41640
TATN;5;20160531;173000;308.7000000;308.7000000;307.5500000;307.9000000;77960
TATN;5;20160531;173500;308.0500000;308.7000000;307.5500000;308.6500000;17290
TATN;5;20160531;174000;308.6500000;308.6500000;306.0000000;306.3000000;66740
TATN;5;20160531;174500;306.1500000;306.3500000;305.3000000;306.2500000;53770
TATN;5;20160531;175000;306.2500000;306.2500000;305.8000000;306.1000000;13790
TATN;5;20160531;175500;306.1000000;306.5000000;305.8000000;306.3000000;31000
TATN;5;20160531;180000;306.3500000;306.3500000;305.9000000;306.0000000;47420
TATN;5;20160531;180500;305.9500000;306.0000000;302.5000000;303.4000000;243930
TATN;5;20160531;181000;303.3000000;303.8500000;302.8000000;303.5000000;80880
TATN;5;20160531;181500;303.5000000;303.8500000;303.0000000;303.2500000;67570
TATN;5;20160531;182000;303.1000000;303.2500000;303.0000000;303.2000000;73540
TATN;5;20160531;182500;303.2000000;303.2000000;301.6000000;301.8500000;143560
TATN;5;20160531;183000;301.8500000;303.9000000;301.7500000;303.7500000;78250
TATN;5;20160531;183500;303.8000000;305.2000000;303.5500000;304.9000000;112990
TATN;5;20160531;184000;304.9000000;306.0000000;300.0000000;305.9500000;857230
TATN;5;20160531;185000;301.8000000;301.8000000;301.8000000;301.8000000;471590
TATN;5;20160601;100500;302.1500000;303.6000000;301.5000000;303.3000000;39270
TATN;5;20160601;101000;303.0000000;303.4000000;302.6500000;303.0000000;24500
TATN;5;20160601;101500;303.2000000;303.3500000;302.5000000;303.1000000;26180
TATN;5;20160601;102000;303.3000000;304.7000000;303.1500000;304.7000000;103580
TATN;5;20160601;102500;304.7000000;304.8000000;304.3500000;304.7000000;12020
TATN;5;20160601;103000;304.7000000;305.1000000;304.4500000;304.5500000;36020
TATN;5;20160601;103500;304.8500000;304.9500000;304.5500000;304.8500000;16350
TATN;5;20160601;104000;304.7000000;304.8500000;304.0000000;304.5000000;14930
TATN;5;20160601;104500;304.5000000;304.7500000;304.2500000;304.7500000;7970
TATN;5;20160601;105000;304.8000000;304.9000000;304.7000000;304.9000000;8040
TATN;5;20160601;105500;304.7500000;304.9500000;304.7000000;304.9500000;13070
TATN;5;20160601;110000;304.8000000;304.9500000;304.6500000;304.8000000;11770
TATN;5;20160601;110500;304.6500000;304.8500000;304.4000000;304.8000000;10850
TATN;5;20160601;111000;304.8000000;304.8000000;304.4000000;304.6500000;12860
TATN;5;20160601;111500;304.5000000;304.7000000;304.1000000;304.6500000;18880
TATN;5;20160601;112000;304.4500000;304.7500000;304.3500000;304.6500000;10280
TATN;5;20160601;112500;304.6500000;304.6500000;304.4500000;304.6500000;7530
TATN;5;20160601;113000;304.5000000;304.7500000;304.5000000;304.7500000;12660
TATN;5;20160601;113500;304.7000000;304.7500000;304.3000000;304.5000000;9100
TATN;5;20160601;114000;304.6500000;304.7000000;303.7000000;304.3000000;28080
TATN;5;20160601;114500;304.3500000;304.3500000;303.9000000;304.0500000;9130
TATN;5;20160601;115000;304.2000000;304.3000000;303.8500000;303.9000000;8350
TATN;5;20160601;115500;304.0500000;304.6500000;303.7000000;304.6500000;15090
TATN;5;20160601;120000;304.6500000;304.8500000;304.2000000;304.4000000;17570
TATN;5;20160601;120500;304.4000000;305.0000000;304.4000000;305.0000000;14990
TATN;5;20160601;121000;305.0000000;305.2000000;304.7500000;305.1000000;16570
TATN;5;20160601;121500;305.1500000;305.1500000;304.7000000;304.9500000;11880
TATN;5;20160601;122000;304.9500000;305.0000000;304.7000000;305.0000000;15270
TATN;5;20160601;122500;305.0000000;305.0000000;304.8000000;304.9500000;11060
TATN;5;20160601;123000;304.9500000;305.0000000;304.7500000;304.9500000;14400
TATN;5;20160601;123500;304.8500000;305.0000000;304.4000000;304.9500000;9850
TATN;5;20160601;124000;304.9500000;305.0000000;304.9000000;305.0000000;8720
TATN;5;20160601;124500;305.0000000;305.0000000;304.9000000;305.0000000;8590
TATN;5;20160601;125000;305.0000000;305.0000000;304.9500000;305.0000000;8850
TATN;5;20160601;125500;305.0000000;305.0000000;304.9000000;305.0000000;12600
TATN;5;20160601;130000;305.0000000;305.0000000;304.7500000;305.0000000;8750
TATN;5;20160601;130500;305.0000000;305.0000000;304.7500000;304.9500000;6510
TATN;5;20160601;131000;304.9500000;305.0000000;304.5000000;304.9000000;10490
TATN;5;20160601;131500;304.8500000;305.0000000;304.7000000;305.0000000;5920
TATN;5;20160601;132000;304.8500000;305.0000000;304.8500000;305.0000000;5720
TATN;5;20160601;132500;305.0000000;305.0000000;304.9000000;304.9500000;21190
TATN;5;20160601;133000;304.9500000;305.0000000;304.6000000;304.8000000;7330
TATN;5;20160601;133500;304.8000000;305.0000000;304.7000000;305.0000000;6520
TATN;5;20160601;134000;305.0000000;305.0000000;304.6500000;304.9500000;12240
TATN;5;20160601;134500;304.9000000;305.0000000;304.6500000;304.9000000;26410
TATN;5;20160601;135000;304.9000000;305.0000000;304.8000000;305.0000000;5640
TATN;5;20160601;135500;305.0000000;305.0000000;304.9500000;305.0000000;15440
TATN;5;20160601;140000;305.0000000;305.0000000;304.9500000;304.9500000;10140
TATN;5;20160601;140500;305.0000000;305.0000000;304.9500000;305.0000000;9030
TATN;5;20160601;141000;305.0000000;305.0000000;304.7000000;305.0000000;7390
TATN;5;20160601;141500;305.0000000;305.0000000;305.0000000;305.0000000;6450
TATN;5;20160601;142000;305.0000000;305.0000000;304.8000000;304.9500000;10240
TATN;5;20160601;142500;304.9500000;305.0000000;304.9000000;305.0000000;2280
TATN;5;20160601;143000;304.9000000;304.9000000;304.6000000;304.8000000;2550
TATN;5;20160601;143500;304.8000000;305.0000000;304.8000000;305.0000000;860
TATN;5;20160601;144000;304.9500000;305.0000000;304.8500000;305.0000000;1660
TATN;5;20160601;144500;305.0000000;305.0000000;305.0000000;305.0000000;1130
TATN;5;20160601;145000;305.0000000;305.0000000;304.9000000;305.0000000;17150
TATN;5;20160601;145500;305.0000000;305.9500000;304.9500000;305.9500000;30250
TATN;5;20160601;150000;305.9500000;306.7000000;305.9000000;306.6000000;15950
TATN;5;20160601;150500;306.6500000;307.1500000;306.4000000;307.1000000;20290
TATN;5;20160601;151000;307.1500000;307.3000000;307.0000000;307.2500000;6170
TATN;5;20160601;151500;307.3000000;307.3500000;307.0500000;307.2500000;11640
TATN;5;20160601;152000;307.1000000;307.3000000;306.5000000;306.9000000;8860
TATN;5;20160601;152500;306.9000000;307.0000000;306.2000000;306.8000000;12420
TATN;5;20160601;153000;306.8000000;306.9500000;306.2000000;306.9500000;10000
TATN;5;20160601;153500;307.0000000;307.3500000;306.6500000;307.3500000;12450
TATN;5;20160601;154000;307.3500000;307.6000000;307.2000000;307.5000000;8650
TATN;5;20160601;154500;307.5000000;307.6000000;307.1500000;307.5500000;13300
TATN;5;20160601;155000;307.5500000;307.7000000;307.3000000;307.7000000;9330
TATN;5;20160601;155500;307.7000000;307.9500000;307.5000000;307.5500000;15050
TATN;5;20160601;160000;307.8000000;308.1500000;307.5500000;308.1500000;10860
TATN;5;20160601;160500;308.1500000;308.4500000;308.0000000;308.3000000;18460
TATN;5;20160601;161000;308.4000000;308.6500000;308.3500000;308.6500000;9460
TATN;5;20160601;161500;308.6000000;308.9500000;308.4000000;308.7000000;23540
TATN;5;20160601;162000;308.7000000;308.8500000;308.3000000;308.7500000;15340
TATN;5;20160601;162500;308.7000000;308.7500000;308.3000000;308.5500000;15440
TATN;5;20160601;163000;308.5500000;309.0000000;308.3500000;309.0000000;33670
TATN;5;20160601;163500;309.0000000;309.3500000;308.7000000;309.2500000;34340
TATN;5;20160601;164000;309.0000000;309.5000000;308.9500000;309.2500000;23310
TATN;5;20160601;164500;309.2500000;309.4000000;308.5000000;308.9000000;23630
TATN;5;20160601;165000;308.9000000;308.9500000;306.6500000;307.0000000;51460
TATN;5;20160601;165500;307.0000000;307.0000000;306.0500000;306.3000000;30480
TATN;5;20160601;170000;306.3000000;306.4500000;305.5500000;305.9500000;27890
TATN;5;20160601;170500;305.9500000;307.1000000;305.5500000;307.0000000;30190
TATN;5;20160601;171000;307.0000000;307.8000000;306.4500000;307.6000000;13350
TATN;5;20160601;171500;307.3000000;307.6000000;306.8000000;307.1500000;11050
TATN;5;20160601;172000;307.1500000;307.4500000;306.5000000;307.2500000;14150
TATN;5;20160601;172500;307.2500000;308.5000000;306.5000000;308.5000000;16520
TATN;5;20160601;173000;308.4500000;308.5000000;307.4500000;308.4000000;14720
TATN;5;20160601;173500;308.4000000;308.4000000;308.0000000;308.4000000;11720
TATN;5;20160601;174000;308.4000000;309.0000000;308.3000000;308.9500000;11350
TATN;5;20160601;174500;308.9500000;309.2500000;308.7500000;309.2500000;12260
TATN;5;20160601;175000;309.2500000;309.4000000;308.7500000;309.1000000;12840
TATN;5;20160601;175500;309.1000000;309.2000000;308.9000000;309.1000000;6600
TATN;5;20160601;180000;309.1000000;309.2500000;308.7000000;309.2000000;11130
TATN;5;20160601;180500;309.2000000;309.6000000;309.1000000;309.6000000;15180
TATN;5;20160601;181000;309.6000000;309.7000000;308.8000000;309.4000000;10840
TATN;5;20160601;181500;309.5000000;309.9500000;309.0000000;309.9000000;22220
TATN;5;20160601;182000;309.6500000;309.9500000;309.5000000;309.8500000;25630
TATN;5;20160601;182500;309.9500000;310.0000000;309.8500000;310.0000000;15860
TATN;5;20160601;183000;310.0000000;310.2000000;309.7000000;310.1500000;21950
TATN;5;20160601;183500;310.0000000;310.4500000;309.6500000;310.3500000;23820
TATN;5;20160601;184000;310.3500000;310.4500000;309.4500000;309.9500000;18060
TATN;5;20160601;185000;309.5500000;309.5500000;309.5500000;309.5500000;16560
TATN;5;20160602;100500;310.2000000;310.4500000;309.3500000;309.6000000;5630
TATN;5;20160602;101000;309.4000000;309.4000000;308.3000000;308.6500000;9260
TATN;5;20160602;101500;308.3500000;308.6500000;308.1000000;308.1000000;10960
TATN;5;20160602;102000;308.1000000;309.6500000;308.1000000;309.6500000;6570
TATN;5;20160602;102500;309.5500000;310.2500000;309.2000000;310.2500000;8660
TATN;5;20160602;103000;310.1000000;310.3500000;309.9000000;310.0500000;4370
TATN;5;20160602;103500;310.1000000;310.4500000;310.0500000;310.3500000;7170
TATN;5;20160602;104000;310.2500000;310.3000000;309.6000000;309.7500000;13030
TATN;5;20160602;104500;309.7500000;310.0000000;309.4000000;309.8500000;7210
TATN;5;20160602;105000;309.8500000;309.9000000;309.2500000;309.5500000;11470
TATN;5;20160602;105500;309.5500000;309.8000000;309.1000000;309.5500000;8550
TATN;5;20160602;110000;309.6000000;309.6500000;309.0000000;309.3000000;9020
TATN;5;20160602;110500;309.1500000;309.9500000;309.1000000;309.3500000;11180
TATN;5;20160602;111000;309.7500000;309.8000000;309.3000000;309.7000000;1240
TATN;5;20160602;111500;309.3500000;309.8000000;309.3000000;309.8000000;3860
TATN;5;20160602;112000;309.5000000;309.9000000;308.8000000;308.8000000;18120
TATN;5;20160602;112500;308.8000000;309.0000000;308.4500000;308.5500000;7620
TATN;5;20160602;113000;308.5500000;308.5500000;306.8000000;307.1000000;15900
TATN;5;20160602;113500;307.1000000;307.7500000;306.9500000;307.4000000;4480
TATN;5;20160602;114000;307.4000000;307.6000000;306.5000000;307.1500000;6210
TATN;5;20160602;114500;307.4000000;307.4000000;307.0500000;307.3500000;1920
TATN;5;20160602;115000;307.3000000;307.3000000;307.0500000;307.1000000;1760
TATN;5;20160602;115500;307.0500000;307.2500000;306.3500000;306.8000000;8150
TATN;5;20160602;120000;306.5500000;307.0000000;306.4000000;306.6500000;2660
TATN;5;20160602;120500;306.7000000;306.7000000;306.1000000;306.2000000;9720
TATN;5;20160602;121000;306.2000000;306.5500000;306.2000000;306.5000000;1930
TATN;5;20160602;121500;306.3000000;307.4500000;306.3000000;307.0000000;13990
TATN;5;20160602;122000;307.0500000;307.4500000;307.0000000;307.1000000;7290
TATN;5;20160602;122500;307.1000000;307.3000000;307.0000000;307.0000000;6400
TATN;5;20160602;123000;307.0000000;307.2000000;306.4000000;306.7000000;11810
TATN;5;20160602;123500;306.4500000;306.7000000;306.4000000;306.4500000;1340
TATN;5;20160602;124000;306.4500000;306.7000000;306.4500000;306.5000000;630
TATN;5;20160602;124500;306.5000000;306.7500000;306.5000000;306.5000000;700
TATN;5;20160602;125000;306.5000000;306.9000000;306.5000000;306.7000000;3350
TATN;5;20160602;125500;306.7000000;307.0500000;306.7000000;306.8000000;2390
TATN;5;20160602;130000;307.0500000;307.0500000;306.3000000;306.3000000;13550
TATN;5;20160602;130500;306.3000000;306.4500000;305.6000000;305.6500000;17900
TATN;5;20160602;131000;305.6500000;305.9000000;305.5000000;305.6000000;11290
TATN;5;20160602;131500;305.6000000;305.8500000;305.4500000;305.7500000;6590
TATN;5;20160602;132000;305.5000000;305.9500000;305.5000000;305.5500000;1980
TATN;5;20160602;132500;305.5500000;306.0000000;305.5500000;305.6000000;4970
TATN;5;20160602;133000;305.8500000;306.1500000;305.5500000;306.1500000;3730
TATN;5;20160602;133500;305.8000000;305.9000000;305.6000000;305.6500000;3970
TATN;5;20160602;134000;305.6500000;305.9000000;305.5000000;305.5500000;5230
TATN;5;20160602;134500;305.6000000;305.9500000;305.5000000;305.6500000;4950
TATN;5;20160602;135000;305.6000000;306.2000000;305.5000000;305.8500000;4310
TATN;5;20160602;135500;305.7000000;305.8500000;305.6000000;305.6000000;1580
TATN;5;20160602;140000;305.6000000;306.5000000;305.5500000;306.1500000;6710
TATN;5;20160602;140500;306.1500000;306.3000000;305.7000000;306.0500000;560
TATN;5;20160602;141000;305.8000000;306.1500000;305.6000000;305.7000000;3570
TATN;5;20160602;141500;305.7500000;306.0000000;305.5500000;305.7000000;3210
TATN;5;20160602;142000;305.7000000;305.9500000;305.6500000;305.7000000;880
TATN;5;20160602;142500;305.8000000;306.1000000;305.7000000;305.9000000;3660
TATN;5;20160602;143000;305.9000000;306.4500000;305.7000000;306.2000000;4270
TATN;5;20160602;143500;306.5000000;306.8000000;306.3000000;306.5000000;1970
TATN;5;20160602;144000;306.5500000;306.9500000;306.5000000;306.7000000;2960
TATN;5;20160602;144500;306.5500000;306.7000000;306.5000000;306.5000000;1650
TATN;5;20160602;145000;306.5000000;306.8000000;306.2500000;306.7000000;3000
TATN;5;20160602;145500;306.5000000;306.7500000;306.3500000;306.7000000;1650
TATN;5;20160602;150000;306.4500000;306.7500000;306.3500000;306.3500000;410
TATN;5;20160602;150500;306.3500000;306.5500000;306.3000000;306.3500000;270
TATN;5;20160602;151000;306.3500000;306.8000000;306.3500000;306.7000000;7580
TATN;5;20160602;151500;306.7000000;307.0000000;306.7000000;307.0000000;2280
TATN;5;20160602;152000;306.8500000;307.4500000;306.8500000;307.4500000;6640
TATN;5;20160602;152500;307.2500000;307.6000000;307.0500000;307.4500000;4160
TATN;5;20160602;153000;307.3000000;307.6500000;307.1000000;307.2500000;2110
TATN;5;20160602;153500;307.0500000;307.3500000;306.9500000;307.0000000;3620
TATN;5;20160602;154000;307.0000000;307.2500000;306.7000000;306.9500000;3960
TATN;5;20160602;154500;306.7500000;306.8500000;305.4500000;305.6500000;43560
TATN;5;20160602;155000;305.6500000;305.9000000;304.5000000;305.6500000;19160
TATN;5;20160602;155500;305.3500000;305.3500000;304.0000000;304.0000000;23690
TATN;5;20160602;160000;304.0500000;304.4000000;303.7000000;304.1500000;11100
TATN;5;20160602;160500;304.1500000;306.0000000;303.3000000;305.5500000;54340
TATN;5;20160602;161000;305.6000000;308.0000000;305.5000000;306.7000000;85490
TATN;5;20160602;161500;306.6500000;306.8500000;306.1500000;306.7000000;10460
TATN;5;20160602;162000;306.3000000;306.9500000;306.1500000;306.6000000;10210
TATN;5;20160602;162500;306.6000000;306.8000000;306.2000000;306.2000000;9360
TATN;5;20160602;163000;306.2500000;306.3500000;305.6500000;306.0000000;13060
TATN;5;20160602;163500;306.0500000;306.4500000;305.5500000;305.6500000;8040
TATN;5;20160602;164000;305.6500000;306.0000000;305.4500000;305.5000000;6210
TATN;5;20160602;164500;305.5000000;305.9000000;305.3000000;305.8000000;3620
TATN;5;20160602;165000;305.5500000;305.9000000;305.3000000;305.3000000;4410
TATN;5;20160602;165500;305.3000000;305.7000000;305.3000000;305.4500000;700
TATN;5;20160602;170000;305.4500000;305.7500000;305.4000000;305.6000000;520
TATN;5;20160602;170500;305.5000000;306.0000000;305.4500000;305.6500000;7580
TATN;5;20160602;171000;305.6500000;306.0000000;305.5500000;305.7500000;13560
TATN;5;20160602;171500;305.9500000;306.0000000;305.7500000;305.8500000;12910
TATN;5;20160602;172000;305.8500000;306.0000000;305.8000000;305.9500000;8880
TATN;5;20160602;172500;305.8500000;306.0000000;305.8000000;306.0000000;7380
TATN;5;20160602;173000;305.9000000;306.0000000;305.1000000;305.4500000;8150
TATN;5;20160602;173500;305.4500000;305.6500000;305.0000000;305.0000000;4860
TATN;5;20160602;174000;305.0000000;306.4000000;305.0000000;306.2000000;6220
TATN;5;20160602;174500;306.2500000;307.5500000;305.9500000;307.2000000;18390
TATN;5;20160602;175000;306.8500000;307.1500000;306.1000000;306.5000000;8950
TATN;5;20160602;175500;306.5500000;307.0000000;305.5000000;305.7000000;20120
TATN;5;20160602;180000;305.7000000;306.9500000;305.5500000;306.9000000;9310
TATN;5;20160602;180500;306.9000000;308.7000000;306.9000000;307.0500000;40740
TATN;5;20160602;181000;307.0000000;307.4500000;306.2000000;306.5500000;8150
TATN;5;20160602;181500;306.2500000;308.0500000;306.2500000;308.0000000;10260
TATN;5;20160602;182000;308.0000000;308.0000000;307.4000000;307.9000000;7070
TATN;5;20160602;182500;307.7000000;308.5000000;307.4500000;308.5000000;22970
TATN;5;20160602;183000;308.4500000;309.8500000;307.7000000;309.7500000;32130
TATN;5;20160602;183500;309.6000000;309.9000000;308.5000000;309.0000000;21480
TATN;5;20160602;184000;309.0000000;313.9500000;308.8000000;312.9000000;425960
TATN;5;20160602;185000;311.9500000;311.9500000;311.9500000;311.9500000;114830
TATN;5;20160603;100500;312.5000000;312.9000000;310.5000000;310.8500000;21390
TATN;5;20160603;101000;310.9000000;312.2500000;310.5000000;312.1000000;14700
TATN;5;20160603;101500;312.1000000;312.2000000;311.4500000;311.5500000;16900
TATN;5;20160603;102000;311.5500000;311.9500000;310.8000000;310.8000000;6720
TATN;5;20160603;102500;310.8500000;311.5500000;310.8000000;310.9000000;9400
TATN;5;20160603;103000;310.8500000;311.5000000;309.8500000;311.4000000;19020
TATN;5;20160603;103500;311.4000000;311.4000000;310.9500000;311.0500000;5330
TATN;5;20160603;104000;311.0000000;311.2000000;310.5000000;310.7000000;8180
TATN;5;20160603;104500;310.7000000;311.2500000;310.7000000;310.8000000;9950
TATN;5;20160603;105000;311.0000000;311.2000000;310.5500000;311.0000000;6470
TATN;5;20160603;105500;311.0000000;311.4000000;310.5500000;310.7000000;6100
TATN;5;20160603;110000;310.7500000;311.6500000;310.7500000;311.5500000;5110
TATN;5;20160603;110500;311.5500000;312.2500000;311.5500000;312.0000000;16620
TATN;5;20160603;111000;312.0500000;312.2500000;312.0500000;312.1500000;3370
TATN;5;20160603;111500;312.1500000;312.7500000;312.1500000;312.7500000;18440
TATN;5;20160603;112000;312.6500000;312.7500000;312.5000000;312.5000000;6350
TATN;5;20160603;112500;312.5000000;314.1000000;312.4500000;313.4000000;52320
TATN;5;20160603;113000;313.4000000;313.7000000;313.1500000;313.7000000;21950
TATN;5;20160603;113500;313.7000000;313.7000000;313.5000000;313.7000000;19170
TATN;5;20160603;114000;313.7000000;314.4000000;313.5500000;314.0000000;15820
TATN;5;20160603;114500;314.0500000;314.5500000;314.0000000;314.3500000;49770
TATN;5;20160603;115000;314.3500000;314.4000000;313.8000000;313.8500000;9320
TATN;5;20160603;115500;314.0000000;314.2500000;313.9500000;314.2500000;13760
TATN;5;20160603;120000;313.8500000;313.8500000;313.4500000;313.4500000;14250
TATN;5;20160603;120500;313.6000000;313.8000000;313.4000000;313.4000000;10100
TATN;5;20160603;121000;313.3000000;313.7000000;312.6000000;312.6500000;13060
TATN;5;20160603;121500;312.6000000;313.1000000;312.4000000;312.9500000;19760
TATN;5;20160603;122000;312.6000000;313.4500000;312.5000000;312.5000000;33230
TATN;5;20160603;122500;312.5000000;313.0000000;312.4000000;312.7000000;11670
TATN;5;20160603;123000;312.7500000;312.9500000;312.5000000;312.6000000;12560
TATN;5;20160603;123500;312.4500000;313.0000000;311.8500000;313.0000000;34730
TATN;5;20160603;124000;312.8000000;313.0000000;312.5000000;313.0000000;10550
TATN;5;20160603;124500;313.0000000;313.0000000;312.2500000;312.2500000;18800
TATN;5;20160603;125000;312.2500000;313.2500000;312.2500000;313.2500000;13530
TATN;5;20160603;125500;313.1500000;313.3000000;312.8000000;312.8000000;2710
TATN;5;20160603;130000;313.2500000;313.6500000;313.1000000;313.3000000;10220
TATN;5;20160603;130500;313.3000000;313.3000000;312.3000000;312.8500000;7580
TATN;5;20160603;131000;312.5500000;313.3000000;312.4500000;312.8000000;10500
TATN;5;20160603;131500;312.9000000;313.3000000;312.6000000;313.0000000;14060
TATN;5;20160603;132000;313.0000000;313.6500000;313.0000000;313.0500000;8370
TATN;5;20160603;132500;313.1000000;313.3000000;312.8500000;313.2500000;5130
TATN;5;20160603;133000;313.2500000;313.4000000;312.7000000;313.4000000;11210
TATN;5;20160603;133500;313.4500000;313.5000000;313.0500000;313.2500000;15110
TATN;5;20160603;134000;313.3000000;313.5000000;313.0000000;313.0500000;10620
TATN;5;20160603;134500;313.0500000;313.1000000;312.7500000;313.1000000;3260
TATN;5;20160603;135000;313.3000000;313.8500000;313.1500000;313.3500000;18690
TATN;5;20160603;135500;313.5000000;313.5500000;313.1500000;313.2500000;6100
TATN;5;20160603;140000;313.3000000;313.5000000;313.0500000;313.5000000;5280
TATN;5;20160603;140500;313.5000000;313.6500000;313.4500000;313.5000000;13010
TATN;5;20160603;141000;313.3500000;313.4000000;312.6000000;312.6000000;6210
TATN;5;20160603;141500;312.5500000;313.1000000;312.4000000;312.5500000;13820
TATN;5;20160603;142000;312.6500000;313.0500000;312.6000000;313.0000000;5140
TATN;5;20160603;142500;313.1000000;313.2500000;312.6500000;312.9000000;10620
TATN;5;20160603;143000;312.9500000;313.3500000;312.9500000;313.1000000;3800
TATN;5;20160603;143500;313.0500000;313.5000000;312.8000000;313.5000000;8080
TATN;5;20160603;144000;313.4000000;313.4000000;312.6000000;313.3500000;10380
TATN;5;20160603;144500;313.3000000;313.5000000;313.0500000;313.5000000;5250
TATN;5;20160603;145000;313.3500000;313.5000000;312.7500000;312.8000000;6720
TATN;5;20160603;145500;313.1500000;313.4500000;312.9500000;313.3500000;5100
TATN;5;20160603;150000;313.4000000;313.5000000;313.1000000;313.4000000;3890
TATN;5;20160603;150500;313.4500000;313.6500000;313.4500000;313.5500000;11170
TATN;5;20160603;151000;313.4000000;313.5000000;313.3000000;313.5000000;850
TATN;5;20160603;151500;313.5000000;313.7000000;313.4000000;313.6500000;6650
TATN;5;20160603;152000;313.7000000;313.7000000;313.6500000;313.7000000;3090
TATN;5;20160603;152500;313.7000000;313.9500000;313.3000000;313.8500000;9410
TATN;5;20160603;153000;313.9000000;314.1000000;313.7500000;313.9000000;21160
TATN;5;20160603;153500;314.0500000;314.0500000;313.0500000;313.9000000;10250
TATN;5;20160603;154000;314.0000000;314.9500000;313.6500000;314.5500000;61590
TATN;5;20160603;154500;314.5500000;314.5500000;313.0500000;313.9000000;13490
TATN;5;20160603;155000;313.9000000;314.2500000;313.7000000;313.7000000;7570
TATN;5;20160603;155500;313.7500000;313.7500000;313.1500000;313.7500000;7010
TATN;5;20160603;160000;313.7000000;314.3000000;313.6500000;313.7500000;14870
TATN;5;20160603;160500;313.7000000;313.7500000;312.9000000;313.7000000;4550
TATN;5;20160603;161000;313.7000000;314.0500000;313.5500000;313.8000000;8380
TATN;5;20160603;161500;313.8000000;314.6000000;313.1000000;314.2500000;18290
TATN;5;20160603;162000;314.3500000;314.4500000;313.8500000;313.8500000;8850
TATN;5;20160603;162500;314.2500000;314.2500000;312.5500000;313.4000000;14900
TATN;5;20160603;163000;313.4000000;314.0000000;312.9000000;312.9000000;7820
TATN;5;20160603;163500;313.1000000;313.4000000;312.9500000;313.3500000;2570
TATN;5;20160603;164000;313.2000000;314.1000000;313.0500000;314.1000000;6360
TATN;5;20160603;164500;313.8000000;314.7500000;313.8000000;314.6500000;19780
TATN;5;20160603;165000;314.6500000;315.0000000;314.4500000;314.9500000;24070
TATN;5;20160603;165500;314.9500000;315.4500000;314.7000000;314.9000000;62450
TATN;5;20160603;170000;314.9000000;314.9500000;314.6000000;314.8500000;2030
TATN;5;20160603;170500;314.8500000;315.0000000;314.7500000;314.9500000;10990
TATN;5;20160603;171000;314.9500000;314.9500000;313.5500000;313.5500000;4680
TATN;5;20160603;171500;314.0000000;314.0500000;313.3000000;313.5000000;4280
TATN;5;20160603;172000;313.9000000;313.9000000;313.0000000;313.4000000;2410
TATN;5;20160603;172500;313.0000000;313.4000000;312.0000000;312.7500000;8930
TATN;5;20160603;173000;312.7500000;313.0000000;312.2500000;312.2500000;3820
TATN;5;20160603;173500;312.2500000;312.2500000;310.9000000;311.8000000;17180
TATN;5;20160603;174000;311.6000000;311.8000000;311.4500000;311.5000000;2290
TATN;5;20160603;174500;311.8000000;313.3000000;311.8000000;313.0500000;30780
TATN;5;20160603;175000;313.3000000;313.3000000;312.6000000;313.1000000;1750
TATN;5;20160603;175500;313.3500000;313.8500000;313.3500000;313.5000000;1480
TATN;5;20160603;180000;313.5500000;313.8000000;313.5000000;313.6500000;120
TATN;5;20160603;180500;313.8000000;314.5000000;313.8000000;314.5000000;12280
TATN;5;20160603;181000;314.5000000;314.9000000;314.3500000;314.4000000;14430
TATN;5;20160603;181500;314.4500000;314.4500000;313.9000000;313.9000000;2990
TATN;5;20160603;182000;314.1000000;314.4000000;313.9000000;314.3500000;1100
TATN;5;20160603;182500;314.3000000;314.3500000;314.1000000;314.3000000;190
TATN;5;20160603;183000;314.2500000;314.4000000;314.0500000;314.4000000;2360
TATN;5;20160603;183500;314.4000000;314.9000000;313.6000000;313.9000000;31450
TATN;5;20160603;184000;314.1500000;314.2000000;312.7000000;313.7500000;53260
TATN;5;20160603;185000;314.0000000;314.0000000;314.0000000;314.0000000;16930
TATN;5;20160606;100500;314.9500000;316.9500000;313.7500000;316.7000000;146430
TATN;5;20160606;101000;316.9000000;317.9000000;316.7000000;317.2000000;44140
TATN;5;20160606;101500;317.2500000;317.8000000;317.1500000;317.3000000;21870
TATN;5;20160606;102000;317.5000000;317.9000000;316.2000000;316.5500000;49200
TATN;5;20160606;102500;316.8000000;317.4500000;316.2000000;317.4500000;88440
TATN;5;20160606;103000;317.4000000;317.9000000;317.2500000;317.9000000;19860
TATN;5;20160606;103500;317.9000000;318.5000000;317.7000000;318.0500000;56100
TATN;5;20160606;104000;318.3000000;318.5000000;318.2500000;318.3500000;20710
TATN;5;20160606;104500;318.4000000;318.5000000;318.0500000;318.0500000;19300
TATN;5;20160606;105000;318.2000000;318.6500000;318.2000000;318.4500000;19560
TATN;5;20160606;105500;318.6000000;318.6500000;318.1000000;318.2000000;10380
TATN;5;20160606;110000;318.4000000;318.8500000;318.2000000;318.5000000;27420
TATN;5;20160606;110500;318.5500000;319.2500000;318.4500000;319.2500000;64590
TATN;5;20160606;111000;319.2000000;319.2500000;318.5000000;318.6500000;9290
TATN;5;20160606;111500;318.6500000;318.9500000;318.6500000;318.9000000;2600
TATN;5;20160606;112000;319.0000000;319.1500000;318.5000000;318.5000000;27560
TATN;5;20160606;112500;318.9000000;319.2500000;318.8500000;318.8500000;8390
TATN;5;20160606;113000;318.9500000;319.0000000;318.8000000;318.8000000;22640
TATN;5;20160606;113500;318.9500000;319.2500000;318.8000000;319.0000000;16460
TATN;5;20160606;114000;319.0000000;319.3000000;318.8500000;318.9000000;12130
TATN;5;20160606;114500;318.9000000;319.0000000;318.5500000;319.0000000;11610
TATN;5;20160606;115000;318.9000000;318.9000000;318.0500000;318.4000000;21420
TATN;5;20160606;115500;318.5500000;319.2000000;318.5000000;319.2000000;17230
TATN;5;20160606;120000;319.2000000;319.9000000;319.2000000;319.8500000;40450
TATN;5;20160606;120500;319.9000000;319.9000000;319.3000000;319.3500000;8110
TATN;5;20160606;121000;319.5000000;319.8500000;319.4500000;319.6000000;14830
TATN;5;20160606;121500;319.7500000;319.9000000;319.7500000;319.8500000;7980
TATN;5;20160606;122000;319.8500000;320.3000000;319.7500000;320.0000000;45270
TATN;5;20160606;122500;319.8000000;320.1000000;319.5000000;319.5000000;11640
TATN;5;20160606;123000;319.5000000;319.8000000;319.5000000;319.8000000;7790
TATN;5;20160606;123500;319.8000000;319.8000000;319.3500000;319.4500000;25060
TATN;5;20160606;124000;319.6000000;320.5000000;319.4500000;320.5000000;34980
TATN;5;20160606;124500;320.5000000;321.0000000;320.4000000;321.0000000;18620
TATN;5;20160606;125000;320.8500000;320.9500000;320.4000000;320.6000000;7490
TATN;5;20160606;125500;320.4500000;320.8000000;320.4000000;320.6500000;6980
TATN;5;20160606;130000;320.7000000;320.9000000;320.6500000;320.8000000;11830
TATN;5;20160606;130500;320.6000000;320.8500000;320.3000000;320.3000000;9080
TATN;5;20160606;131000;320.2500000;320.5000000;319.9500000;320.1500000;5450
TATN;5;20160606;131500;320.0000000;320.1000000;319.6000000;319.8500000;8920
TATN;5;20160606;132000;319.8500000;319.9500000;319.5500000;319.9000000;4830
TATN;5;20160606;132500;319.9500000;320.4500000;319.9500000;320.4500000;17710
TATN;5;20160606;133000;320.3000000;320.4500000;320.3000000;320.4000000;4470
TATN;5;20160606;133500;320.4500000;320.4500000;320.3500000;320.3500000;1820
TATN;5;20160606;134000;320.3500000;320.6500000;320.3500000;320.6000000;5490
TATN;5;20160606;134500;320.6000000;320.7000000;320.1000000;320.1000000;6440
TATN;5;20160606;135000;320.4500000;320.4500000;320.2000000;320.2000000;190
TATN;5;20160606;135500;320.4000000;320.5500000;320.4000000;320.5000000;1250
TATN;5;20160606;140000;320.5000000;320.7000000;320.4500000;320.7000000;4240
TATN;5;20160606;140500;320.6500000;320.6500000;320.4000000;320.6000000;2950
TATN;5;20160606;141000;320.6000000;320.9500000;320.5000000;320.8500000;19890
TATN;5;20160606;141500;320.8500000;320.8500000;320.4500000;320.6000000;7430
TATN;5;20160606;142000;320.8000000;320.8000000;320.4000000;320.7000000;2500
TATN;5;20160606;142500;320.6000000;321.0000000;320.5000000;320.9000000;10600
TATN;5;20160606;143000;320.9000000;321.3500000;319.2000000;319.6000000;33130
TATN;5;20160606;143500;319.5500000;320.2000000;319.5500000;319.8500000;8370
TATN;5;20160606;144000;319.8000000;320.3000000;319.8000000;320.3000000;3540
TATN;5;20160606;144500;320.1500000;320.1500000;319.6000000;319.8500000;7320
TATN;5;20160606;145000;319.9000000;319.9000000;319.4000000;319.5000000;1430
TATN;5;20160606;145500;319.3000000;319.4500000;319.2500000;319.3500000;4360
TATN;5;20160606;150000;319.3500000;319.4500000;318.9500000;318.9500000;7960
TATN;5;20160606;150500;319.2000000;319.6000000;319.0500000;319.6000000;4480
TATN;5;20160606;151000;319.6500000;320.8000000;319.4500000;320.6000000;10630
TATN;5;20160606;151500;320.6000000;320.8000000;320.4500000;320.6500000;3470
TATN;5;20160606;152000;320.4500000;321.0500000;320.4500000;320.7000000;6880
TATN;5;20160606;152500;320.7500000;320.8500000;320.6000000;320.6000000;1810
TATN;5;20160606;153000;320.5000000;320.8500000;320.5000000;320.8500000;1040
TATN;5;20160606;153500;320.7000000;320.8000000;320.5000000;320.5000000;3260
TATN;5;20160606;154000;320.4500000;320.6500000;319.9500000;319.9500000;2590
TATN;5;20160606;154500;319.6500000;319.9500000;319.6500000;319.8500000;770
TATN;5;20160606;155000;319.9000000;320.0500000;319.8000000;319.8500000;2080
TATN;5;20160606;155500;320.0500000;320.0500000;319.2500000;319.2500000;12630
TATN;5;20160606;160000;319.4500000;319.4500000;319.1000000;319.1000000;3310
TATN;5;20160606;160500;319.3500000;319.4500000;319.3500000;319.3500000;4260
TATN;5;20160606;161000;319.4000000;319.4500000;319.3500000;319.4500000;3930
TATN;5;20160606;161500;319.5000000;319.5000000;319.5000000;319.5000000;5030
TATN;5;20160606;162000;319.4500000;319.9000000;319.3500000;319.6000000;21480
TATN;5;20160606;162500;319.9500000;320.4000000;319.9500000;320.4000000;1820
TATN;5;20160606;163000;320.4000000;320.4000000;320.2000000;320.4000000;2140
TATN;5;20160606;163500;320.4000000;320.8000000;320.3500000;320.8000000;10150
TATN;5;20160606;164000;320.7000000;321.0000000;320.6000000;321.0000000;5360
TATN;5;20160606;164500;320.9000000;320.9500000;320.7500000;320.7500000;3110
TATN;5;20160606;165000;320.7500000;321.6000000;320.7500000;321.2000000;22720
TATN;5;20160606;165500;321.3500000;322.4000000;321.3000000;322.0000000;35760
TATN;5;20160606;170000;322.2000000;322.3000000;321.8000000;322.0000000;14810
TATN;5;20160606;170500;321.9500000;322.1500000;321.1500000;321.5500000;24260
TATN;5;20160606;171000;321.5500000;321.5500000;320.6500000;320.6500000;5850
TATN;5;20160606;171500;320.8500000;320.9000000;320.2000000;320.9000000;10050
TATN;5;20160606;172000;320.9000000;321.3000000;320.8500000;320.9500000;6510
TATN;5;20160606;172500;320.9500000;321.2500000;320.5000000;320.7500000;10920
TATN;5;20160606;173000;320.8000000;321.2500000;320.8000000;321.2500000;2740
TATN;5;20160606;173500;321.3000000;322.0000000;321.3000000;321.6000000;11870
TATN;5;20160606;174000;321.9000000;322.1500000;321.8000000;321.8000000;8020
TATN;5;20160606;174500;321.7000000;321.7000000;320.8500000;321.6500000;9980
TATN;5;20160606;175000;321.3500000;322.2000000;321.2500000;322.0500000;46100
TATN;5;20160606;175500;321.6500000;321.9500000;321.2000000;321.9500000;2240
TATN;5;20160606;180000;321.7000000;321.9500000;321.4000000;321.6500000;8560
TATN;5;20160606;180500;321.9000000;322.2500000;321.6500000;322.2500000;8140
TATN;5;20160606;181000;322.3000000;323.3500000;321.9000000;322.0000000;31960
TATN;5;20160606;181500;321.8000000;322.0000000;321.5000000;321.9500000;3080
TATN;5;20160606;182000;321.8500000;321.8500000;321.2000000;321.2000000;5980
TATN;5;20160606;182500;321.2500000;321.8000000;321.2500000;321.7500000;520
TATN;5;20160606;183000;321.9000000;322.4500000;321.7000000;322.4500000;4870
TATN;5;20160606;183500;322.1000000;322.3000000;320.7000000;321.1500000;15770
TATN;5;20160606;184000;321.3000000;322.0000000;320.3000000;322.0000000;20600
TATN;5;20160606;185000;320.8500000;320.8500000;320.8500000;320.8500000;11380
TATN;5;20160607;100500;322.0500000;322.3000000;320.8500000;321.8000000;12010
TATN;5;20160607;101000;321.9000000;322.9500000;321.6000000;322.9500000;17430
TATN;5;20160607;101500;322.8500000;323.5000000;322.5000000;323.1000000;31680
TATN;5;20160607;102000;323.1000000;323.4000000;322.6000000;323.1000000;26320
TATN;5;20160607;102500;323.4000000;323.8500000;323.1000000;323.6500000;16680
TATN;5;20160607;103000;323.8000000;323.8500000;323.2500000;323.2500000;18260
TATN;5;20160607;103500;323.6000000;323.9000000;323.4000000;323.8500000;13910
TATN;5;20160607;104000;323.8000000;324.4500000;323.5000000;324.0000000;36490
TATN;5;20160607;104500;324.0000000;324.2000000;323.5000000;323.8000000;27340
TATN;5;20160607;105000;324.0000000;324.2000000;323.3500000;323.9000000;36260
TATN;5;20160607;105500;323.7000000;324.2000000;323.4000000;323.7000000;38600
TATN;5;20160607;110000;324.0000000;324.3500000;323.7000000;324.0000000;56420
TATN;5;20160607;110500;324.0500000;324.8000000;323.5500000;324.7500000;38440
TATN;5;20160607;111000;324.7500000;324.9000000;324.2000000;324.9000000;33560
TATN;5;20160607;111500;324.9000000;326.2500000;324.5000000;325.9000000;103010
TATN;5;20160607;112000;325.8500000;328.8500000;325.8500000;328.7500000;338900
TATN;5;20160607;112500;328.6500000;329.6000000;328.0000000;328.6500000;427230
TATN;5;20160607;113000;328.5000000;328.6500000;327.4500000;328.2000000;46800
TATN;5;20160607;113500;328.2000000;328.8000000;328.2000000;328.6500000;26860
TATN;5;20160607;114000;328.7000000;329.1000000;328.6000000;328.8000000;26820
TATN;5;20160607;114500;328.9000000;329.3000000;328.8500000;329.3000000;25360
TATN;5;20160607;115000;329.1000000;329.5500000;329.0500000;329.3500000;24630
TATN;5;20160607;115500;329.3500000;329.5500000;329.0000000;329.2500000;25390
TATN;5;20160607;120000;329.4500000;329.5500000;329.0000000;329.0500000;27890
TATN;5;20160607;120500;329.0000000;329.7000000;328.8000000;329.2500000;52510
TATN;5;20160607;121000;329.3500000;329.3500000;328.8000000;329.1000000;24960
TATN;5;20160607;121500;329.1000000;329.4000000;329.1000000;329.4000000;10070
TATN;5;20160607;122000;329.4500000;329.5000000;329.3500000;329.5000000;16310
TATN;5;20160607;122500;329.4000000;329.5000000;329.2500000;329.4500000;13970
TATN;5;20160607;123000;329.3500000;329.5000000;329.3500000;329.3500000;9590
TATN;5;20160607;123500;329.3500000;329.3500000;329.0000000;329.0000000;11660
TATN;5;20160607;124000;329.1000000;329.3500000;329.0000000;329.0500000;11970
TATN;5;20160607;124500;329.0500000;329.2500000;328.7000000;328.8500000;18240
TATN;5;20160607;125000;329.1000000;329.2000000;328.9000000;328.9000000;9170
TATN;5;20160607;125500;329.0500000;329.2000000;328.8000000;328.8000000;13810
TATN;5;20160607;130000;328.8500000;329.1500000;328.8500000;328.9500000;6480
TATN;5;20160607;130500;329.0000000;329.2000000;328.9500000;329.2000000;12610
TATN;5;20160607;131000;329.1000000;329.4000000;329.0000000;329.1000000;16190
TATN;5;20160607;131500;329.1500000;329.4000000;329.1000000;329.3500000;17190
TATN;5;20160607;132000;329.3000000;329.3500000;329.0500000;329.0500000;7960
TATN;5;20160607;132500;329.2500000;329.4000000;329.1500000;329.2500000;9220
TATN;5;20160607;133000;329.4000000;329.4000000;329.0000000;329.1500000;7640
TATN;5;20160607;133500;329.4000000;329.4500000;329.0500000;329.1000000;12350
TATN;5;20160607;134000;329.1500000;329.4500000;329.0500000;329.3000000;10260
TATN;5;20160607;134500;329.4000000;329.4000000;328.8500000;329.0000000;13810
TATN;5;20160607;135000;329.3000000;329.7500000;329.1500000;329.6500000;56500
TATN;5;20160607;135500;329.6500000;329.9000000;329.3500000;329.6000000;32420
TATN;5;20160607;140000;329.8000000;329.8000000;329.4000000;329.5500000;14850
TATN;5;20160607;140500;329.6000000;330.3500000;329.6000000;330.1500000;74100
TATN;5;20160607;141000;330.1500000;330.5000000;329.7000000;330.3500000;48720
TATN;5;20160607;141500;330.3500000;332.0000000;330.2000000;331.2000000;119650
TATN;5;20160607;142000;331.1500000;331.5000000;330.0500000;330.2500000;43410
TATN;5;20160607;142500;330.5000000;331.0500000;330.0000000;330.2500000;29420
TATN;5;20160607;143000;330.0500000;330.6500000;329.7000000;330.1000000;36910
TATN;5;20160607;143500;329.8500000;331.8000000;329.8500000;331.0000000;95090
TATN;5;20160607;144000;331.1000000;331.5000000;331.1000000;331.4000000;1740
TATN;5;20160607;144500;331.4500000;331.5500000;330.5000000;331.3000000;46940
TATN;5;20160607;145000;331.0000000;331.3000000;330.7500000;331.3000000;8530
TATN;5;20160607;145500;331.1000000;331.4500000;330.7000000;331.0000000;13320
TATN;5;20160607;150000;331.0000000;331.8000000;330.8500000;331.6000000;13160
TATN;5;20160607;150500;331.6500000;331.8000000;331.3500000;331.6500000;14140
TATN;5;20160607;151000;331.8500000;332.1500000;331.8000000;331.9000000;15070
TATN;5;20160607;151500;332.0000000;332.1000000;331.5500000;332.0000000;18110
TATN;5;20160607;152000;332.1000000;332.2000000;331.6500000;332.1500000;7770
TATN;5;20160607;152500;332.1000000;332.2000000;331.5500000;331.7000000;23920
TATN;5;20160607;153000;331.7000000;332.0000000;331.6500000;332.0000000;4010
TATN;5;20160607;153500;332.0000000;332.4500000;331.8500000;332.1500000;15490
TATN;5;20160607;154000;332.1500000;332.5000000;332.0000000;332.0000000;11620
TATN;5;20160607;154500;332.0000000;332.4500000;331.7000000;332.0000000;18250
TATN;5;20160607;155000;332.2500000;332.6000000;331.9500000;332.6000000;18250
TATN;5;20160607;155500;332.5500000;332.6500000;332.1000000;332.4500000;10730
TATN;5;20160607;160000;332.4000000;332.5500000;331.5500000;331.6000000;23030
TATN;5;20160607;160500;331.7000000;331.9000000;331.1000000;331.2000000;14010
TATN;5;20160607;161000;331.2500000;332.0500000;331.2000000;331.9000000;8760
TATN;5;20160607;161500;332.1000000;332.3500000;331.4500000;332.3500000;18560
TATN;5;20160607;162000;332.1500000;332.1500000;331.4500000;332.1500000;27570
TATN;5;20160607;162500;331.9500000;332.3500000;331.2500000;331.2500000;32110
TATN;5;20160607;163000;331.5000000;331.7500000;329.9000000;330.6500000;39650
TATN;5;20160607;163500;330.4500000;331.7500000;330.4000000;331.4000000;12530
TATN;5;20160607;164000;331.7000000;332.0000000;331.2500000;331.5500000;12120
TATN;5;20160607;164500;331.7500000;332.4000000;331.5500000;332.0500000;71850
TATN;5;20160607;165000;332.0000000;332.2000000;331.6000000;331.8500000;10680
TATN;5;20160607;165500;331.9500000;332.2500000;331.9500000;332.1000000;10710
TATN;5;20160607;170000;332.2500000;332.5500000;331.8000000;332.1500000;17600
TATN;5;20160607;170500;332.4000000;332.6500000;331.2500000;331.6000000;26620
TATN;5;20160607;171000;331.6000000;332.2500000;331.4500000;332.2500000;14450
TATN;5;20160607;171500;332.3000000;332.5000000;331.7000000;331.7000000;21160
TATN;5;20160607;172000;332.1000000;332.4000000;331.6500000;332.2500000;22890
TATN;5;20160607;172500;332.2000000;332.4000000;331.7500000;332.4000000;9890
TATN;5;20160607;173000;332.4000000;332.5000000;331.9000000;331.9000000;12040
TATN;5;20160607;173500;332.2000000;332.5000000;332.0000000;332.5000000;6070
TATN;5;20160607;174000;332.5000000;332.5000000;332.3000000;332.3000000;12990
TATN;5;20160607;174500;332.3000000;332.3000000;331.4000000;331.7500000;22470
TATN;5;20160607;175000;331.9500000;332.0000000;331.7500000;331.8000000;59520
TATN;5;20160607;175500;331.8000000;332.0000000;331.7500000;331.9000000;24210
TATN;5;20160607;180000;331.8500000;332.0000000;331.8500000;332.0000000;22080
TATN;5;20160607;180500;332.0000000;332.4000000;332.0000000;332.0500000;21620
TATN;5;20160607;181000;332.2500000;332.2500000;330.5000000;331.3000000;52570
TATN;5;20160607;181500;331.3500000;331.9000000;331.0500000;331.9000000;17090
TATN;5;20160607;182000;331.9500000;332.0000000;331.9000000;331.9500000;16980
TATN;5;20160607;182500;331.9500000;332.0000000;331.9500000;332.0000000;10530
TATN;5;20160607;183000;332.0000000;332.5000000;332.0000000;332.4500000;17600
TATN;5;20160607;183500;332.3000000;332.5500000;331.9000000;332.5500000;12230
TATN;5;20160607;184000;332.5500000;334.0000000;332.4500000;334.0000000;130380
TATN;5;20160607;185000;335.0000000;335.0000000;335.0000000;335.0000000;91730
TATN;5;20160608;100500;335.3000000;335.7000000;332.2500000;333.1000000;62830
TATN;5;20160608;101000;333.1000000;333.2000000;332.6000000;333.0500000;14770
TATN;5;20160608;101500;333.0500000;333.2500000;332.4500000;332.8000000;32230
TATN;5;20160608;102000;332.7500000;332.8000000;332.0500000;332.8000000;25160
TATN;5;20160608;102500;332.6000000;333.0000000;332.5500000;332.6000000;6330
TATN;5;20160608;103000;332.6000000;332.8500000;332.4500000;332.7500000;5750
TATN;5;20160608;103500;332.7500000;333.0000000;332.4500000;332.6500000;7940
TATN;5;20160608;104000;332.5000000;333.4500000;332.4500000;333.3000000;22790
TATN;5;20160608;104500;333.3000000;333.7500000;333.3000000;333.6500000;18450
TATN;5;20160608;105000;333.5000000;333.6500000;332.5500000;332.5500000;18460
TATN;5;20160608;105500;332.5500000;332.7500000;331.9500000;332.2000000;22620
TATN;5;20160608;110000;332.0500000;332.4000000;331.6000000;331.7500000;16940
TATN;5;20160608;110500;331.7000000;331.7000000;329.7000000;329.7500000;30610
TATN;5;20160608;111000;329.7500000;330.1000000;329.7500000;330.1000000;25520
TATN;5;20160608;111500;330.0000000;330.2500000;329.8000000;330.0000000;14290
TATN;5;20160608;112000;330.0000000;330.4500000;329.9000000;330.1500000;30020
TATN;5;20160608;112500;330.1500000;330.1500000;329.9000000;330.1500000;9300
TATN;5;20160608;113000;330.0500000;330.7000000;330.0500000;330.7000000;5420
TATN;5;20160608;113500;330.8500000;332.3000000;330.8500000;331.6500000;16970
TATN;5;20160608;114000;331.7500000;331.7500000;331.1000000;331.3000000;8190
TATN;5;20160608;114500;331.2000000;331.4500000;330.6500000;330.6500000;15830
TATN;5;20160608;115000;330.6000000;330.6000000;329.9500000;329.9500000;16950
TATN;5;20160608;115500;330.1000000;330.2000000;329.8500000;329.9000000;11700
TATN;5;20160608;120000;330.0500000;330.4000000;329.8500000;330.4000000;3530
TATN;5;20160608;120500;330.3500000;330.4500000;330.0500000;330.2500000;7010
TATN;5;20160608;121000;330.2500000;331.2500000;330.2500000;330.9000000;10970
TATN;5;20160608;121500;330.9000000;331.1000000;330.5000000;330.8000000;5460
TATN;5;20160608;122000;330.7000000;330.9000000;330.3500000;330.7000000;2170
TATN;5;20160608;122500;330.8500000;331.0000000;330.4500000;330.4500000;1680
TATN;5;20160608;123000;330.4500000;330.5000000;329.7000000;329.7000000;7070
TATN;5;20160608;123500;329.8500000;329.8500000;329.0000000;329.0000000;13560
TATN;5;20160608;124000;329.0000000;329.0000000;328.2500000;328.2500000;16840
TATN;5;20160608;124500;328.2500000;328.7500000;328.0500000;328.2000000;13090
TATN;5;20160608;125000;328.4000000;329.0000000;328.2500000;328.6000000;8720
TATN;5;20160608;125500;328.6000000;328.9000000;328.6000000;328.6500000;1020
TATN;5;20160608;130000;328.8500000;328.9000000;328.1500000;328.3000000;6030
TATN;5;20160608;130500;328.3000000;328.3000000;328.1000000;328.1000000;3740
TATN;5;20160608;131000;328.0500000;328.2500000;327.9500000;327.9500000;3710
TATN;5;20160608;131500;327.8500000;328.2000000;327.8000000;327.8000000;5550
TATN;5;20160608;132000;327.8000000;327.9000000;327.5000000;327.6000000;12070
TATN;5;20160608;132500;327.6000000;327.8000000;327.5500000;327.6000000;7460
TATN;5;20160608;133000;327.6000000;328.2500000;327.6000000;328.1500000;2630
TATN;5;20160608;133500;328.1500000;328.1500000;327.9000000;328.0000000;2110
TATN;5;20160608;134000;328.0500000;328.2500000;327.5500000;327.7000000;13990
TATN;5;20160608;134500;327.8000000;328.3500000;327.8000000;328.0500000;6980
TATN;5;20160608;135000;328.2500000;328.9500000;328.0500000;328.9000000;9890
TATN;5;20160608;135500;328.6000000;329.1000000;328.3500000;328.5000000;13160
TATN;5;20160608;140000;328.4000000;328.8500000;327.9000000;328.0000000;17650
TATN;5;20160608;140500;328.0000000;328.1500000;327.9000000;328.0000000;10560
TATN;5;20160608;141000;328.0000000;328.2000000;327.8500000;327.8500000;15950
TATN;5;20160608;141500;327.8500000;328.1000000;327.6500000;327.6500000;14650
TATN;5;20160608;142000;327.6500000;327.9500000;327.1500000;327.4500000;18970
TATN;5;20160608;142500;327.5000000;327.8000000;327.1000000;327.4000000;10180
TATN;5;20160608;143000;327.4000000;327.8000000;327.2000000;327.2000000;6910
TATN;5;20160608;143500;327.3500000;327.4500000;325.8000000;325.8500000;24330
TATN;5;20160608;144000;325.8000000;326.8000000;325.8000000;326.2500000;15290
TATN;5;20160608;144500;326.4500000;327.0500000;326.2000000;326.9500000;3430
TATN;5;20160608;145000;326.9500000;326.9500000;326.0500000;326.1000000;3780
TATN;5;20160608;145500;326.1000000;326.6000000;325.7500000;325.7500000;18050
TATN;5;20160608;150000;325.7500000;325.9000000;325.3000000;325.7000000;7650
TATN;5;20160608;150500;325.7000000;326.0000000;325.7000000;325.8500000;1880
TATN;5;20160608;151000;325.8500000;326.0500000;325.8500000;325.9500000;1440
TATN;5;20160608;151500;325.9500000;326.0500000;325.8000000;325.9000000;5210
TATN;5;20160608;152000;325.9000000;326.1000000;325.8000000;325.8000000;2720
TATN;5;20160608;152500;325.9500000;326.0500000;325.7500000;325.9500000;2630
TATN;5;20160608;153000;326.1000000;327.6000000;325.8500000;326.7000000;35550
TATN;5;20160608;153500;326.7000000;328.2000000;326.7000000;327.7000000;11090
TATN;5;20160608;154000;327.6500000;327.8000000;327.1500000;327.3000000;3210
TATN;5;20160608;154500;327.5000000;327.6500000;327.2500000;327.5500000;820
TATN;5;20160608;155000;327.5500000;328.6500000;327.5500000;328.4500000;15290
TATN;5;20160608;155500;328.6000000;330.0000000;328.5500000;330.0000000;22490
TATN;5;20160608;160000;329.9500000;330.1500000;328.8500000;328.9000000;18800
TATN;5;20160608;160500;329.0000000;329.5000000;328.9000000;329.3000000;6870
TATN;5;20160608;161000;329.5000000;329.6500000;328.3000000;328.3000000;22080
TATN;5;20160608;161500;328.3000000;328.5000000;327.9500000;328.1500000;5430
TATN;5;20160608;162000;328.1500000;328.5500000;328.1500000;328.4000000;1350
TATN;5;20160608;162500;328.4500000;329.6000000;328.4500000;329.3500000;4420
TATN;5;20160608;163000;329.3000000;329.4500000;329.0500000;329.2000000;1290
TATN;5;20160608;163500;329.4000000;329.8500000;329.1500000;329.7000000;4320
TATN;5;20160608;164000;329.8500000;329.8500000;328.7500000;328.7500000;7100
TATN;5;20160608;164500;328.9500000;329.3000000;328.1000000;328.1000000;6060
TATN;5;20160608;165000;328.1000000;328.4000000;327.8000000;328.2500000;4830
TATN;5;20160608;165500;328.4000000;328.5500000;328.3000000;328.4000000;990
TATN;5;20160608;170000;328.4000000;328.4500000;328.2500000;328.3000000;1350
TATN;5;20160608;170500;328.4500000;328.4500000;327.8500000;327.9000000;17920
TATN;5;20160608;171000;328.0500000;328.2000000;327.8000000;327.8000000;5090
TATN;5;20160608;171500;327.8000000;328.1500000;327.5000000;327.8500000;11090
TATN;5;20160608;172000;328.0500000;328.0500000;327.5500000;327.6000000;3540
TATN;5;20160608;172500;327.6000000;327.6500000;327.2500000;327.2500000;3070
TATN;5;20160608;173000;327.3000000;327.4500000;326.6000000;326.7000000;24250
TATN;5;20160608;173500;326.7000000;327.0000000;326.6000000;326.6500000;32980
TATN;5;20160608;174000;326.6500000;326.8500000;326.6000000;326.6500000;6860
TATN;5;20160608;174500;326.8500000;327.0000000;326.6000000;326.8500000;70570
TATN;5;20160608;175000;326.8500000;327.9000000;326.7500000;327.4500000;35500
TATN;5;20160608;175500;327.4500000;328.6500000;327.2500000;327.5500000;16610
TATN;5;20160608;180000;327.5500000;328.8000000;326.3500000;326.3500000;74100
TATN;5;20160608;180500;326.3500000;327.0000000;325.9500000;326.8500000;53910
TATN;5;20160608;181000;326.8500000;327.0000000;326.7500000;327.0000000;19950
TATN;5;20160608;181500;327.0000000;327.0000000;326.7500000;327.0000000;16730
TATN;5;20160608;182000;326.9000000;327.0000000;326.6500000;326.8500000;31290
TATN;5;20160608;182500;326.8500000;327.0000000;326.8500000;326.9000000;11320
TATN;5;20160608;183000;326.9000000;328.6000000;326.8500000;328.3500000;20390
TATN;5;20160608;183500;328.3500000;328.6000000;326.6500000;326.8000000;24970
TATN;5;20160608;184000;326.7000000;331.9500000;326.7000000;331.8500000;248060
TATN;5;20160608;185000;331.5000000;331.5000000;331.5000000;331.5000000;95610
TATN;5;20160609;100500;331.7000000;333.6000000;328.6500000;328.6500000;74310
TATN;5;20160609;101000;328.9500000;328.9500000;327.0500000;327.4500000;46050
TATN;5;20160609;101500;327.2500000;327.3000000;326.3000000;326.6500000;22950
TATN;5;20160609;102000;326.6000000;327.0000000;325.9000000;326.9000000;18610
TATN;5;20160609;102500;327.0000000;327.0000000;326.1500000;326.3000000;21290
TATN;5;20160609;103000;326.1500000;326.6500000;326.0000000;326.5000000;16620
TATN;5;20160609;103500;326.6000000;326.7000000;325.7500000;326.0000000;7290
TATN;5;20160609;104000;325.8500000;325.9000000;323.1500000;323.1500000;59600
TATN;5;20160609;104500;323.1500000;323.2500000;322.0000000;322.2000000;35820
TATN;5;20160609;105000;322.1000000;322.1000000;321.6500000;321.9500000;15280
TATN;5;20160609;105500;322.0000000;322.1000000;321.6500000;321.8000000;6920
TATN;5;20160609;110000;321.8000000;322.4000000;321.6500000;322.3500000;16430
TATN;5;20160609;110500;322.3500000;322.3500000;321.9500000;321.9500000;11790
TATN;5;20160609;111000;322.0500000;322.4000000;322.0000000;322.2000000;11530
TATN;5;20160609;111500;322.1000000;322.2000000;321.7000000;322.0000000;12160
TATN;5;20160609;112000;321.8500000;321.8500000;320.7000000;321.6000000;41700
TATN;5;20160609;112500;321.5000000;322.4000000;321.2000000;321.5500000;18500
TATN;5;20160609;113000;321.3500000;321.9000000;321.0000000;321.7000000;12130
TATN;5;20160609;113500;321.4500000;321.5000000;321.0000000;321.1000000;7090
TATN;5;20160609;114000;321.3500000;321.6000000;321.1000000;321.1500000;4870
TATN;5;20160609;114500;321.3000000;321.3500000;320.4500000;321.3500000;16740
TATN;5;20160609;115000;321.1000000;321.1000000;320.1000000;320.5000000;14940
TATN;5;20160609;115500;320.4000000;320.7000000;320.3500000;320.7000000;7520
TATN;5;20160609;120000;320.6500000;321.0000000;320.2000000;320.4000000;22810
TATN;5;20160609;120500;320.4500000;321.1500000;320.3000000;320.4000000;21040
TATN;5;20160609;121000;320.4000000;320.8000000;320.3500000;320.4000000;11620
TATN;5;20160609;121500;320.4000000;320.8000000;320.3000000;320.7000000;16230
TATN;5;20160609;122000;320.5500000;320.6500000;320.3000000;320.4000000;9130
TATN;5;20160609;122500;320.4000000;321.3000000;320.3000000;320.9500000;19770
TATN;5;20160609;123000;320.8500000;321.4500000;320.5000000;320.8000000;11440
TATN;5;20160609;123500;320.8000000;320.8500000;320.6000000;320.6000000;17460
TATN;5;20160609;124000;320.7000000;321.0500000;320.6000000;320.7500000;3800
TATN;5;20160609;124500;320.6000000;320.7500000;320.3500000;320.4000000;9230
TATN;5;20160609;125000;320.4000000;320.7000000;320.3000000;320.4000000;7980
TATN;5;20160609;125500;320.4000000;320.4000000;320.1000000;320.2000000;11850
TATN;5;20160609;130000;320.2000000;320.2500000;319.1500000;320.2500000;48020
TATN;5;20160609;130500;320.2500000;320.6000000;318.2500000;318.3000000;47580
TATN;5;20160609;131000;318.3000000;320.1000000;318.3000000;319.9500000;25540
TATN;5;20160609;131500;320.0000000;320.5500000;318.7500000;318.7500000;9130
TATN;5;20160609;132000;318.9500000;321.2500000;318.8500000;320.1000000;23160
TATN;5;20160609;132500;320.1000000;320.1000000;319.5500000;319.5500000;4910
TATN;5;20160609;133000;319.6000000;320.1000000;318.9500000;319.1000000;15010
TATN;5;20160609;133500;319.0500000;319.1500000;318.6500000;318.6500000;11060
TATN;5;20160609;134000;318.7000000;318.9500000;318.7000000;318.9500000;6350
TATN;5;20160609;134500;318.9000000;319.2000000;318.9000000;319.0000000;3350
TATN;5;20160609;135000;319.1000000;319.8500000;319.1000000;319.8500000;4320
TATN;5;20160609;135500;319.8000000;320.2000000;319.5000000;319.5000000;5660
TATN;5;20160609;140000;319.5000000;319.9000000;319.1500000;319.1500000;12730
TATN;5;20160609;140500;319.2000000;319.2500000;319.2000000;319.2000000;2110
TATN;5;20160609;141000;319.2500000;319.5000000;318.6500000;319.3500000;19000
TATN;5;20160609;141500;319.1000000;319.2000000;318.6500000;318.9500000;4950
TATN;5;20160609;142000;318.8000000;319.0500000;318.6500000;318.9500000;6330
TATN;5;20160609;142500;319.1000000;319.3500000;318.8000000;319.2500000;6700
TATN;5;20160609;143000;319.1000000;319.2000000;318.8500000;318.9000000;2930
TATN;5;20160609;143500;318.9000000;319.0500000;318.6000000;318.7000000;6890
TATN;5;20160609;144000;318.7000000;319.0500000;318.5000000;319.0000000;5380
TATN;5;20160609;144500;318.6500000;318.9500000;318.6000000;318.6000000;910
TATN;5;20160609;145000;318.6000000;319.2500000;318.5000000;319.1000000;13180
TATN;5;20160609;145500;318.7500000;319.2500000;318.6000000;319.2000000;13110
TATN;5;20160609;150000;318.8000000;319.4000000;318.7000000;318.9500000;16310
TATN;5;20160609;150500;318.9500000;319.6000000;318.6000000;318.7500000;25960
TATN;5;20160609;151000;319.1000000;319.4000000;318.9500000;319.3000000;4990
TATN;5;20160609;151500;319.1000000;319.4500000;318.9000000;319.1500000;12320
TATN;5;20160609;152000;319.2500000;320.0500000;318.9000000;319.1000000;13960
TATN;5;20160609;152500;319.1000000;320.0000000;319.0500000;319.0500000;17240
TATN;5;20160609;153000;319.0500000;319.7000000;318.8000000;319.0000000;32520
TATN;5;20160609;153500;318.9000000;319.5500000;318.8500000;319.3000000;27590
TATN;5;20160609;154000;319.1000000;319.5500000;319.1000000;319.3000000;10010
TATN;5;20160609;154500;319.4500000;319.7500000;319.1000000;319.6500000;10160
TATN;5;20160609;155000;319.4000000;320.6000000;319.2500000;320.3500000;24900
TATN;5;20160609;155500;320.1000000;320.6000000;319.6000000;320.1000000;30150
TATN;5;20160609;160000;320.3500000;320.7500000;320.2500000;320.6500000;9020
TATN;5;20160609;160500;320.6000000;321.0000000;320.2500000;320.5000000;28590
TATN;5;20160609;161000;320.6000000;320.9000000;320.3500000;320.6500000;13740
TATN;5;20160609;161500;320.7500000;321.2000000;320.6000000;321.0000000;7270
TATN;5;20160609;162000;320.8500000;321.0000000;320.7000000;321.0000000;8160
TATN;5;20160609;162500;321.0000000;321.0000000;320.4500000;320.4500000;3440
TATN;5;20160609;163000;320.4500000;320.7500000;320.1000000;320.5000000;19240
TATN;5;20160609;163500;320.3500000;321.0500000;319.9000000;319.9000000;14980
TATN;5;20160609;164000;319.9000000;320.7000000;319.4500000;319.9000000;18730
TATN;5;20160609;164500;319.9500000;320.7500000;319.7500000;320.3000000;11020
TATN;5;20160609;165000;320.0500000;320.2000000;319.4500000;319.4500000;11140
TATN;5;20160609;165500;319.7000000;320.0500000;319.4000000;319.7000000;10980
TATN;5;20160609;170000;319.5500000;320.3500000;319.5000000;320.3000000;18340
TATN;5;20160609;170500;320.3000000;321.8500000;320.2500000;321.5000000;22160
TATN;5;20160609;171000;321.3000000;321.4500000;320.9000000;321.2500000;12530
TATN;5;20160609;171500;321.2500000;321.9500000;321.1000000;321.5000000;12230
TATN;5;20160609;172000;321.5000000;321.8500000;321.0500000;321.0500000;6320
TATN;5;20160609;172500;321.0000000;321.1000000;320.3500000;320.3500000;6340
TATN;5;20160609;173000;320.3000000;320.5000000;320.0000000;320.4000000;12550
TATN;5;20160609;173500;320.0500000;320.1500000;319.6000000;319.6000000;3220
TATN;5;20160609;174000;319.6000000;319.6500000;319.2000000;319.2000000;6770
TATN;5;20160609;174500;319.3500000;320.5500000;319.3000000;320.4000000;21580
TATN;5;20160609;175000;320.1500000;320.2500000;319.6500000;319.7500000;4900
TATN;5;20160609;175500;319.6000000;319.6000000;319.3000000;319.4000000;6730
TATN;5;20160609;180000;319.2000000;319.2000000;318.7000000;318.7000000;19980
TATN;5;20160609;180500;318.6500000;318.8000000;318.5500000;318.7000000;10360
TATN;5;20160609;181000;318.7000000;319.6500000;318.7000000;319.2000000;10790
TATN;5;20160609;181500;319.2000000;319.4000000;319.1000000;319.4000000;5880
TATN;5;20160609;182000;319.4000000;319.6000000;319.1000000;319.6000000;4360
TATN;5;20160609;182500;319.4000000;319.6500000;319.2000000;319.6500000;1810
TATN;5;20160609;183000;319.5000000;319.5000000;319.2500000;319.3500000;2880
TATN;5;20160609;183500;319.2500000;319.3500000;318.3000000;319.1000000;30720
TATN;5;20160609;184000;319.3500000;320.9500000;319.3500000;320.9500000;34150
TATN;5;20160609;185000;319.4000000;319.4000000;319.4000000;319.4000000;7060
TATN;5;20160610;100500;318.0500000;318.7500000;316.7000000;318.5000000;34930
TATN;5;20160610;101000;318.6500000;319.7000000;317.9000000;319.5000000;15910
TATN;5;20160610;101500;319.5000000;320.1000000;319.2500000;319.8500000;16650
TATN;5;20160610;102000;319.8500000;320.0000000;319.5500000;319.8000000;12620
TATN;5;20160610;102500;319.8000000;319.9500000;319.5500000;319.8000000;6710
TATN;5;20160610;103000;319.8000000;320.0000000;318.4500000;318.4500000;25280
TATN;5;20160610;103500;318.4500000;319.0000000;318.2000000;318.9000000;9840
TATN;5;20160610;104000;318.9500000;319.1500000;318.7500000;319.1000000;5790
TATN;5;20160610;104500;318.8000000;318.8000000;318.1500000;318.1500000;8000
TATN;5;20160610;105000;318.1500000;318.4500000;318.0000000;318.4500000;3990
TATN;5;20160610;105500;318.5000000;318.6000000;318.0500000;318.0500000;1310
TATN;5;20160610;110000;318.2000000;318.4000000;317.8000000;318.0000000;18690
TATN;5;20160610;110500;318.1000000;319.7500000;317.8000000;319.7000000;23430
TATN;5;20160610;111000;319.3500000;319.5000000;318.8000000;318.8500000;3180
TATN;5;20160610;111500;318.8500000;319.1000000;317.7000000;317.7000000;32010
TATN;5;20160610;112000;317.7500000;318.4500000;317.6500000;318.3000000;12430
TATN;5;20160610;112500;318.0500000;318.9500000;317.7000000;318.9500000;13870
TATN;5;20160610;113000;318.9000000;319.6500000;318.8000000;319.6500000;10710
TATN;5;20160610;113500;319.4000000;319.4500000;319.1000000;319.1000000;2150
TATN;5;20160610;114000;318.8500000;318.8500000;318.5000000;318.6500000;2330
TATN;5;20160610;114500;318.6500000;319.1500000;318.5000000;319.0000000;7330
TATN;5;20160610;115000;319.1000000;319.9000000;319.0500000;319.6500000;15230
TATN;5;20160610;115500;319.6500000;319.7500000;319.4000000;319.7000000;2630
TATN;5;20160610;120000;319.7000000;319.8000000;319.5500000;319.8000000;1870
TATN;5;20160610;120500;319.5500000;320.4500000;319.5500000;320.4500000;14830
TATN;5;20160610;121000;320.2500000;320.4500000;320.1500000;320.4500000;2670
TATN;5;20160610;121500;320.4500000;320.8000000;320.4500000;320.7000000;4370
TATN;5;20160610;122000;320.7000000;320.7000000;320.1000000;320.3000000;5550
TATN;5;20160610;122500;320.4500000;321.2500000;320.3000000;321.2000000;8570
TATN;5;20160610;123000;321.2000000;321.2500000;320.9500000;321.0000000;6520
TATN;5;20160610;123500;321.2000000;321.7500000;320.9500000;321.7000000;14860
TATN;5;20160610;124000;321.5000000;321.6000000;321.3500000;321.6000000;2820
TATN;5;20160610;124500;321.3000000;321.6000000;321.1000000;321.1500000;6380
TATN;5;20160610;125000;321.2000000;321.4000000;321.1000000;321.4000000;300
TATN;5;20160610;125500;321.3000000;321.3500000;320.5500000;320.5500000;4150
TATN;5;20160610;130000;320.7000000;320.8500000;320.2500000;320.7500000;7290
TATN;5;20160610;130500;320.6000000;321.1000000;320.4500000;320.6000000;10940
TATN;5;20160610;131000;320.9000000;320.9000000;320.6500000;320.9000000;940
TATN;5;20160610;131500;320.7000000;320.9000000;320.4000000;320.4500000;7700
TATN;5;20160610;132000;320.4500000;320.4500000;320.4500000;320.4500000;350
TATN;5;20160610;132500;320.4500000;320.9000000;320.3000000;320.6000000;6970
TATN;5;20160610;133000;320.6000000;321.2500000;320.2000000;321.2500000;14300
TATN;5;20160610;133500;321.0000000;321.7500000;321.0000000;321.7500000;6720
TATN;5;20160610;134000;321.5500000;322.4000000;321.5500000;321.9500000;8690
TATN;5;20160610;134500;322.0000000;322.1500000;321.3500000;321.3500000;6970
TATN;5;20160610;135000;320.9500000;320.9500000;320.1500000;320.2500000;5190
TATN;5;20160610;135500;320.1500000;320.5000000;319.5500000;319.5500000;17210
TATN;5;20160610;140000;319.6000000;319.6000000;318.5500000;319.1000000;9430
TATN;5;20160610;140500;319.1500000;319.2500000;319.1500000;319.2500000;1060
TATN;5;20160610;141000;319.2500000;319.7000000;319.2500000;319.4000000;1850
TATN;5;20160610;141500;319.4000000;319.7500000;318.6000000;318.9500000;30710
TATN;5;20160610;142000;319.0000000;319.4500000;318.6000000;319.3000000;9100
TATN;5;20160610;142500;319.3000000;319.9000000;319.2500000;319.7500000;4900
TATN;5;20160610;143000;319.9500000;320.0000000;319.2000000;319.8000000;7520
TATN;5;20160610;143500;319.8500000;319.9500000;319.2500000;319.7000000;2470
TATN;5;20160610;144000;319.9000000;320.0000000;319.5000000;319.8000000;2590
TATN;5;20160610;144500;319.8000000;319.8000000;317.8500000;318.0000000;35210
TATN;5;20160610;145000;317.8500000;319.5500000;317.4500000;319.5500000;20100
TATN;5;20160610;145500;319.5500000;319.5500000;318.5000000;318.5000000;6310
TATN;5;20160610;150000;318.5000000;319.0000000;317.5000000;317.5000000;20150
TATN;5;20160610;150500;317.9000000;318.1500000;317.7000000;317.7000000;7060
TATN;5;20160610;151000;317.6500000;318.0000000;317.5500000;317.6500000;5580
TATN;5;20160610;151500;317.9000000;318.0000000;317.5000000;317.8500000;9000
TATN;5;20160610;152000;317.8500000;318.2500000;317.8500000;318.2500000;5200
TATN;5;20160610;152500;318.5000000;318.8000000;317.9500000;317.9500000;8170
TATN;5;20160610;153000;318.1500000;318.1500000;317.5000000;317.5000000;9790
TATN;5;20160610;153500;317.7000000;317.7000000;317.2000000;317.2000000;7140
TATN;5;20160610;154000;317.4500000;317.4500000;316.1000000;316.4500000;17700
TATN;5;20160610;154500;316.3000000;316.5000000;315.8000000;315.8500000;9760
TATN;5;20160610;155000;316.0000000;316.3000000;315.7000000;315.7500000;18650
TATN;5;20160610;155500;315.7500000;316.2500000;315.5000000;315.7000000;5470
TATN;5;20160610;160000;315.7500000;316.3500000;315.7000000;316.1500000;970
TATN;5;20160610;160500;315.9500000;316.6500000;315.7500000;316.6500000;8570
TATN;5;20160610;161000;316.4500000;317.5000000;316.4500000;317.2500000;3530
TATN;5;20160610;161500;317.3000000;317.5000000;316.7500000;317.1500000;2660
TATN;5;20160610;162000;316.8500000;317.1500000;316.4500000;316.4500000;8950
TATN;5;20160610;162500;317.0000000;317.0000000;315.8000000;315.8500000;6770
TATN;5;20160610;163000;315.9000000;316.4500000;315.5000000;315.6500000;7970
TATN;5;20160610;163500;316.0000000;316.1000000;315.2500000;315.3500000;6790
TATN;5;20160610;164000;315.3500000;315.6500000;315.0000000;315.0000000;18770
TATN;5;20160610;164500;315.0000000;315.4500000;315.0000000;315.4500000;10750
TATN;5;20160610;165000;315.4500000;315.7000000;315.2500000;315.2500000;6940
TATN;5;20160610;165500;315.2500000;315.2500000;315.0000000;315.0000000;17650
TATN;5;20160610;170000;315.0500000;315.6000000;315.0500000;315.6000000;5730
TATN;5;20160610;170500;315.4000000;315.6500000;315.1500000;315.3000000;5610
TATN;5;20160610;171000;315.2000000;315.7500000;315.1500000;315.3500000;5740
TATN;5;20160610;171500;315.3500000;315.4000000;315.1000000;315.4000000;8510
TATN;5;20160610;172000;315.2500000;316.6500000;315.1500000;316.6500000;12790
TATN;5;20160610;172500;316.8000000;317.2000000;316.5000000;317.1000000;14890
TATN;5;20160610;173000;317.1500000;318.2500000;317.0000000;317.9500000;13040
TATN;5;20160610;173500;318.0000000;318.2000000;317.1000000;317.7000000;6850
TATN;5;20160610;174000;317.9000000;317.9000000;317.7000000;317.7000000;1030
TATN;5;20160610;174500;317.7000000;318.6000000;317.4000000;318.6000000;17330
TATN;5;20160610;175000;318.6000000;318.6500000;317.1000000;317.6000000;11530
TATN;5;20160610;175500;318.0000000;318.4500000;317.3000000;317.6000000;13760
TATN;5;20160610;180000;317.6000000;318.2500000;317.5000000;317.5000000;9040
TATN;5;20160610;180500;317.5000000;318.2500000;317.5000000;317.8500000;5240
TATN;5;20160610;181000;318.0500000;318.3000000;318.0500000;318.3000000;2370
TATN;5;20160610;181500;318.3000000;318.7000000;318.1000000;318.6000000;9900
TATN;5;20160610;182000;318.5000000;318.7000000;317.0000000;318.0000000;17280
TATN;5;20160610;182500;318.1500000;318.2500000;317.4000000;317.5000000;7950
TATN;5;20160610;183000;317.8000000;318.0000000;317.3500000;317.9000000;10590
TATN;5;20160610;183500;317.9000000;318.2000000;317.5500000;317.9500000;9970
TATN;5;20160610;184000;318.2000000;321.9000000;316.0500000;321.9000000;259590
TATN;5;20160610;185000;316.5000000;316.5000000;316.5000000;316.5000000;108240
TATN;5;20160614;100500;316.6500000;318.3500000;315.5000000;315.6500000;27940
TATN;5;20160614;101000;315.8500000;317.6500000;315.7500000;317.1500000;24510
TATN;5;20160614;101500;317.2500000;317.4500000;316.3000000;316.3000000;8620
TATN;5;20160614;102000;316.3500000;316.5500000;314.7000000;314.8500000;26050
TATN;5;20160614;102500;314.7000000;316.1500000;314.6000000;315.6000000;11710
TATN;5;20160614;103000;315.5500000;315.5500000;314.8000000;315.2500000;9130
TATN;5;20160614;103500;315.2500000;315.8500000;315.0500000;315.0500000;10910
TATN;5;20160614;104000;315.0000000;315.8500000;315.0000000;315.4000000;7840
TATN;5;20160614;104500;315.4000000;316.2500000;314.7500000;315.3500000;17410
TATN;5;20160614;105000;315.4000000;315.5500000;315.0500000;315.1500000;8210
TATN;5;20160614;105500;315.1000000;315.1500000;313.7000000;314.1500000;24080
TATN;5;20160614;110000;314.5000000;315.4000000;314.0500000;314.8500000;6480
TATN;5;20160614;110500;314.8500000;315.6500000;314.7000000;314.8500000;9540
TATN;5;20160614;111000;314.5000000;314.5000000;314.1500000;314.1500000;3850
TATN;5;20160614;111500;314.2000000;314.2000000;313.5000000;313.6000000;11970
TATN;5;20160614;112000;313.6000000;314.7500000;313.6000000;314.5000000;15820
TATN;5;20160614;112500;314.5000000;314.5000000;314.0000000;314.0000000;5240
TATN;5;20160614;113000;314.0500000;314.0500000;313.5000000;313.8500000;6800
TATN;5;20160614;113500;313.9000000;314.5000000;313.7500000;314.4000000;6600
TATN;5;20160614;114000;314.4500000;314.5000000;313.6500000;313.6500000;1040
TATN;5;20160614;114500;313.6000000;313.7000000;313.4000000;313.4500000;6020
TATN;5;20160614;115000;313.4000000;313.8500000;313.3500000;313.8500000;2720
TATN;5;20160614;115500;313.8500000;314.0500000;313.5500000;313.7000000;1900
TATN;5;20160614;120000;313.7000000;313.7000000;313.4000000;313.5500000;2190
TATN;5;20160614;120500;313.5500000;313.6500000;313.0000000;313.1000000;16220
TATN;5;20160614;121000;313.2500000;314.0500000;313.1000000;313.5000000;3240
TATN;5;20160614;121500;313.7500000;313.8500000;313.4000000;313.7500000;2910
TATN;5;20160614;122000;313.5500000;313.9500000;313.5500000;313.9500000;1810
TATN;5;20160614;122500;313.9000000;314.7500000;313.9000000;314.7000000;4160
TATN;5;20160614;123000;314.5500000;314.8000000;314.2500000;314.7000000;4470
TATN;5;20160614;123500;314.6000000;314.8500000;314.5000000;314.7000000;3570
TATN;5;20160614;124000;314.7000000;315.2500000;314.5500000;315.2000000;15030
TATN;5;20160614;124500;315.2000000;315.8000000;314.3500000;314.3500000;8330
TATN;5;20160614;125000;314.3500000;314.3500000;313.8000000;313.8500000;2150
TATN;5;20160614;125500;313.9500000;315.3500000;313.9500000;315.2500000;10590
TATN;5;20160614;130000;315.0000000;315.0000000;314.2000000;314.5500000;3640
TATN;5;20160614;130500;314.4500000;315.4500000;314.0000000;314.0500000;12690
TATN;5;20160614;131000;314.0500000;314.6000000;313.9500000;314.6000000;3650
TATN;5;20160614;131500;314.6000000;315.6500000;313.9000000;314.5000000;10680
TATN;5;20160614;132000;314.3000000;314.5000000;314.0500000;314.0500000;2880
TATN;5;20160614;132500;314.2500000;315.5000000;314.2500000;314.7500000;11820
TATN;5;20160614;133000;314.7500000;315.5000000;314.6000000;315.1500000;8570
TATN;5;20160614;133500;314.7500000;315.4000000;314.3500000;315.4000000;7350
TATN;5;20160614;134000;315.1500000;316.0000000;315.1500000;315.4000000;8450
TATN;5;20160614;134500;315.3500000;316.2000000;314.6000000;315.8000000;17610
TATN;5;20160614;135000;315.6000000;315.6000000;314.8000000;314.8500000;6200
TATN;5;20160614;135500;314.8500000;314.9500000;314.5500000;314.8000000;3570
TATN;5;20160614;140000;314.8000000;315.2500000;314.7500000;315.1500000;1590
TATN;5;20160614;140500;315.1000000;315.2500000;315.1000000;315.1000000;520
TATN;5;20160614;141000;315.1000000;316.4000000;314.6000000;316.1000000;22160
TATN;5;20160614;141500;316.3000000;316.3000000;315.0500000;315.0500000;5950
TATN;5;20160614;142000;315.1500000;316.0000000;315.1000000;315.7000000;3880
TATN;5;20160614;142500;315.6500000;316.5000000;315.6000000;316.2000000;12360
TATN;5;20160614;143000;316.2000000;316.8500000;316.0000000;316.2000000;13470
TATN;5;20160614;143500;315.8000000;316.8000000;315.8000000;316.8000000;4040
TATN;5;20160614;144000;316.8000000;317.0000000;316.5500000;316.8000000;3680
TATN;5;20160614;144500;316.8000000;317.0000000;316.6000000;316.6000000;2420
TATN;5;20160614;145000;316.6000000;317.4000000;316.6000000;317.0000000;8840
TATN;5;20160614;145500;316.9000000;317.3000000;316.8500000;317.0000000;5490
TATN;5;20160614;150000;316.7000000;317.3000000;316.6500000;316.9000000;6020
TATN;5;20160614;150500;316.6000000;316.9500000;315.5500000;316.4000000;13750
TATN;5;20160614;151000;316.3000000;316.5500000;316.0500000;316.5000000;4400
TATN;5;20160614;151500;316.6500000;316.7000000;316.3500000;316.6000000;660
TATN;5;20160614;152000;316.5000000;316.6000000;316.3500000;316.5000000;2060
TATN;5;20160614;152500;316.3500000;317.5500000;316.1000000;317.1500000;14420
TATN;5;20160614;153000;317.2500000;317.3500000;317.1500000;317.2500000;2020
TATN;5;20160614;153500;317.4500000;318.0000000;317.3500000;317.6000000;28520
TATN;5;20160614;154000;317.8500000;317.9000000;317.5000000;317.8000000;2060
TATN;5;20160614;154500;317.8000000;317.9500000;317.5500000;317.7000000;5830
TATN;5;20160614;155000;317.6500000;317.9500000;317.6000000;317.8000000;2060
TATN;5;20160614;155500;317.7000000;318.0000000;317.6000000;317.7000000;2800
TATN;5;20160614;160000;317.7000000;318.3000000;317.6000000;317.8000000;17130
TATN;5;20160614;160500;317.8000000;318.2500000;317.4500000;317.9000000;5890
TATN;5;20160614;161000;317.6000000;317.6000000;317.4500000;317.5000000;650
TATN;5;20160614;161500;317.5000000;317.5000000;317.2500000;317.3500000;2370
TATN;5;20160614;162000;317.5000000;318.4000000;317.5000000;317.9500000;8450
TATN;5;20160614;162500;317.9500000;317.9500000;317.5000000;317.6000000;7460
TATN;5;20160614;163000;317.6500000;318.4000000;317.6500000;318.2000000;4490
TATN;5;20160614;163500;318.4500000;319.5000000;318.4500000;319.2000000;20330
TATN;5;20160614;164000;319.1000000;319.8000000;319.1000000;319.5500000;18170
TATN;5;20160614;164500;319.5000000;320.5000000;319.4500000;319.7500000;22770
TATN;5;20160614;165000;319.5000000;320.2000000;319.1500000;319.8500000;17580
TATN;5;20160614;165500;319.8500000;320.0500000;318.1500000;318.8500000;18540
TATN;5;20160614;170000;318.7500000;320.8000000;318.7500000;320.7000000;9550
TATN;5;20160614;170500;320.8000000;321.9000000;319.6000000;320.8500000;32500
TATN;5;20160614;171000;320.8000000;321.4500000;320.4000000;321.2000000;17430
TATN;5;20160614;171500;321.3500000;321.6500000;319.5000000;319.9500000;8040
TATN;5;20160614;172000;319.9000000;320.4500000;319.1000000;319.1000000;6110
TATN;5;20160614;172500;319.4000000;321.2000000;319.4000000;320.7000000;12580
TATN;5;20160614;173000;320.7500000;320.7500000;319.4500000;319.6000000;10170
TATN;5;20160614;173500;319.7000000;319.8500000;319.0000000;319.1500000;2620
TATN;5;20160614;174000;319.0000000;319.0000000;318.3000000;318.5500000;8640
TATN;5;20160614;174500;318.8500000;320.0000000;318.2500000;318.3500000;15520
TATN;5;20160614;175000;318.5000000;319.0000000;318.1500000;318.5500000;9520
TATN;5;20160614;175500;318.5500000;318.6000000;318.2000000;318.2500000;1670
TATN;5;20160614;180000;318.2000000;318.2000000;318.0000000;318.0000000;3650
TATN;5;20160614;180500;318.0500000;318.6500000;317.5000000;318.6500000;7630
TATN;5;20160614;181000;318.8500000;319.2500000;318.5000000;319.1000000;4890
TATN;5;20160614;181500;319.1500000;319.1500000;317.7500000;317.8500000;9990
TATN;5;20160614;182000;317.8500000;318.2000000;317.6500000;318.0500000;8650
TATN;5;20160614;182500;318.3000000;318.6000000;318.0500000;318.6000000;6490
TATN;5;20160614;183000;318.6000000;318.6000000;317.9000000;317.9000000;8550
TATN;5;20160614;183500;317.9500000;320.4500000;317.9000000;320.3500000;20870
TATN;5;20160614;184000;320.4500000;321.7500000;318.7500000;321.7500000;102620
TATN;5;20160614;185000;322.0000000;322.0000000;322.0000000;322.0000000;95860
TATN;5;20160615;100500;320.8500000;320.8500000;319.0500000;320.3000000;31090
TATN;5;20160615;101000;320.1000000;320.3000000;319.0000000;319.3500000;18040
TATN;5;20160615;101500;319.3500000;320.3500000;318.9000000;320.3500000;10360
TATN;5;20160615;102000;320.3500000;322.2500000;319.9500000;322.0000000;22770
TATN;5;20160615;102500;322.0000000;323.0000000;320.8500000;321.3500000;37760
TATN;5;20160615;103000;321.4500000;321.6500000;319.8500000;320.0500000;21160
TATN;5;20160615;103500;319.8500000;320.4500000;318.4000000;319.1500000;49050
TATN;5;20160615;104000;319.1000000;320.6000000;319.0000000;319.5000000;18130
TATN;5;20160615;104500;319.7000000;321.0000000;319.3500000;319.9000000;42940
TATN;5;20160615;105000;319.7000000;320.4000000;319.2500000;319.5500000;41270
TATN;5;20160615;105500;319.5500000;320.0000000;319.0500000;319.9500000;9450
TATN;5;20160615;110000;319.9000000;320.0000000;319.2000000;319.2000000;8900
TATN;5;20160615;110500;319.3500000;320.9500000;319.2500000;320.0500000;12290
TATN;5;20160615;111000;320.0500000;320.9000000;319.4000000;320.5000000;39320
TATN;5;20160615;111500;320.6000000;321.2500000;320.0500000;321.0500000;24880
TATN;5;20160615;112000;321.0500000;321.4000000;321.0000000;321.1000000;2460
TATN;5;20160615;112500;320.9500000;321.0000000;320.7000000;320.7500000;2090
TATN;5;20160615;113000;320.7000000;320.7000000;320.0000000;320.5500000;5160
TATN;5;20160615;113500;320.5500000;321.8500000;320.5500000;321.8500000;13740
TATN;5;20160615;114000;321.8500000;322.9000000;321.7500000;322.9000000;23320
TATN;5;20160615;114500;322.9000000;323.3000000;322.4000000;322.5500000;12540
TATN;5;20160615;115000;322.8500000;323.9500000;322.8500000;323.3500000;18210
TATN;5;20160615;115500;323.4500000;323.9000000;323.1000000;323.8500000;6730
TATN;5;20160615;120000;323.8000000;324.1000000;323.1000000;323.1000000;18670
TATN;5;20160615;120500;323.4000000;324.4500000;323.3500000;324.0500000;7550
TATN;5;20160615;121000;324.1500000;324.5000000;323.8000000;324.2000000;12830
TATN;5;20160615;121500;324.2000000;325.0000000;323.9500000;325.0000000;45770
TATN;5;20160615;122000;324.9000000;325.0000000;324.4000000;324.4000000;14910
TATN;5;20160615;122500;324.4000000;325.0000000;324.2000000;324.4500000;19960
TATN;5;20160615;123000;324.6500000;325.0000000;324.5000000;324.7000000;6370
TATN;5;20160615;123500;324.6000000;324.8500000;324.1000000;324.5500000;11300
TATN;5;20160615;124000;324.4500000;324.8000000;323.5000000;324.3000000;59060
TATN;5;20160615;124500;324.3500000;324.8000000;323.8000000;323.8000000;25610
TATN;5;20160615;125000;323.7000000;323.8500000;323.0500000;323.0500000;13050
TATN;5;20160615;125500;323.2000000;324.0500000;322.9500000;323.4000000;10300
TATN;5;20160615;130000;323.5000000;324.1000000;323.1500000;324.0500000;8020
TATN;5;20160615;130500;324.1000000;324.2000000;323.8500000;323.8500000;2310
TATN;5;20160615;131000;323.8500000;323.9500000;323.1000000;323.9500000;12990
TATN;5;20160615;131500;323.9500000;324.5000000;323.2000000;323.7500000;17050
TATN;5;20160615;132000;323.7500000;323.9500000;323.1000000;323.6500000;13650
TATN;5;20160615;132500;323.6500000;324.0500000;323.1000000;323.6500000;10890
TATN;5;20160615;133000;323.6000000;323.7000000;322.6500000;322.6500000;7270
TATN;5;20160615;133500;322.6500000;323.3000000;322.3500000;322.8000000;5820
TATN;5;20160615;134000;323.0500000;323.5500000;322.5000000;322.5500000;7730
TATN;5;20160615;134500;322.5000000;322.5000000;322.1000000;322.1500000;6600
TATN;5;20160615;135000;322.3000000;322.4000000;322.1000000;322.1000000;3070
TATN;5;20160615;135500;322.1000000;322.1000000;321.3500000;321.4500000;6780
TATN;5;20160615;140000;321.5500000;321.9500000;321.1500000;321.1500000;6240
TATN;5;20160615;140500;321.1500000;321.3500000;320.1000000;320.9000000;17430
TATN;5;20160615;141000;320.6000000;321.2500000;320.6000000;321.1000000;3440
TATN;5;20160615;141500;321.0000000;321.6000000;320.3000000;321.1500000;10810
TATN;5;20160615;142000;321.2000000;322.0000000;321.0000000;321.6000000;20850
TATN;5;20160615;142500;321.6000000;321.6500000;320.9000000;321.6500000;5650
TATN;5;20160615;143000;321.5500000;321.7000000;321.2000000;321.2000000;2040
TATN;5;20160615;143500;321.4000000;321.7000000;321.1000000;321.7000000;3120
TATN;5;20160615;144000;321.7000000;321.8000000;321.0000000;321.0000000;2460
TATN;5;20160615;144500;320.9000000;321.5500000;320.4000000;321.0500000;15380
TATN;5;20160615;145000;321.2500000;322.1500000;320.9500000;321.4500000;13900
TATN;5;20160615;145500;321.6000000;322.1500000;320.6500000;320.6500000;7820
TATN;5;20160615;150000;321.0000000;322.1000000;320.8000000;321.5500000;10720
TATN;5;20160615;150500;321.5500000;323.6000000;321.5500000;323.2000000;57920
TATN;5;20160615;151000;322.9500000;323.9500000;322.6000000;323.3500000;55410
TATN;5;20160615;151500;323.3500000;323.9500000;322.6000000;322.8000000;80470
TATN;5;20160615;152000;322.8500000;323.2500000;322.5500000;322.6500000;98830
TATN;5;20160615;152500;322.8000000;323.2000000;322.2000000;322.6000000;68630
TATN;5;20160615;153000;322.6500000;323.5500000;322.6500000;323.3500000;47650
TATN;5;20160615;153500;323.4000000;323.9000000;323.2000000;323.5500000;46050
TATN;5;20160615;154000;323.5500000;323.8500000;323.3000000;323.3500000;46540
TATN;5;20160615;154500;323.4000000;323.8500000;322.6000000;323.1500000;58350
TATN;5;20160615;155000;323.1500000;324.2000000;323.0000000;323.8000000;43730
TATN;5;20160615;155500;323.8000000;324.4000000;323.4000000;323.4000000;41790
TATN;5;20160615;160000;323.6000000;324.2000000;323.5500000;323.7000000;44620
TATN;5;20160615;160500;323.8500000;323.9000000;323.2500000;323.4000000;8560
TATN;5;20160615;161000;323.3500000;324.0000000;323.2000000;323.2500000;6920
TATN;5;20160615;161500;323.3000000;323.3000000;321.4500000;322.0500000;24760
TATN;5;20160615;162000;321.8500000;322.3000000;321.8500000;322.3000000;1110
TATN;5;20160615;162500;322.1000000;322.3000000;322.1000000;322.1500000;2600
TATN;5;20160615;163000;322.1500000;322.9000000;322.1500000;322.6500000;5470
TATN;5;20160615;163500;322.6500000;323.4500000;322.6500000;323.1500000;4540
TATN;5;20160615;164000;323.2000000;323.3500000;322.7500000;322.9500000;6090
TATN;5;20160615;164500;322.8500000;323.2000000;322.3000000;322.3000000;15180
TATN;5;20160615;165000;322.3000000;322.3000000;322.0500000;322.1500000;3810
TATN;5;20160615;165500;322.1000000;322.4500000;321.9000000;321.9500000;16510
TATN;5;20160615;170000;321.7500000;322.2000000;321.4500000;321.7500000;21130
TATN;5;20160615;170500;322.0500000;323.1500000;322.0500000;322.4000000;12450
TATN;5;20160615;171000;322.9500000;323.7500000;322.9500000;323.4500000;5490
TATN;5;20160615;171500;323.4500000;323.6000000;322.4500000;323.1500000;27480
TATN;5;20160615;172000;323.1500000;323.8000000;322.8000000;323.4500000;21110
TATN;5;20160615;172500;323.4500000;324.4000000;323.4500000;324.3500000;15010
TATN;5;20160615;173000;324.2000000;324.9000000;324.2000000;324.8000000;17350
TATN;5;20160615;173500;324.8500000;324.9500000;324.0000000;324.0000000;19960
TATN;5;20160615;174000;324.0500000;324.2000000;323.8000000;323.8500000;2690
TATN;5;20160615;174500;323.9000000;323.9000000;323.6000000;323.6000000;2270
TATN;5;20160615;175000;323.6000000;323.6000000;323.0000000;323.0000000;4600
TATN;5;20160615;175500;323.0500000;323.8500000;323.0000000;323.8500000;2530
TATN;5;20160615;180000;323.6500000;323.9000000;323.6500000;323.6500000;1440
TATN;5;20160615;180500;323.8500000;324.0000000;323.5000000;324.0000000;2980
TATN;5;20160615;181000;323.8500000;324.1500000;323.8500000;324.0000000;1310
TATN;5;20160615;181500;323.8500000;324.0500000;323.7000000;324.0500000;4950
TATN;5;20160615;182000;324.0500000;324.5500000;323.7500000;323.7500000;8830
TATN;5;20160615;182500;323.7500000;324.2500000;323.7000000;324.2500000;5640
TATN;5;20160615;183000;324.2500000;324.4500000;324.0000000;324.3500000;5250
TATN;5;20160615;183500;324.3500000;324.5500000;323.3500000;323.3500000;13040
TATN;5;20160615;184000;323.3000000;324.7000000;323.3000000;324.7000000;43290
TATN;5;20160615;185000;323.4500000;323.4500000;323.4500000;323.4500000;43160
TATN;5;20160616;100500;321.4500000;322.2000000;321.1000000;321.6000000;20220
TATN;5;20160616;101000;321.5000000;321.5000000;320.2000000;320.7500000;21070
TATN;5;20160616;101500;320.9000000;321.3000000;320.2500000;320.4000000;6740
TATN;5;20160616;102000;320.2500000;321.4500000;319.6500000;320.5000000;29770
TATN;5;20160616;102500;320.4500000;320.9000000;320.1500000;320.6500000;7450
TATN;5;20160616;103000;320.4500000;321.1500000;319.8000000;321.1500000;14310
TATN;5;20160616;103500;320.9500000;322.4000000;320.9500000;321.5000000;25810
TATN;5;20160616;104000;321.3000000;322.0500000;321.1000000;321.5500000;8840
TATN;5;20160616;104500;321.4000000;322.5500000;321.0500000;322.5500000;16470
TATN;5;20160616;105000;322.5000000;322.7000000;322.1000000;322.4500000;6530
TATN;5;20160616;105500;322.3500000;322.6000000;322.0000000;322.6000000;15110
TATN;5;20160616;110000;322.5000000;322.8500000;321.5000000;321.9000000;11630
TATN;5;20160616;110500;321.5000000;321.9000000;318.0000000;319.5000000;108980
TATN;5;20160616;111000;319.5000000;320.2500000;318.7500000;319.8500000;26810
TATN;5;20160616;111500;319.5000000;320.6000000;319.0000000;319.7000000;18430
TATN;5;20160616;112000;319.5000000;319.8000000;318.2000000;318.9000000;52300
TATN;5;20160616;112500;319.0000000;319.0000000;317.8000000;317.8000000;60980
TATN;5;20160616;113000;317.9000000;318.2000000;317.6000000;317.9500000;22580
TATN;5;20160616;113500;318.1500000;318.2500000;317.5500000;317.6000000;12590
TATN;5;20160616;114000;317.6000000;317.6000000;316.7000000;317.4000000;30800
TATN;5;20160616;114500;317.8000000;317.8500000;316.5500000;316.5500000;39350
TATN;5;20160616;115000;316.5500000;317.3000000;316.4500000;316.7500000;18940
TATN;5;20160616;115500;316.9000000;317.0000000;316.5000000;316.6000000;10310
TATN;5;20160616;120000;316.5500000;316.6000000;316.2000000;316.5000000;11160
TATN;5;20160616;120500;316.3000000;316.9500000;315.9000000;316.7000000;38710
TATN;5;20160616;121000;317.0000000;317.2000000;316.6500000;316.6500000;6450
TATN;5;20160616;121500;317.0500000;318.2000000;316.1500000;317.2500000;42930
TATN;5;20160616;122000;317.2500000;317.2500000;316.0000000;316.7500000;23700
TATN;5;20160616;122500;316.8500000;317.3000000;316.3000000;317.3000000;10310
TATN;5;20160616;123000;317.6000000;317.7000000;316.7500000;316.7500000;7060
TATN;5;20160616;123500;316.8000000;317.3500000;316.5500000;316.8500000;11710
TATN;5;20160616;124000;317.0000000;317.6500000;316.7000000;317.6500000;3570
TATN;5;20160616;124500;317.8500000;318.1500000;317.7500000;318.1500000;910
TATN;5;20160616;125000;318.1000000;318.7000000;317.8000000;318.5500000;4730
TATN;5;20160616;125500;318.6000000;318.9000000;318.5500000;318.7000000;2780
TATN;5;20160616;130000;318.9000000;319.2000000;318.5500000;318.5500000;5870
TATN;5;20160616;130500;318.5500000;319.4000000;317.7000000;318.8500000;12780
TATN;5;20160616;131000;318.5000000;319.0500000;318.5000000;319.0000000;400
TATN;5;20160616;131500;319.0000000;319.0000000;318.6000000;318.8500000;2840
TATN;5;20160616;132000;318.8500000;319.1000000;318.2000000;319.1000000;9710
TATN;5;20160616;132500;319.1000000;319.2000000;318.5000000;318.7000000;6380
TATN;5;20160616;133000;319.0000000;319.0000000;318.0000000;318.6000000;8010
TATN;5;20160616;133500;318.6500000;319.2000000;318.5500000;319.0500000;6470
TATN;5;20160616;134000;319.2000000;319.6500000;318.7500000;319.4500000;10640
TATN;5;20160616;134500;319.4500000;319.4500000;318.7500000;319.2000000;7950
TATN;5;20160616;135000;319.1500000;319.7000000;318.6500000;319.7000000;11740
TATN;5;20160616;135500;319.4500000;319.8000000;319.3500000;319.8000000;2240
TATN;5;20160616;140000;319.7500000;319.9000000;318.4000000;318.7000000;6320
TATN;5;20160616;140500;318.7000000;319.6000000;318.7000000;319.6000000;2640
TATN;5;20160616;141000;319.1000000;319.4500000;318.1000000;318.6500000;12370
TATN;5;20160616;141500;318.6500000;318.6500000;317.2500000;317.9500000;10880
TATN;5;20160616;142000;318.1500000;318.5500000;318.0000000;318.1500000;2320
TATN;5;20160616;142500;318.1500000;318.2000000;317.1500000;317.5000000;14530
TATN;5;20160616;143000;317.1500000;317.5500000;316.6500000;316.6500000;14780
TATN;5;20160616;143500;316.6500000;317.2000000;316.6000000;317.2000000;5170
TATN;5;20160616;144000;317.2000000;317.7500000;317.2000000;317.7500000;6700
TATN;5;20160616;144500;317.7500000;317.7500000;316.6500000;316.6500000;10370
TATN;5;20160616;145000;316.6500000;316.9500000;316.1000000;316.9500000;30760
TATN;5;20160616;145500;316.4000000;316.7000000;316.2000000;316.5500000;6280
TATN;5;20160616;150000;316.6000000;317.0000000;316.6000000;316.8000000;2830
TATN;5;20160616;150500;317.3500000;317.3500000;317.2500000;317.2500000;70
TATN;5;20160616;151000;317.1500000;317.2500000;316.7000000;316.7000000;1200
TATN;5;20160616;151500;317.0000000;317.1500000;316.5500000;316.5500000;3730
TATN;5;20160616;152000;316.5500000;317.0500000;316.3500000;316.4000000;16000
TATN;5;20160616;152500;316.7500000;316.7500000;316.3000000;316.3500000;2620
TATN;5;20160616;153000;316.3500000;316.3500000;315.5500000;315.6500000;21590
TATN;5;20160616;153500;315.6500000;316.4000000;315.6000000;316.4000000;5320
TATN;5;20160616;154000;316.5000000;316.7000000;316.1500000;316.1500000;6010
TATN;5;20160616;154500;316.1500000;316.2500000;316.0500000;316.1500000;1720
TATN;5;20160616;155000;316.5000000;316.6000000;316.0500000;316.0500000;1490
TATN;5;20160616;155500;316.0500000;316.5000000;316.0000000;316.2500000;1940
TATN;5;20160616;160000;316.6000000;316.6000000;316.5500000;316.5500000;520
TATN;5;20160616;160500;316.3000000;316.8500000;316.2000000;316.3000000;1270
TATN;5;20160616;161000;316.4000000;316.9500000;316.2500000;316.6000000;5970
TATN;5;20160616;161500;316.6500000;316.7000000;316.2000000;316.5500000;2930
TATN;5;20160616;162000;316.3000000;316.9500000;316.2500000;316.7500000;990
TATN;5;20160616;162500;316.8500000;317.2500000;316.6500000;317.1000000;4170
TATN;5;20160616;163000;317.1000000;317.4000000;316.4500000;316.4500000;4430
TATN;5;20160616;163500;316.5500000;316.9000000;316.0500000;316.7500000;22860
TATN;5;20160616;164000;316.7000000;317.1000000;316.1500000;316.8000000;9020
TATN;5;20160616;164500;316.6000000;316.7500000;315.8000000;316.2500000;9300
TATN;5;20160616;165000;316.2500000;316.4500000;315.9500000;315.9500000;5610
TATN;5;20160616;165500;315.9000000;316.2500000;315.0500000;315.0500000;32240
TATN;5;20160616;170000;315.0000000;315.4000000;313.5000000;313.6000000;32090
TATN;5;20160616;170500;313.8000000;314.4000000;313.5000000;314.1500000;26040
TATN;5;20160616;171000;314.1000000;314.1000000;313.5000000;314.0000000;11100
TATN;5;20160616;171500;314.0000000;314.4000000;313.9500000;314.4000000;12490
TATN;5;20160616;172000;314.2000000;315.3000000;313.9500000;315.2500000;18830
TATN;5;20160616;172500;315.2500000;315.3500000;314.7500000;314.8500000;2170
TATN;5;20160616;173000;314.6500000;315.0000000;314.6500000;315.0000000;3880
TATN;5;20160616;173500;315.0000000;315.0000000;313.8500000;313.9500000;14480
TATN;5;20160616;174000;313.7000000;314.0500000;313.5000000;314.0000000;18240
TATN;5;20160616;174500;314.0000000;314.5000000;313.9000000;314.5000000;2110
TATN;5;20160616;175000;314.2000000;314.2500000;313.8500000;314.2500000;2180
TATN;5;20160616;175500;314.0500000;314.1000000;313.9500000;314.1000000;1330
TATN;5;20160616;180000;314.3500000;315.3000000;314.3500000;315.2000000;14020
TATN;5;20160616;180500;315.2000000;315.7000000;315.0000000;315.7000000;12750
TATN;5;20160616;181000;315.6500000;315.6500000;315.3500000;315.3500000;6200
TATN;5;20160616;181500;315.2000000;315.5000000;315.1500000;315.4000000;1600
TATN;5;20160616;182000;315.5000000;315.5500000;315.2000000;315.5500000;9150
TATN;5;20160616;182500;315.5500000;316.5000000;315.5500000;316.5000000;8150
TATN;5;20160616;183000;316.5000000;316.9500000;316.1000000;316.3000000;29280
TATN;5;20160616;183500;316.3000000;316.9000000;315.7000000;316.7500000;8670
TATN;5;20160616;184000;316.9000000;324.0000000;316.3000000;324.0000000;355270
TATN;5;20160616;185000;321.3000000;321.3000000;321.3000000;321.3000000;75160
TATN;5;20160617;100500;322.0000000;323.1500000;321.0000000;321.0000000;39820
TATN;5;20160617;101000;321.0000000;321.7000000;319.4000000;321.7000000;23150
TATN;5;20160617;101500;321.6500000;322.2000000;320.2500000;320.5000000;28120
TATN;5;20160617;102000;320.5500000;320.7500000;319.4000000;319.7500000;13570
TATN;5;20160617;102500;319.7500000;320.7000000;319.5000000;319.5000000;9680
TATN;5;20160617;103000;319.6000000;320.3000000;319.6000000;319.8000000;6750
TATN;5;20160617;103500;319.8000000;320.1000000;319.5500000;319.8000000;13750
TATN;5;20160617;104000;319.7500000;319.7500000;319.2000000;319.2000000;10930
TATN;5;20160617;104500;319.2500000;319.7000000;319.2500000;319.4000000;5300
TATN;5;20160617;105000;319.6500000;320.3000000;319.6500000;319.7000000;4370
TATN;5;20160617;105500;319.8500000;320.2500000;319.6000000;319.9500000;4840
TATN;5;20160617;110000;319.9000000;320.1500000;319.2000000;319.2000000;12380
TATN;5;20160617;110500;319.2500000;319.5500000;319.1000000;319.5500000;5250
TATN;5;20160617;111000;319.7000000;320.1000000;319.4000000;320.0500000;6940
TATN;5;20160617;111500;320.1000000;320.2000000;319.6000000;319.8000000;5760
TATN;5;20160617;112000;319.8500000;320.7000000;319.8500000;320.6500000;8450
TATN;5;20160617;112500;320.8000000;320.9000000;320.2500000;320.3500000;5840
TATN;5;20160617;113000;320.5500000;321.6000000;320.5000000;321.5500000;13090
TATN;5;20160617;113500;321.5500000;323.0000000;321.2500000;322.3500000;24260
TATN;5;20160617;114000;322.5000000;322.6500000;321.6500000;321.7000000;10610
TATN;5;20160617;114500;321.8500000;321.9500000;321.1000000;321.4000000;11510
TATN;5;20160617;115000;321.4000000;321.4000000;320.6500000;321.1000000;7240
TATN;5;20160617;115500;321.1000000;322.4500000;321.0000000;322.4500000;16000
TATN;5;20160617;120000;322.4500000;322.4500000;321.6500000;321.7000000;8980
TATN;5;20160617;120500;321.9500000;322.1500000;321.4500000;321.7500000;7850
TATN;5;20160617;121000;321.7500000;322.6000000;321.7500000;322.4500000;7580
TATN;5;20160617;121500;322.2000000;322.4500000;321.6500000;322.0000000;8110
TATN;5;20160617;122000;321.9500000;322.9000000;321.9500000;322.7500000;7970
TATN;5;20160617;122500;322.7500000;322.7500000;322.3500000;322.6000000;3630
TATN;5;20160617;123000;322.7500000;324.0000000;322.7500000;323.8000000;20020
TATN;5;20160617;123500;324.0000000;324.0000000;321.7000000;322.5000000;16650
TATN;5;20160617;124000;322.6500000;323.7500000;322.5000000;323.3500000;18260
TATN;5;20160617;124500;323.6000000;323.7500000;323.1500000;323.2500000;7080
TATN;5;20160617;125000;323.5000000;323.5000000;323.0500000;323.1500000;3740
TATN;5;20160617;125500;323.1500000;323.1500000;322.2000000;322.2000000;3160
TATN;5;20160617;130000;322.4500000;322.4500000;321.8500000;321.8500000;3820
TATN;5;20160617;130500;321.9000000;321.9500000;320.9000000;320.9000000;7910
TATN;5;20160617;131000;320.9000000;321.4000000;320.9000000;321.2000000;6000
TATN;5;20160617;131500;321.1000000;321.2000000;320.5500000;320.7000000;3580
TATN;5;20160617;132000;320.6000000;321.1500000;320.5000000;320.9500000;4540
TATN;5;20160617;132500;320.7000000;320.7000000;319.8000000;319.8000000;8270
TATN;5;20160617;133000;319.8000000;320.1500000;319.7500000;319.8500000;6970
TATN;5;20160617;133500;319.8000000;320.2000000;319.7000000;319.8500000;6900
TATN;5;20160617;134000;319.8500000;320.2000000;319.8500000;320.2000000;4310
TATN;5;20160617;134500;320.1500000;320.5000000;320.1500000;320.3500000;5950
TATN;5;20160617;135000;320.2000000;321.2000000;320.1500000;320.3000000;6510
TATN;5;20160617;135500;320.1500000;320.6000000;320.0000000;320.0000000;8930
TATN;5;20160617;140000;320.1000000;320.5000000;319.7500000;319.7500000;9810
TATN;5;20160617;140500;319.6500000;320.2500000;319.6000000;320.0500000;2680
TATN;5;20160617;141000;320.0000000;320.0500000;319.5000000;319.8500000;7540
TATN;5;20160617;141500;320.0000000;320.0000000;319.2500000;319.3500000;8970
TATN;5;20160617;142000;319.3500000;319.8000000;319.2500000;319.3500000;5730
TATN;5;20160617;142500;319.3500000;319.7500000;319.2000000;319.6000000;6550
TATN;5;20160617;143000;319.5500000;319.9500000;319.4000000;319.8500000;10150
TATN;5;20160617;143500;319.8500000;320.3000000;319.4000000;319.4000000;10560
TATN;5;20160617;144000;319.4000000;319.8500000;319.2500000;319.7000000;6550
TATN;5;20160617;144500;319.5500000;319.9500000;319.3500000;319.3500000;6180
TATN;5;20160617;145000;319.4500000;320.2000000;319.3000000;320.1000000;10940
TATN;5;20160617;145500;320.1000000;320.6500000;319.9000000;320.0000000;4650
TATN;5;20160617;150000;319.9500000;320.1000000;319.9000000;319.9000000;3220
TATN;5;20160617;150500;320.1000000;321.5500000;320.1000000;321.1000000;22710
TATN;5;20160617;151000;321.1000000;322.4000000;320.9000000;322.3500000;8860
TATN;5;20160617;151500;322.4000000;322.4000000;321.1000000;321.5000000;9810
TATN;5;20160617;152000;321.2500000;321.7000000;321.2500000;321.5500000;5660
TATN;5;20160617;152500;321.7500000;321.9500000;321.4500000;321.4500000;5540
TATN;5;20160617;153000;321.6000000;321.6500000;321.3000000;321.3000000;5320
TATN;5;20160617;153500;321.3000000;321.5000000;321.1000000;321.2500000;8620
TATN;5;20160617;154000;321.1000000;321.7000000;321.1000000;321.3000000;4860
TATN;5;20160617;154500;321.1000000;321.3000000;321.1000000;321.2000000;3310
TATN;5;20160617;155000;321.5500000;321.9000000;321.2500000;321.9000000;8950
TATN;5;20160617;155500;322.0000000;322.2000000;321.3000000;321.3500000;6970
TATN;5;20160617;160000;321.4500000;321.6500000;321.1500000;321.2000000;6940
TATN;5;20160617;160500;321.5000000;321.6500000;320.4500000;320.8500000;7470
TATN;5;20160617;161000;320.8500000;321.3500000;320.6500000;320.9000000;6310
TATN;5;20160617;161500;320.9000000;321.3500000;320.9000000;321.0500000;5360
TATN;5;20160617;162000;321.0500000;321.2000000;320.6500000;320.7000000;9910
TATN;5;20160617;162500;320.7000000;320.7500000;320.1500000;320.4000000;8320
TATN;5;20160617;163000;320.4000000;321.1000000;320.0500000;320.1000000;6880
TATN;5;20160617;163500;320.2000000;320.2000000;319.5000000;319.5000000;17240
TATN;5;20160617;164000;319.5000000;319.6500000;318.4000000;318.5000000;29080
TATN;5;20160617;164500;318.4500000;319.4500000;318.4500000;319.0500000;8540
TATN;5;20160617;165000;319.0500000;319.7500000;319.0000000;319.0500000;7380
TATN;5;20160617;165500;319.0000000;319.4000000;318.7000000;318.7000000;10820
TATN;5;20160617;170000;318.7000000;319.4500000;318.7000000;319.2000000;10120
TATN;5;20160617;170500;319.0000000;319.2000000;318.5000000;318.5000000;14790
TATN;5;20160617;171000;318.5000000;319.2500000;318.5000000;319.2500000;5270
TATN;5;20160617;171500;319.4000000;319.9500000;318.8500000;319.2500000;17210
TATN;5;20160617;172000;319.2500000;320.2000000;319.2500000;319.9500000;18770
TATN;5;20160617;172500;320.0000000;321.0500000;319.7000000;320.3000000;51070
TATN;5;20160617;173000;320.3000000;322.5500000;320.3000000;322.1500000;56550
TATN;5;20160617;173500;322.1500000;322.1500000;320.2500000;320.7000000;15390
TATN;5;20160617;174000;320.5000000;321.3500000;320.2000000;321.3500000;9310
TATN;5;20160617;174500;321.6000000;321.7500000;320.0000000;320.0000000;20490
TATN;5;20160617;175000;319.8000000;320.1000000;319.5500000;319.8000000;10890
TATN;5;20160617;175500;319.8000000;319.9500000;319.5500000;319.8500000;11230
TATN;5;20160617;180000;319.8500000;320.0500000;319.7500000;319.7500000;5680
TATN;5;20160617;180500;319.7500000;320.1000000;319.7500000;319.8500000;8650
TATN;5;20160617;181000;319.8500000;320.1000000;319.8000000;319.8500000;7420
TATN;5;20160617;181500;319.8500000;320.0000000;319.4000000;319.4000000;22000
TATN;5;20160617;182000;319.4500000;320.0500000;319.4000000;319.6000000;26300
TATN;5;20160617;182500;319.6000000;320.0500000;319.5000000;319.6500000;20210
TATN;5;20160617;183000;319.6500000;320.8500000;319.6500000;320.8000000;41580
TATN;5;20160617;183500;321.0000000;324.8000000;320.9000000;324.8000000;234150
TATN;5;20160617;184000;324.8000000;327.7500000;323.6000000;327.7500000;388660
TATN;5;20160617;185000;325.0500000;325.0500000;325.0500000;325.0500000;291980
TATN;5;20160620;100500;327.2500000;328.9000000;326.4000000;328.3500000;35920
TATN;5;20160620;101000;328.6000000;328.9000000;327.4000000;327.9000000;28870
TATN;5;20160620;101500;327.8000000;328.8000000;327.5500000;328.8000000;5830
TATN;5;20160620;102000;328.6500000;329.0000000;328.5500000;328.8000000;11570
TATN;5;20160620;102500;328.7500000;328.7500000;327.9000000;327.9000000;7000
TATN;5;20160620;103000;327.9500000;328.0500000;327.7500000;328.0500000;12670
TATN;5;20160620;103500;328.3000000;328.6000000;327.1500000;327.1500000;15920
TATN;5;20160620;104000;327.2500000;327.6500000;327.2500000;327.4500000;2690
TATN;5;20160620;104500;327.4500000;327.5500000;327.4000000;327.5500000;2960
TATN;5;20160620;105000;327.6000000;327.8000000;327.4500000;327.8000000;12990
TATN;5;20160620;105500;327.7000000;327.8000000;327.4000000;327.7500000;2760
TATN;5;20160620;110000;327.7000000;327.7000000;327.0000000;327.2000000;6810
TATN;5;20160620;110500;327.2000000;327.2000000;325.4500000;326.0000000;27670
TATN;5;20160620;111000;326.0000000;326.2500000;325.5000000;326.0000000;8460
TATN;5;20160620;111500;325.7500000;326.5500000;325.7500000;325.9000000;32800
TATN;5;20160620;112000;325.9000000;326.2000000;325.8500000;326.2000000;6500
TATN;5;20160620;112500;326.3000000;326.7500000;325.8000000;325.8000000;10950
TATN;5;20160620;113000;326.3500000;326.3500000;325.5000000;325.9000000;5250
TATN;5;20160620;113500;325.8500000;326.1500000;325.7500000;325.8500000;2370
TATN;5;20160620;114000;325.8500000;326.1500000;325.7000000;326.0000000;1840
TATN;5;20160620;114500;326.0000000;326.0000000;325.1500000;325.2000000;11570
TATN;5;20160620;115000;325.3500000;325.3500000;325.1500000;325.2500000;1210
TATN;5;20160620;115500;325.2500000;325.6500000;325.2500000;325.3500000;6390
TATN;5;20160620;120000;325.5500000;326.0500000;325.4000000;326.0000000;5990
TATN;5;20160620;120500;326.0500000;326.2000000;325.9000000;326.0500000;3100
TATN;5;20160620;121000;326.0500000;326.2000000;326.0000000;326.0000000;1600
TATN;5;20160620;121500;326.1000000;326.1000000;325.4500000;325.4500000;2880
TATN;5;20160620;122000;325.5000000;325.5000000;324.2000000;324.2000000;14240
TATN;5;20160620;122500;324.2000000;324.3500000;323.8000000;324.0500000;14090
TATN;5;20160620;123000;324.0500000;324.1000000;323.6500000;323.7500000;5610
TATN;5;20160620;123500;323.7500000;324.1000000;323.7000000;324.1000000;3830
TATN;5;20160620;124000;324.2000000;326.0000000;324.2000000;325.1500000;30550
TATN;5;20160620;124500;325.3000000;325.9500000;325.3000000;325.9500000;8950
TATN;5;20160620;125000;325.8000000;326.5000000;325.8000000;326.1500000;15170
TATN;5;20160620;125500;326.1500000;326.5500000;325.4500000;326.5500000;6490
TATN;5;20160620;130000;326.5000000;326.9000000;326.2000000;326.6500000;5360
TATN;5;20160620;130500;326.8000000;326.8500000;326.6500000;326.6500000;930
TATN;5;20160620;131000;326.6500000;326.8500000;326.6000000;326.8000000;2660
TATN;5;20160620;131500;326.8000000;326.9000000;326.6500000;326.6500000;1590
TATN;5;20160620;132000;326.7500000;326.9500000;326.7500000;326.9500000;2540
TATN;5;20160620;132500;326.9500000;327.1000000;326.7000000;327.1000000;3180
TATN;5;20160620;133000;326.8500000;326.9000000;326.5000000;326.6000000;3560
TATN;5;20160620;133500;326.9000000;327.2000000;326.7000000;327.0500000;2040
TATN;5;20160620;134000;327.1500000;327.3000000;326.6000000;326.6000000;3200
TATN;5;20160620;134500;326.6500000;326.6500000;326.6000000;326.6500000;1090
TATN;5;20160620;135000;326.7500000;326.7500000;325.3500000;325.4500000;24900
TATN;5;20160620;135500;325.4500000;325.6500000;325.4000000;325.6000000;980
TATN;5;20160620;140000;325.5500000;326.1000000;325.5500000;326.1000000;1750
TATN;5;20160620;140500;326.0000000;326.1000000;326.0000000;326.1000000;2130
TATN;5;20160620;141000;326.4000000;326.4500000;325.9000000;326.1500000;7700
TATN;5;20160620;141500;326.1500000;326.8000000;325.9500000;326.7500000;14250
TATN;5;20160620;142000;326.8000000;326.9000000;326.3000000;326.5000000;4620
TATN;5;20160620;142500;326.5500000;327.0000000;326.5500000;326.8000000;3900
TATN;5;20160620;143000;326.8000000;326.8000000;326.2500000;326.2500000;6020
TATN;5;20160620;143500;326.2000000;326.6000000;326.1000000;326.6000000;1180
TATN;5;20160620;144000;326.6000000;326.8000000;326.3000000;326.3000000;4610
TATN;5;20160620;144500;326.5000000;326.6000000;325.9500000;325.9500000;9920
TATN;5;20160620;145000;326.3500000;326.6500000;326.0000000;326.3500000;3090
TATN;5;20160620;145500;326.4000000;326.7500000;326.3000000;326.3000000;2800
TATN;5;20160620;150000;326.4500000;326.4500000;326.0500000;326.0500000;2220
TATN;5;20160620;150500;326.0500000;326.8000000;326.0500000;326.4000000;4140
TATN;5;20160620;151000;326.4000000;326.6500000;326.3000000;326.4500000;1620
TATN;5;20160620;151500;326.4500000;327.4000000;326.4500000;327.1500000;2850
TATN;5;20160620;152000;327.3500000;327.3500000;326.5500000;327.1500000;3100
TATN;5;20160620;152500;327.1500000;327.3500000;326.5000000;326.9500000;6770
TATN;5;20160620;153000;326.9500000;327.2500000;326.7500000;326.8500000;4070
TATN;5;20160620;153500;326.6500000;326.6500000;326.5500000;326.5500000;1080
TATN;5;20160620;154000;326.5500000;327.0000000;326.5500000;326.9000000;2730
TATN;5;20160620;154500;327.0000000;327.1500000;326.7500000;326.8500000;3210
TATN;5;20160620;155000;327.1500000;327.1500000;326.8000000;326.8000000;2050
TATN;5;20160620;155500;326.6000000;326.8000000;326.6000000;326.6500000;1060
TATN;5;20160620;160000;326.8000000;327.2500000;326.4500000;326.6500000;7610
TATN;5;20160620;160500;326.6500000;327.2000000;326.4000000;326.7500000;6890
TATN;5;20160620;161000;326.7500000;327.3000000;326.5000000;327.3000000;3770
TATN;5;20160620;161500;327.3000000;327.3000000;326.9000000;326.9000000;2320
TATN;5;20160620;162000;327.3000000;327.4500000;327.0500000;327.0500000;2730
TATN;5;20160620;162500;327.1000000;327.2000000;327.1000000;327.2000000;630
TATN;5;20160620;163000;327.4000000;327.6000000;327.4000000;327.6000000;4030
TATN;5;20160620;163500;327.6000000;328.0000000;327.6000000;327.9000000;3100
TATN;5;20160620;164000;327.9500000;328.0000000;327.5000000;328.0000000;3960
TATN;5;20160620;164500;327.7000000;328.3000000;327.7000000;328.0500000;2950
TATN;5;20160620;165000;328.0000000;328.4000000;327.9500000;328.4000000;6620
TATN;5;20160620;165500;328.4000000;328.5500000;328.1500000;328.1500000;1290
TATN;5;20160620;170000;328.1500000;328.7500000;328.1500000;328.7500000;6370
TATN;5;20160620;170500;328.7500000;328.9500000;328.6000000;328.9500000;5200
TATN;5;20160620;171000;328.9500000;328.9500000;328.5500000;328.8500000;6060
TATN;5;20160620;171500;328.8500000;328.9000000;328.3500000;328.4000000;3370
TATN;5;20160620;172000;328.8000000;328.9000000;328.2500000;328.5000000;5560
TATN;5;20160620;172500;328.6000000;328.9000000;328.3000000;328.3000000;8360
TATN;5;20160620;173000;328.7000000;328.7000000;328.3000000;328.3000000;2810
TATN;5;20160620;173500;328.6000000;328.6000000;327.6500000;327.9000000;8520
TATN;5;20160620;174000;328.0500000;328.0500000;327.7000000;327.7000000;3010
TATN;5;20160620;174500;327.9000000;328.4500000;327.7500000;328.2500000;4450
TATN;5;20160620;175000;328.3000000;328.6000000;328.0000000;328.3000000;5280
TATN;5;20160620;175500;328.3500000;328.6000000;328.2500000;328.2500000;2200
TATN;5;20160620;180000;328.4500000;328.8500000;328.4500000;328.5500000;4640
TATN;5;20160620;180500;328.8500000;328.9000000;328.6500000;328.7000000;2480
TATN;5;20160620;181000;328.8000000;329.0000000;328.8000000;329.0000000;11630
TATN;5;20160620;181500;329.0000000;329.4500000;328.9500000;329.3500000;8940
TATN;5;20160620;182000;329.3500000;329.5000000;328.8500000;329.1500000;6850
TATN;5;20160620;182500;329.1500000;329.5000000;329.0000000;329.2000000;4120
TATN;5;20160620;183000;329.4000000;329.5000000;329.1500000;329.3500000;4040
TATN;5;20160620;183500;329.3500000;329.3500000;329.1000000;329.2000000;2060
TATN;5;20160620;184000;329.2000000;329.2000000;328.5000000;328.6000000;7150
TATN;5;20160620;185000;329.2500000;329.2500000;329.2500000;329.2500000;12770
TATN;5;20160621;100500;328.8500000;328.8500000;327.2500000;328.1500000;15230
TATN;5;20160621;101000;327.8500000;327.8500000;327.1000000;327.5000000;7660
TATN;5;20160621;101500;327.6500000;327.8000000;327.1500000;327.2000000;3420
TATN;5;20160621;102000;327.1500000;327.5500000;327.1500000;327.5000000;13250
TATN;5;20160621;102500;327.5500000;327.6000000;327.1500000;327.3500000;4020
TATN;5;20160621;103000;327.3500000;327.6000000;327.1500000;327.3500000;3180
TATN;5;20160621;103500;327.3500000;327.6500000;327.1500000;327.1500000;4600
TATN;5;20160621;104000;327.1500000;327.4000000;326.7500000;327.0500000;9540
TATN;5;20160621;104500;327.0500000;327.5000000;327.0500000;327.4500000;1340
TATN;5;20160621;105000;327.5000000;327.5000000;326.9000000;327.4500000;10410
TATN;5;20160621;105500;327.3500000;327.5000000;327.0500000;327.3500000;6370
TATN;5;20160621;110000;327.3500000;327.3500000;326.5000000;326.5000000;15070
TATN;5;20160621;110500;326.5500000;326.8500000;325.3500000;325.6500000;10490
TATN;5;20160621;111000;325.8500000;325.8500000;325.2000000;325.3500000;7600
TATN;5;20160621;111500;325.6500000;326.0500000;325.6000000;326.0500000;330
TATN;5;20160621;112000;326.3500000;326.5000000;325.6000000;325.8000000;3840
TATN;5;20160621;112500;326.1000000;326.9500000;326.0500000;326.3500000;6680
TATN;5;20160621;113000;326.3500000;326.4000000;325.9500000;325.9500000;620
TATN;5;20160621;113500;326.0000000;326.0000000;325.8000000;325.8000000;1250
TATN;5;20160621;114000;325.6500000;325.6500000;325.3500000;325.6500000;3100
TATN;5;20160621;114500;325.4000000;325.4000000;325.4000000;325.4000000;10
TATN;5;20160621;115000;325.4500000;325.5500000;325.2000000;325.2000000;4650
TATN;5;20160621;115500;325.3000000;325.3000000;325.2500000;325.2500000;3010
TATN;5;20160621;120000;325.4500000;325.6000000;325.1500000;325.1500000;6870
TATN;5;20160621;120500;325.4000000;325.7000000;325.2000000;325.5500000;6050
TATN;5;20160621;121000;325.3000000;326.4500000;325.2500000;326.0000000;6160
TATN;5;20160621;121500;325.9000000;326.0000000;325.3000000;325.4500000;8120
TATN;5;20160621;122000;325.7000000;325.7000000;325.2500000;325.2500000;1350
TATN;5;20160621;122500;325.4500000;326.3000000;325.3500000;325.8000000;6260
TATN;5;20160621;123000;326.1000000;326.6000000;325.8000000;326.0500000;2380
TATN;5;20160621;123500;326.4000000;326.7500000;326.3000000;326.5500000;3370
TATN;5;20160621;124000;326.5500000;327.2000000;326.4500000;326.9500000;7370
TATN;5;20160621;124500;327.2500000;328.6500000;327.1000000;328.4000000;64090
TATN;5;20160621;125000;328.3500000;328.5000000;327.6000000;328.5000000;7950
TATN;5;20160621;125500;328.5000000;329.9000000;328.4000000;329.7000000;27070
TATN;5;20160621;130000;329.9000000;329.9500000;329.0500000;329.9000000;14960
TATN;5;20160621;130500;329.9000000;331.3000000;329.7500000;331.1500000;31020
TATN;5;20160621;131000;331.1500000;331.4500000;329.8500000;330.4000000;39000
TATN;5;20160621;131500;330.4000000;331.3000000;330.1500000;331.0000000;30250
TATN;5;20160621;132000;331.0000000;331.5500000;330.5500000;331.5500000;16340
TATN;5;20160621;132500;331.5500000;331.6500000;329.4500000;329.8500000;13770
TATN;5;20160621;133000;329.8500000;331.2500000;329.8500000;331.2500000;9780
TATN;5;20160621;133500;331.0500000;331.2500000;330.3500000;331.0000000;7680
TATN;5;20160621;134000;331.0000000;331.0000000;330.2000000;330.7000000;1260
TATN;5;20160621;134500;330.9000000;330.9000000;330.0500000;330.6000000;10000
TATN;5;20160621;135000;330.9000000;331.2500000;330.5500000;330.6500000;3310
TATN;5;20160621;135500;330.8500000;330.9000000;330.8500000;330.9000000;30
TATN;5;20160621;140000;330.5500000;330.7000000;330.5500000;330.6000000;700
TATN;5;20160621;140500;330.9500000;330.9500000;330.5500000;330.9000000;160
TATN;5;20160621;141000;330.8500000;330.8500000;329.9000000;329.9000000;2970
TATN;5;20160621;141500;329.8500000;329.8500000;328.8000000;329.2000000;6570
TATN;5;20160621;142000;329.3000000;329.6000000;329.3000000;329.4500000;230
TATN;5;20160621;142500;329.4000000;329.7000000;329.0500000;329.5500000;2410
TATN;5;20160621;143000;329.0500000;329.0500000;326.4000000;327.0500000;18680
TATN;5;20160621;143500;326.7500000;326.9000000;326.3500000;326.4000000;6640
TATN;5;20160621;144000;326.4500000;326.4500000;326.1000000;326.1000000;7270
TATN;5;20160621;144500;326.1000000;326.7500000;325.6000000;326.7500000;10860
TATN;5;20160621;145000;326.5000000;326.5000000;325.6500000;325.8500000;7530
TATN;5;20160621;145500;325.6500000;326.1000000;325.6500000;325.6500000;5690
TATN;5;20160621;150000;325.6500000;325.9500000;325.4000000;325.5500000;10430
TATN;5;20160621;150500;325.5000000;325.5500000;325.2500000;325.5500000;10090
TATN;5;20160621;151000;325.7000000;326.0000000;325.3500000;325.4000000;3610
TATN;5;20160621;151500;325.8000000;325.8000000;325.4000000;325.4500000;6910
TATN;5;20160621;152000;325.8500000;325.8500000;325.8500000;325.8500000;430
TATN;5;20160621;152500;325.6500000;325.9500000;325.6500000;325.9500000;530
TATN;5;20160621;153000;326.4000000;326.6500000;326.4000000;326.5000000;1820
TATN;5;20160621;153500;326.6000000;326.6000000;325.9000000;325.9000000;1710
TATN;5;20160621;154000;325.9000000;325.9000000;325.3500000;325.7500000;7800
TATN;5;20160621;154500;325.6000000;325.6000000;325.5000000;325.5000000;860
TATN;5;20160621;155000;325.7500000;325.8500000;325.5500000;325.5500000;780
TATN;5;20160621;155500;325.5500000;325.5500000;325.4000000;325.4000000;2480
TATN;5;20160621;160000;325.8500000;326.5500000;325.5500000;326.5000000;200
TATN;5;20160621;160500;326.1000000;326.1000000;325.6500000;325.6500000;1000
TATN;5;20160621;161000;325.7000000;325.7000000;325.4000000;325.4000000;1090
TATN;5;20160621;161500;326.0500000;326.6000000;325.8000000;326.5000000;1250
TATN;5;20160621;162000;326.6500000;326.9000000;326.2500000;326.6500000;390
TATN;5;20160621;162500;327.0000000;327.2000000;326.7000000;327.1000000;3040
TATN;5;20160621;163000;326.7500000;327.1000000;326.6000000;326.7000000;2670
TATN;5;20160621;163500;326.6000000;327.0500000;326.1000000;326.1000000;7900
TATN;5;20160621;164000;326.1000000;327.4000000;326.1000000;327.1000000;6590
TATN;5;20160621;164500;326.4000000;327.0500000;326.0500000;326.0500000;3370
TATN;5;20160621;165000;326.0500000;326.7000000;325.5000000;326.7000000;4070
TATN;5;20160621;165500;326.8000000;326.8500000;326.8000000;326.8500000;60
TATN;5;20160621;170000;327.3500000;327.3500000;326.5000000;326.8500000;1690
TATN;5;20160621;170500;327.0500000;327.1500000;325.5500000;325.5500000;13060
TATN;5;20160621;171000;325.5500000;325.5500000;324.5500000;324.6000000;60300
TATN;5;20160621;171500;324.8500000;325.2500000;324.7500000;325.0500000;3380
TATN;5;20160621;172000;325.2500000;325.3000000;324.9000000;325.3000000;6360
TATN;5;20160621;172500;325.2500000;325.3000000;324.1000000;324.5000000;12790
TATN;5;20160621;173000;324.3000000;324.8500000;324.1500000;324.1500000;3870
TATN;5;20160621;173500;324.6000000;325.0000000;324.6000000;325.0000000;1150
TATN;5;20160621;174000;324.8000000;325.0000000;324.7000000;324.7000000;7310
TATN;5;20160621;174500;324.7000000;324.7000000;324.2000000;324.3500000;24550
TATN;5;20160621;175000;324.5000000;325.0000000;324.5000000;324.8500000;4000
TATN;5;20160621;175500;324.6000000;325.2000000;324.6000000;325.0000000;2170
TATN;5;20160621;180000;324.9500000;325.0000000;324.8000000;325.0000000;27200
TATN;5;20160621;180500;325.0000000;325.0000000;324.8500000;325.0000000;40120
TATN;5;20160621;181000;325.0000000;326.7500000;325.0000000;326.7500000;22310
TATN;5;20160621;181500;326.1500000;327.1500000;326.1500000;326.7500000;18910
TATN;5;20160621;182000;327.1000000;327.4500000;326.3000000;327.2500000;14300
TATN;5;20160621;182500;327.2500000;327.8500000;326.8000000;327.2000000;11730
TATN;5;20160621;183000;327.3000000;327.7000000;326.8000000;327.0000000;7960
TATN;5;20160621;183500;326.7500000;327.3500000;325.6000000;326.5000000;33340
TATN;5;20160621;184000;326.4500000;326.5000000;320.1000000;322.6500000;331330
TATN;5;20160621;185000;322.8500000;322.8500000;322.8500000;322.8500000;96680
TATN;5;20160622;100500;324.8000000;325.9500000;324.4500000;325.9000000;48580
TATN;5;20160622;101000;325.9000000;326.7500000;325.6000000;326.7000000;24960
TATN;5;20160622;101500;326.7500000;326.7500000;325.2500000;325.2500000;23650
TATN;5;20160622;102000;325.4500000;326.5000000;324.8500000;326.4500000;15880
TATN;5;20160622;102500;326.4500000;326.5000000;326.1500000;326.3000000;3110
TATN;5;20160622;103000;326.3000000;326.3500000;325.7000000;326.3000000;2940
TATN;5;20160622;103500;326.3000000;326.3000000;325.9000000;326.2000000;2490
TATN;5;20160622;104000;326.2000000;326.2500000;325.2500000;325.8500000;18070
TATN;5;20160622;104500;325.8500000;326.1000000;325.6000000;326.0000000;3360
TATN;5;20160622;105000;326.0000000;326.3500000;325.1000000;325.5500000;16990
TATN;5;20160622;105500;325.5500000;325.5500000;324.8000000;325.1000000;9200
TATN;5;20160622;110000;325.1000000;325.1000000;324.2500000;324.4500000;7580
TATN;5;20160622;110500;324.4500000;324.6000000;323.7000000;323.8500000;8150
TATN;5;20160622;111000;324.1000000;324.1000000;323.6000000;323.8500000;1330
TATN;5;20160622;111500;323.8500000;324.5000000;323.5500000;324.5000000;2780
TATN;5;20160622;112000;324.5000000;325.4000000;324.2000000;324.2000000;9330
TATN;5;20160622;112500;324.2000000;325.8500000;324.0000000;325.7000000;2700
TATN;5;20160622;113000;325.8000000;326.3500000;325.4000000;326.3500000;8680
TATN;5;20160622;113500;326.3500000;326.3500000;325.7000000;325.9500000;1320
TATN;5;20160622;114000;325.9500000;326.1000000;325.6000000;325.9500000;6530
TATN;5;20160622;114500;325.9500000;325.9500000;325.4500000;325.7500000;4610
TATN;5;20160622;115000;325.7500000;325.7500000;325.4500000;325.7500000;1710
TATN;5;20160622;115500;325.7500000;325.9000000;325.5000000;325.5000000;3530
TATN;5;20160622;120000;325.7000000;325.9000000;325.7000000;325.9000000;2580
TATN;5;20160622;120500;325.9000000;325.9500000;325.6000000;325.9500000;3520
TATN;5;20160622;121000;325.9500000;326.9000000;325.9500000;326.8500000;21340
TATN;5;20160622;121500;326.8500000;326.8500000;326.5500000;326.7500000;540
TATN;5;20160622;122000;326.7500000;326.7500000;325.7000000;325.7000000;8350
TATN;5;20160622;122500;326.0500000;326.0500000;325.0000000;325.3000000;2250
TATN;5;20160622;123000;325.3000000;325.8500000;325.3000000;325.8500000;2430
TATN;5;20160622;123500;325.8500000;326.2500000;325.8500000;326.2500000;2660
TATN;5;20160622;124000;326.3000000;327.2000000;326.3000000;327.1000000;11790
TATN;5;20160622;124500;327.1500000;327.5000000;327.0000000;327.5000000;5030
TATN;5;20160622;125000;327.5000000;327.8500000;327.3000000;327.3500000;12130
TATN;5;20160622;125500;327.3500000;327.7000000;327.1500000;327.6500000;3980
TATN;5;20160622;130000;327.6500000;327.8000000;326.6500000;326.6500000;9760
TATN;5;20160622;130500;327.1000000;327.1000000;326.4000000;326.8000000;2950
TATN;5;20160622;131000;326.8000000;326.8000000;326.1500000;326.8000000;3000
TATN;5;20160622;131500;326.8000000;327.0000000;326.8000000;327.0000000;2600
TATN;5;20160622;132000;327.0000000;327.0500000;326.4000000;326.7500000;560
TATN;5;20160622;132500;326.7500000;326.7500000;326.3500000;326.6500000;3260
TATN;5;20160622;133000;326.6500000;327.1500000;326.3500000;327.1500000;2580
TATN;5;20160622;133500;326.9000000;327.2000000;326.3500000;326.3500000;3220
TATN;5;20160622;134000;326.5000000;327.5000000;326.5000000;327.5000000;7970
TATN;5;20160622;134500;327.4500000;327.4500000;327.1500000;327.4000000;700
TATN;5;20160622;135000;327.4000000;327.4500000;326.5500000;326.7500000;7190
TATN;5;20160622;135500;326.7500000;327.3000000;326.7500000;327.1000000;7180
TATN;5;20160622;140000;327.1000000;327.3000000;326.6000000;327.2500000;2540
TATN;5;20160622;140500;327.2500000;327.3000000;327.0000000;327.2000000;6980
TATN;5;20160622;141000;327.2000000;327.2000000;326.5500000;326.8500000;2040
TATN;5;20160622;141500;326.9000000;327.1000000;326.4000000;326.9000000;2120
TATN;5;20160622;142000;326.9000000;326.9500000;326.8000000;326.9000000;630
TATN;5;20160622;142500;326.9000000;327.1000000;326.7000000;327.0500000;690
TATN;5;20160622;143000;327.0500000;327.0500000;326.5500000;326.9000000;1060
TATN;5;20160622;143500;326.9000000;327.2000000;326.6000000;327.1000000;1060
TATN;5;20160622;144000;327.1000000;327.1000000;326.1500000;326.4000000;5830
TATN;5;20160622;144500;326.2000000;326.5500000;326.0500000;326.5500000;2220
TATN;5;20160622;145000;326.5500000;326.8000000;326.1500000;326.8000000;1340
TATN;5;20160622;145500;326.8000000;327.0500000;326.4000000;327.0500000;2460
TATN;5;20160622;150000;327.0500000;327.0500000;326.6000000;326.9500000;1610
TATN;5;20160622;150500;326.7000000;327.0000000;326.7000000;327.0000000;180
TATN;5;20160622;151000;326.9000000;327.3000000;326.7500000;327.3000000;3440
TATN;5;20160622;151500;327.1500000;327.3000000;327.0500000;327.3000000;230
TATN;5;20160622;152000;327.3000000;327.4000000;327.0500000;327.4000000;2710
TATN;5;20160622;152500;327.4000000;327.4000000;326.9500000;327.0000000;2900
TATN;5;20160622;153000;326.8000000;327.3500000;326.8000000;326.9500000;830
TATN;5;20160622;153500;326.9000000;327.3500000;326.9000000;326.9000000;800
TATN;5;20160622;154000;327.1000000;327.4500000;326.7500000;326.7500000;1760
TATN;5;20160622;154500;327.0000000;327.2000000;326.6000000;326.9000000;4500
TATN;5;20160622;155000;326.8500000;327.1500000;326.1500000;326.5500000;11150
TATN;5;20160622;155500;326.5500000;326.8500000;326.4000000;326.4000000;980
TATN;5;20160622;160000;326.5500000;326.8000000;326.2500000;326.5500000;2370
TATN;5;20160622;160500;326.4000000;327.3000000;326.4000000;327.3000000;13800
TATN;5;20160622;161000;327.3500000;327.7000000;327.0500000;327.3000000;8850
TATN;5;20160622;161500;327.3500000;327.4000000;327.1500000;327.1500000;380
TATN;5;20160622;162000;327.0500000;327.5000000;327.0500000;327.2500000;2690
TATN;5;20160622;162500;327.5500000;327.6000000;327.2000000;327.2000000;3370
TATN;5;20160622;163000;327.2000000;327.6000000;327.1500000;327.6000000;3280
TATN;5;20160622;163500;327.4000000;327.9500000;327.4000000;327.8000000;5960
TATN;5;20160622;164000;327.7000000;327.7000000;326.8500000;327.5500000;13490
TATN;5;20160622;164500;327.5500000;327.8500000;327.2000000;327.5000000;1970
TATN;5;20160622;165000;327.5000000;328.0000000;327.3500000;328.0000000;7920
TATN;5;20160622;165500;327.9000000;328.5000000;327.9000000;328.5000000;9010
TATN;5;20160622;170000;328.2000000;328.3500000;327.7500000;327.7500000;5280
TATN;5;20160622;170500;327.7000000;327.7000000;327.5000000;327.5000000;4810
TATN;5;20160622;171000;327.5000000;327.5000000;327.2000000;327.3000000;930
TATN;5;20160622;171500;327.2000000;327.4000000;327.0000000;327.0000000;1970
TATN;5;20160622;172000;327.0500000;327.1000000;327.0000000;327.1000000;960
TATN;5;20160622;172500;327.1000000;327.3500000;327.0500000;327.1000000;360
TATN;5;20160622;173000;327.1000000;328.0500000;327.1000000;327.7500000;6830
TATN;5;20160622;173500;327.7000000;327.7000000;327.0500000;327.1500000;5420
TATN;5;20160622;174000;327.1500000;327.1500000;326.1500000;326.1500000;13810
TATN;5;20160622;174500;326.1500000;327.6000000;326.1500000;327.1500000;17730
TATN;5;20160622;175000;327.1500000;327.1500000;326.1500000;326.2500000;8250
TATN;5;20160622;175500;326.2500000;326.8500000;326.2000000;326.2000000;1610
TATN;5;20160622;180000;326.2500000;326.2500000;325.1500000;325.3000000;13300
TATN;5;20160622;180500;325.2500000;325.5000000;324.8000000;324.8000000;7220
TATN;5;20160622;181000;324.7000000;325.0500000;324.2500000;324.3000000;7970
TATN;5;20160622;181500;324.3000000;324.6000000;324.0000000;324.3500000;6590
TATN;5;20160622;182000;324.1500000;324.4500000;323.8500000;324.3000000;11880
TATN;5;20160622;182500;324.0500000;324.4500000;323.8000000;324.1000000;9880
TATN;5;20160622;183000;324.1000000;326.3500000;324.1000000;326.3500000;15470
TATN;5;20160622;183500;326.0000000;326.2000000;323.8500000;323.8500000;43540
TATN;5;20160622;184000;323.9500000;325.8000000;323.9000000;324.2000000;33310
TATN;5;20160622;185000;327.2500000;327.2500000;327.2500000;327.2500000;102000
TATN;5;20160623;100500;326.2500000;326.5000000;324.4500000;324.4500000;14330
TATN;5;20160623;101000;324.4500000;325.0000000;324.1500000;324.1500000;26280
TATN;5;20160623;101500;324.1500000;325.2500000;324.0000000;324.8500000;8260
TATN;5;20160623;102000;325.0500000;325.4500000;324.0500000;325.4500000;11700
TATN;5;20160623;102500;325.5000000;325.8500000;324.5500000;325.6000000;4000
TATN;5;20160623;103000;324.9500000;326.1000000;324.5500000;324.6000000;10920
TATN;5;20160623;103500;324.6000000;325.3500000;324.1500000;324.5500000;31620
TATN;5;20160623;104000;324.6500000;325.0000000;324.1000000;324.2500000;16950
TATN;5;20160623;104500;324.2500000;324.9500000;324.0500000;324.9000000;7700
TATN;5;20160623;105000;324.9500000;324.9500000;323.7000000;324.0500000;16290
TATN;5;20160623;105500;323.8500000;324.7000000;323.6500000;324.4500000;21010
TATN;5;20160623;110000;324.7000000;325.1000000;324.5000000;324.6500000;6320
TATN;5;20160623;110500;324.6500000;324.9500000;324.4500000;324.9500000;2500
TATN;5;20160623;111000;324.8000000;325.0500000;324.1000000;324.1000000;4080
TATN;5;20160623;111500;324.1500000;324.9500000;324.1500000;324.5000000;2440
TATN;5;20160623;112000;324.4000000;324.7000000;324.1500000;324.1500000;5740
TATN;5;20160623;112500;324.1500000;324.6500000;323.7000000;324.2000000;13250
TATN;5;20160623;113000;324.0000000;325.1000000;324.0000000;325.0500000;12060
TATN;5;20160623;113500;325.1500000;325.6500000;324.9000000;325.1000000;13850
TATN;5;20160623;114000;325.4000000;325.4000000;325.0500000;325.1500000;1510
TATN;5;20160623;114500;325.1500000;325.5500000;325.1000000;325.2500000;440
TATN;5;20160623;115000;325.5000000;325.7000000;325.2500000;325.5000000;1330
TATN;5;20160623;115500;325.4000000;325.7000000;325.4000000;325.7000000;1950
TATN;5;20160623;120000;325.5000000;325.8500000;325.5000000;325.8500000;2670
TATN;5;20160623;120500;325.9500000;326.0000000;325.6500000;325.8000000;2490
TATN;5;20160623;121000;325.9500000;326.5000000;325.8000000;326.2000000;5340
TATN;5;20160623;121500;326.2500000;326.6000000;326.2500000;326.3500000;1260
TATN;5;20160623;122000;326.3500000;327.2000000;326.3500000;327.1500000;9560
TATN;5;20160623;122500;327.2500000;327.5000000;326.9500000;327.3500000;4230
TATN;5;20160623;123000;327.0500000;327.9000000;327.0500000;327.4500000;1820
TATN;5;20160623;123500;327.4000000;328.0500000;327.4000000;327.6000000;7530
TATN;5;20160623;124000;327.9000000;328.5000000;327.9000000;328.4000000;7820
TATN;5;20160623;124500;328.1500000;328.6000000;328.0500000;328.6000000;3520
TATN;5;20160623;125000;328.1500000;328.9000000;328.0000000;328.7500000;19080
TATN;5;20160623;125500;328.7000000;329.0000000;328.5000000;328.9000000;6120
TATN;5;20160623;130000;328.9500000;329.2500000;328.7500000;328.8000000;12190
TATN;5;20160623;130500;328.6500000;329.6000000;328.6500000;329.3500000;12900
TATN;5;20160623;131000;329.4000000;330.0000000;329.4000000;330.0000000;23490
TATN;5;20160623;131500;330.0000000;330.0000000;329.6500000;329.6500000;11270
TATN;5;20160623;132000;329.5500000;329.9500000;329.5500000;329.8500000;23440
TATN;5;20160623;132500;329.5500000;329.5500000;329.2500000;329.2500000;10070
TATN;5;20160623;133000;329.2500000;329.7000000;329.2500000;329.3500000;10130
TATN;5;20160623;133500;329.4000000;329.7000000;329.2500000;329.3500000;1870
TATN;5;20160623;134000;329.4000000;329.5000000;329.1500000;329.1500000;740
TATN;5;20160623;134500;329.1500000;329.1500000;328.8000000;328.9000000;1030
TATN;5;20160623;135000;328.9000000;328.9000000;328.5000000;328.5500000;3360
TATN;5;20160623;135500;328.8500000;329.2500000;328.6500000;328.9500000;4890
TATN;5;20160623;140000;329.0000000;329.4000000;328.8500000;329.1500000;6130
TATN;5;20160623;140500;329.1000000;329.3500000;328.9500000;329.0000000;6540
TATN;5;20160623;141000;329.3500000;329.7000000;329.0500000;329.5500000;3060
TATN;5;20160623;141500;329.4500000;330.0000000;329.4500000;329.9500000;17010
TATN;5;20160623;142000;330.0000000;331.2000000;330.0000000;331.0000000;46780
TATN;5;20160623;142500;330.9500000;331.8000000;330.6000000;331.3000000;17350
TATN;5;20160623;143000;331.3000000;331.3000000;330.4500000;330.4500000;3440
TATN;5;20160623;143500;330.4500000;330.7000000;330.4500000;330.7000000;160
TATN;5;20160623;144000;330.8500000;331.1500000;330.1500000;330.1500000;3590
TATN;5;20160623;144500;330.2500000;330.3500000;330.2500000;330.3000000;290
TATN;5;20160623;145000;330.3000000;330.3500000;330.3000000;330.3000000;890
TATN;5;20160623;145500;330.7500000;330.7500000;329.9500000;329.9500000;2520
TATN;5;20160623;150000;329.8500000;329.8500000;329.0500000;329.1000000;3180
TATN;5;20160623;150500;329.0500000;329.4000000;329.0500000;329.1000000;1650
TATN;5;20160623;151000;329.3500000;329.8000000;329.1000000;329.6000000;10540
TATN;5;20160623;151500;329.4000000;329.6500000;329.3500000;329.3500000;1320
TATN;5;20160623;152000;329.3500000;330.1000000;329.3500000;329.9500000;5120
TATN;5;20160623;152500;330.2500000;330.8000000;330.0500000;330.1000000;10360
TATN;5;20160623;153000;329.7500000;330.1500000;329.6000000;330.0000000;970
TATN;5;20160623;153500;329.6000000;329.8500000;329.1500000;329.1500000;1450
TATN;5;20160623;154000;329.1500000;329.2000000;329.0500000;329.0500000;4790
TATN;5;20160623;154500;329.0500000;329.1500000;328.7000000;328.8500000;9070
TATN;5;20160623;155000;328.8500000;330.0000000;328.7000000;329.3000000;13650
TATN;5;20160623;155500;329.6500000;329.7500000;329.3000000;329.3000000;4020
TATN;5;20160623;160000;329.8000000;330.6000000;329.4500000;329.9000000;7890
TATN;5;20160623;160500;329.9000000;329.9000000;329.1500000;329.1500000;2200
TATN;5;20160623;161000;329.4000000;329.8000000;329.2000000;329.2000000;4640
TATN;5;20160623;161500;329.1000000;329.7500000;329.0500000;329.0500000;4600
TATN;5;20160623;162000;329.0000000;329.4500000;328.8500000;328.8500000;310
TATN;5;20160623;162500;328.8500000;328.8500000;328.5500000;328.8500000;6510
TATN;5;20160623;163000;328.9500000;328.9500000;328.7000000;328.7000000;2430
TATN;5;20160623;163500;328.7000000;329.0000000;328.6500000;328.6500000;5900
TATN;5;20160623;164000;328.6500000;328.7500000;328.6000000;328.6500000;2390
TATN;5;20160623;164500;328.6000000;328.9500000;328.5000000;328.8500000;3130
TATN;5;20160623;165000;329.0000000;329.0000000;328.5500000;328.5500000;13410
TATN;5;20160623;165500;328.6000000;328.9000000;328.0000000;328.0000000;29840
TATN;5;20160623;170000;328.0000000;328.7500000;328.0000000;328.3500000;7210
TATN;5;20160623;170500;328.6000000;329.0000000;328.5500000;328.7000000;48350
TATN;5;20160623;171000;328.6500000;328.9000000;328.5000000;328.6500000;940
TATN;5;20160623;171500;328.7000000;329.0000000;328.6000000;328.6000000;25750
TATN;5;20160623;172000;328.6000000;328.8500000;328.1500000;328.1500000;1260
TATN;5;20160623;172500;328.1000000;328.7500000;328.1000000;328.6000000;2030
TATN;5;20160623;173000;328.2500000;329.0000000;328.2500000;329.0000000;9900
TATN;5;20160623;173500;328.8000000;328.8000000;328.0000000;328.1500000;10760
TATN;5;20160623;174000;328.3000000;328.3500000;328.0500000;328.2500000;2640
TATN;5;20160623;174500;328.2500000;328.2500000;327.2000000;327.5500000;24210
TATN;5;20160623;175000;327.5500000;327.8000000;327.0500000;327.3000000;19080
TATN;5;20160623;175500;327.3000000;327.4500000;327.2000000;327.3000000;1520
TATN;5;20160623;180000;327.3500000;327.8500000;327.2000000;327.8500000;3270
TATN;5;20160623;180500;327.8500000;328.7500000;327.7000000;328.7500000;11560
TATN;5;20160623;181000;328.8000000;328.9000000;328.4500000;328.8500000;9360
TATN;5;20160623;181500;328.9000000;329.0000000;328.6500000;328.9500000;12490
TATN;5;20160623;182000;328.9500000;330.0500000;328.8000000;330.0500000;33910
TATN;5;20160623;182500;329.8000000;329.8000000;329.5000000;329.6000000;3240
TATN;5;20160623;183000;329.5000000;330.9000000;329.5000000;330.5000000;14210
TATN;5;20160623;183500;330.3500000;330.3500000;329.5000000;329.9000000;16640
TATN;5;20160623;184000;329.9000000;330.0000000;328.4000000;328.4000000;135120
TATN;5;20160623;185000;330.0000000;330.0000000;330.0000000;330.0000000;21490
TATN;5;20160624;100500;318.2000000;321.5000000;318.2000000;320.2000000;36320
TATN;5;20160624;101000;320.5000000;320.8500000;320.1000000;320.1500000;28870
TATN;5;20160624;101500;320.5000000;320.5000000;317.0000000;317.7500000;79210
TATN;5;20160624;102000;318.1500000;318.4000000;318.0000000;318.2000000;6370
TATN;5;20160624;102500;318.4000000;319.3500000;318.4000000;319.3500000;15430
TATN;5;20160624;103000;319.4000000;319.4000000;318.8000000;319.0000000;4390
TATN;5;20160624;103500;318.8000000;318.8000000;317.0000000;317.4500000;45690
TATN;5;20160624;104000;317.2000000;318.2000000;317.1500000;317.7000000;13230
TATN;5;20160624;104500;317.5000000;319.0000000;317.4500000;319.0000000;9190
TATN;5;20160624;105000;319.0000000;321.9500000;319.0000000;321.9000000;18350
TATN;5;20160624;105500;321.9000000;323.9500000;321.5000000;321.9500000;28500
TATN;5;20160624;110000;321.6000000;321.6000000;320.5500000;321.2500000;4310
TATN;5;20160624;110500;321.4000000;321.5000000;319.7000000;319.8500000;19060
TATN;5;20160624;111000;320.1000000;321.2000000;319.9500000;321.2000000;46410
TATN;5;20160624;111500;321.2000000;324.4000000;321.2000000;322.6500000;43650
TATN;5;20160624;112000;322.8000000;324.4500000;322.8000000;324.0500000;9400
TATN;5;20160624;112500;324.0500000;324.0500000;321.1000000;321.1500000;10550
TATN;5;20160624;113000;321.1500000;321.6000000;320.0000000;320.1500000;125180
TATN;5;20160624;113500;320.1000000;320.4000000;317.7000000;317.8500000;73030
TATN;5;20160624;114000;317.8500000;319.5000000;317.8500000;318.5000000;45660
TATN;5;20160624;114500;318.5000000;318.6000000;317.3500000;317.5000000;54690
TATN;5;20160624;115000;317.7500000;319.1500000;317.3500000;318.2500000;61350
TATN;5;20160624;115500;318.3000000;318.5500000;317.9000000;317.9500000;38470
TATN;5;20160624;120000;317.9000000;318.1500000;317.9000000;317.9000000;39540
TATN;5;20160624;120500;317.9000000;318.0500000;317.3500000;317.3500000;92220
TATN;5;20160624;121000;317.4000000;318.1000000;316.8000000;318.1000000;55440
TATN;5;20160624;121500;317.7500000;318.1000000;317.0000000;317.3000000;22280
TATN;5;20160624;122000;317.1500000;318.2500000;317.1500000;317.6500000;3790
TATN;5;20160624;122500;317.6500000;318.5000000;316.4000000;316.9500000;40000
TATN;5;20160624;123000;316.9500000;318.4500000;316.9500000;317.5000000;45760
TATN;5;20160624;123500;317.6000000;317.9500000;317.0500000;317.2500000;29510
TATN;5;20160624;124000;317.3000000;317.6000000;317.0500000;317.5000000;10030
TATN;5;20160624;124500;317.5000000;317.5000000;316.7500000;316.7500000;28210
TATN;5;20160624;125000;316.7500000;317.0500000;315.7000000;316.6000000;47250
TATN;5;20160624;125500;316.1000000;316.5500000;315.1500000;315.1500000;24270
TATN;5;20160624;130000;315.2000000;315.9500000;315.2000000;315.9000000;8740
TATN;5;20160624;130500;315.7500000;316.3500000;315.6000000;315.6500000;6910
TATN;5;20160624;131000;315.6000000;316.0000000;315.4000000;315.9500000;4780
TATN;5;20160624;131500;315.9500000;316.4500000;315.7000000;316.1500000;4480
TATN;5;20160624;132000;316.0000000;316.1500000;315.7000000;315.8500000;1600
TATN;5;20160624;132500;315.8500000;316.3000000;315.8500000;316.0000000;1240
TATN;5;20160624;133000;316.1000000;316.5500000;316.0000000;316.0000000;1310
TATN;5;20160624;133500;316.0000000;316.7000000;316.0000000;316.7000000;4210
TATN;5;20160624;134000;316.4000000;317.0500000;316.4000000;317.0500000;3120
TATN;5;20160624;134500;317.0500000;317.0500000;316.1000000;316.4000000;10760
TATN;5;20160624;135000;316.1000000;316.9000000;316.1000000;316.9000000;2500
TATN;5;20160624;135500;316.7000000;317.0500000;316.5000000;316.5000000;3700
TATN;5;20160624;140000;316.5000000;317.3000000;316.5000000;317.2500000;13990
TATN;5;20160624;140500;317.0500000;317.8000000;317.0500000;317.3000000;7130
TATN;5;20160624;141000;317.3500000;317.7500000;317.1500000;317.7500000;1350
TATN;5;20160624;141500;317.4500000;317.7500000;317.4000000;317.4500000;3460
TATN;5;20160624;142000;317.4000000;317.6500000;317.2000000;317.6500000;4820
TATN;5;20160624;142500;317.4000000;317.8000000;317.4000000;317.7500000;2620
TATN;5;20160624;143000;317.7000000;317.7500000;317.0000000;317.5000000;1640
TATN;5;20160624;143500;317.5000000;317.7500000;317.4500000;317.6500000;820
TATN;5;20160624;144000;317.5000000;317.7000000;317.0500000;317.7000000;7740
TATN;5;20160624;144500;317.7000000;317.7000000;317.0500000;317.5500000;12180
TATN;5;20160624;145000;317.1500000;317.7500000;317.0500000;317.2000000;10680
TATN;5;20160624;145500;317.1500000;317.9000000;317.1500000;317.8500000;8390
TATN;5;20160624;150000;317.8500000;318.0500000;317.5500000;317.6500000;6770
TATN;5;20160624;150500;317.8500000;318.1000000;317.3500000;317.8000000;18630
TATN;5;20160624;151000;317.9000000;318.0500000;317.4000000;317.4000000;5670
TATN;5;20160624;151500;317.7000000;317.7000000;317.0000000;317.1000000;8120
TATN;5;20160624;152000;317.0000000;317.2000000;317.0000000;317.2000000;970
TATN;5;20160624;152500;317.2000000;318.0500000;317.2000000;318.0000000;19610
TATN;5;20160624;153000;318.0000000;318.5000000;317.8500000;318.4000000;17000
TATN;5;20160624;153500;318.5000000;318.5500000;318.0000000;318.0000000;7420
TATN;5;20160624;154000;318.3500000;318.5500000;318.0500000;318.2500000;2680
TATN;5;20160624;154500;318.1500000;318.5500000;318.0500000;318.5500000;4910
TATN;5;20160624;155000;318.5000000;318.5000000;317.8000000;317.9000000;780
TATN;5;20160624;155500;317.8500000;318.1500000;317.0000000;317.0500000;5270
TATN;5;20160624;160000;317.0500000;317.7000000;316.2000000;316.3000000;15100
TATN;5;20160624;160500;316.2500000;316.6000000;315.5500000;315.6500000;8930
TATN;5;20160624;161000;315.6500000;316.1000000;315.6500000;315.7500000;2890
TATN;5;20160624;161500;315.7000000;316.5500000;315.5000000;315.7000000;15130
TATN;5;20160624;162000;315.5500000;316.1000000;315.4000000;315.8000000;6020
TATN;5;20160624;162500;315.6000000;315.9500000;315.5000000;315.9500000;420
TATN;5;20160624;163000;315.7500000;316.0500000;315.4500000;315.5000000;9740
TATN;5;20160624;163500;315.4500000;316.4500000;315.3500000;316.0000000;7920
TATN;5;20160624;164000;316.0000000;316.0000000;315.3000000;315.5500000;20980
TATN;5;20160624;164500;315.4000000;317.6000000;315.4000000;317.6000000;18900
TATN;5;20160624;165000;317.6000000;317.9500000;316.6000000;317.9500000;14440
TATN;5;20160624;165500;317.8000000;318.4500000;317.4500000;318.4000000;15730
TATN;5;20160624;170000;318.4000000;319.3000000;318.1500000;319.3000000;22560
TATN;5;20160624;170500;319.3000000;320.7000000;318.5000000;320.5000000;33360
TATN;5;20160624;171000;320.4500000;320.8000000;320.1000000;320.1000000;6600
TATN;5;20160624;171500;320.5000000;321.0000000;320.1500000;320.2000000;14170
TATN;5;20160624;172000;320.5000000;320.5500000;319.1000000;320.5000000;23910
TATN;5;20160624;172500;320.0000000;320.1000000;318.2000000;319.2500000;11420
TATN;5;20160624;173000;319.2500000;321.0000000;318.7000000;320.7000000;21780
TATN;5;20160624;173500;320.6000000;320.7000000;319.9500000;319.9500000;4300
TATN;5;20160624;174000;319.7000000;320.0000000;319.5500000;319.5500000;600
TATN;5;20160624;174500;319.8000000;320.3000000;319.5500000;319.8000000;7010
TATN;5;20160624;175000;319.7000000;319.7000000;319.7000000;319.7000000;940
TATN;5;20160624;175500;319.7000000;319.7000000;319.3500000;319.3500000;1500
TATN;5;20160624;180000;319.3500000;319.3500000;318.6500000;318.7000000;2970
TATN;5;20160624;180500;318.7500000;319.0000000;318.7500000;318.8000000;2600
TATN;5;20160624;181000;318.7000000;319.9500000;318.7000000;319.9500000;4800
TATN;5;20160624;181500;319.9500000;319.9500000;319.1000000;319.1000000;150
TATN;5;20160624;182000;319.1000000;320.1000000;319.0000000;319.8000000;17340
TATN;5;20160624;182500;319.4000000;319.9000000;319.4000000;319.5000000;150
TATN;5;20160624;183000;319.9000000;321.8000000;319.5500000;321.8000000;31540
TATN;5;20160624;183500;321.4500000;322.8000000;321.0000000;322.6000000;36750
TATN;5;20160624;184000;322.7500000;326.2000000;322.4500000;326.2000000;300120
TATN;5;20160624;185000;325.6500000;325.6500000;325.6500000;325.6500000;23570
TATN;5;20160627;100500;324.2500000;324.5000000;322.0500000;322.6000000;22000
TATN;5;20160627;101000;322.6000000;323.0500000;322.1000000;322.1000000;14260
TATN;5;20160627;101500;322.1000000;322.4500000;321.9000000;322.2000000;12980
TATN;5;20160627;102000;321.9500000;322.4500000;321.9000000;322.3500000;4780
TATN;5;20160627;102500;322.4000000;322.6500000;322.0000000;322.6000000;9490
TATN;5;20160627;103000;322.3500000;324.5000000;322.3500000;324.5000000;5060
TATN;5;20160627;103500;324.5000000;324.9500000;323.1500000;324.9000000;13040
TATN;5;20160627;104000;324.9000000;325.0000000;323.4000000;323.5000000;8010
TATN;5;20160627;104500;323.5500000;323.9500000;323.5500000;323.9500000;3240
TATN;5;20160627;105000;323.6000000;323.8000000;323.5000000;323.5000000;2060
TATN;5;20160627;105500;323.9000000;324.4500000;323.6500000;324.1500000;4010
TATN;5;20160627;110000;323.8500000;324.4000000;322.8000000;322.8000000;8420
TATN;5;20160627;110500;322.8500000;322.9000000;322.6500000;322.7000000;3620
TATN;5;20160627;111000;322.7500000;322.7500000;322.0000000;322.0000000;9140
TATN;5;20160627;111500;322.0000000;322.0000000;321.4500000;321.7500000;8530
TATN;5;20160627;112000;321.8000000;322.8000000;321.7500000;322.2000000;9740
TATN;5;20160627;112500;322.3000000;322.3500000;320.6000000;320.6000000;14580
TATN;5;20160627;113000;320.7000000;320.7000000;320.2000000;320.2500000;11700
TATN;5;20160627;113500;320.5500000;320.5500000;320.2000000;320.5000000;12250
TATN;5;20160627;114000;320.5000000;321.1500000;320.4500000;320.4500000;4170
TATN;5;20160627;114500;320.4500000;320.7500000;320.4500000;320.7500000;1370
TATN;5;20160627;115000;320.6000000;322.3000000;320.6000000;321.3000000;8250
TATN;5;20160627;115500;321.8000000;321.8000000;320.5500000;320.8500000;7540
TATN;5;20160627;120000;320.6500000;321.9500000;320.6500000;321.9500000;5160
TATN;5;20160627;120500;321.6500000;322.6000000;321.1500000;321.4500000;14220
TATN;5;20160627;121000;321.4000000;321.5500000;321.2000000;321.4500000;3800
TATN;5;20160627;121500;321.2500000;321.3000000;321.0000000;321.1000000;2200
TATN;5;20160627;122000;321.4500000;321.8500000;321.4500000;321.7000000;1370
TATN;5;20160627;122500;321.9000000;321.9000000;320.8500000;320.8500000;5240
TATN;5;20160627;123000;320.8500000;320.8500000;320.5500000;320.5500000;4910
TATN;5;20160627;123500;320.5500000;320.5500000;320.0500000;320.2000000;11150
TATN;5;20160627;124000;320.1000000;320.4500000;320.0000000;320.4000000;11200
TATN;5;20160627;124500;320.2500000;320.4000000;320.0000000;320.4000000;5360
TATN;5;20160627;125000;320.4000000;321.3500000;320.4000000;321.3500000;3590
TATN;5;20160627;125500;321.3500000;321.9000000;321.3500000;321.4000000;2360
TATN;5;20160627;130000;321.4500000;321.7500000;321.1000000;321.3500000;3800
TATN;5;20160627;130500;321.3500000;321.3500000;320.9500000;320.9500000;1830
TATN;5;20160627;131000;321.0000000;321.0000000;320.7000000;320.7000000;2130
TATN;5;20160627;131500;320.6000000;320.8500000;320.6000000;320.8500000;840
TATN;5;20160627;132000;320.8000000;321.1500000;320.7000000;321.1500000;1440
TATN;5;20160627;132500;321.2000000;321.6000000;321.2000000;321.4500000;1140
TATN;5;20160627;133000;321.0500000;321.3500000;321.0500000;321.3500000;1750
TATN;5;20160627;133500;321.0000000;321.2000000;320.0500000;320.0500000;7310
TATN;5;20160627;134000;320.0500000;320.2000000;320.0000000;320.0000000;33620
TATN;5;20160627;134500;320.0500000;320.4500000;320.0000000;320.1000000;22620
TATN;5;20160627;135000;320.1000000;320.5500000;320.0000000;320.4500000;6590
TATN;5;20160627;135500;320.2500000;320.9000000;320.2500000;320.5500000;3810
TATN;5;20160627;140000;320.8000000;320.8000000;320.1500000;320.4000000;890
TATN;5;20160627;140500;320.2000000;320.2000000;320.0000000;320.0500000;7410
TATN;5;20160627;141000;320.0000000;320.3500000;320.0000000;320.0500000;8890
TATN;5;20160627;141500;320.2000000;320.5000000;320.0500000;320.0500000;3630
TATN;5;20160627;142000;320.0500000;320.3000000;320.0000000;320.0000000;17760
TATN;5;20160627;142500;320.0000000;320.0500000;318.7000000;318.7000000;42820
TATN;5;20160627;143000;318.7500000;319.3000000;318.7000000;318.9500000;6600
TATN;5;20160627;143500;319.0000000;319.0000000;318.5000000;318.5000000;4740
TATN;5;20160627;144000;318.5000000;318.7500000;318.4000000;318.6500000;5280
TATN;5;20160627;144500;318.5500000;318.6500000;318.1500000;318.1500000;10770
TATN;5;20160627;145000;318.4000000;318.5500000;318.1000000;318.1000000;5200
TATN;5;20160627;145500;318.1500000;318.4500000;318.1000000;318.4500000;3570
TATN;5;20160627;150000;318.2000000;318.4500000;318.1000000;318.1000000;2130
TATN;5;20160627;150500;318.1000000;318.3500000;318.0500000;318.1500000;2010
TATN;5;20160627;151000;318.1500000;318.1500000;317.6000000;318.1000000;12600
TATN;5;20160627;151500;318.1000000;318.1000000;317.5000000;317.5000000;6250
TATN;5;20160627;152000;317.5000000;317.6500000;317.2500000;317.4000000;5260
TATN;5;20160627;152500;317.5500000;317.5500000;317.0000000;317.0000000;12210
TATN;5;20160627;153000;317.0000000;318.1000000;317.0000000;317.3000000;8320
TATN;5;20160627;153500;317.3000000;317.5500000;317.1000000;317.5000000;7350
TATN;5;20160627;154000;317.2000000;317.4000000;317.0500000;317.3000000;3140
TATN;5;20160627;154500;317.3000000;317.3000000;317.0000000;317.0000000;4850
TATN;5;20160627;155000;317.0000000;317.2500000;315.7500000;316.0500000;36270
TATN;5;20160627;155500;315.9000000;316.2000000;315.7000000;315.7000000;2290
TATN;5;20160627;160000;315.7500000;315.8000000;315.4000000;315.4000000;16500
TATN;5;20160627;160500;315.4000000;315.8500000;315.4000000;315.5000000;9560
TATN;5;20160627;161000;315.7500000;316.1500000;315.6500000;316.0500000;9670
TATN;5;20160627;161500;316.2000000;316.5500000;316.0000000;316.5500000;620
TATN;5;20160627;162000;316.5000000;316.9000000;316.2500000;316.4500000;4180
TATN;5;20160627;162500;316.4500000;316.5000000;315.7000000;316.4000000;6720
TATN;5;20160627;163000;316.4000000;316.9500000;316.4000000;316.7000000;2580
TATN;5;20160627;163500;316.6500000;317.4500000;316.6000000;317.3500000;22880
TATN;5;20160627;164000;317.4000000;317.7000000;316.0500000;316.5500000;26620
TATN;5;20160627;164500;316.5500000;316.5500000;314.1000000;314.6500000;110900
TATN;5;20160627;165000;314.9500000;316.5000000;314.6000000;316.5000000;22430
TATN;5;20160627;165500;316.5000000;317.5500000;316.4500000;317.5500000;10450
TATN;5;20160627;170000;317.4000000;318.3000000;317.4000000;317.8500000;19950
TATN;5;20160627;170500;317.8500000;318.6000000;317.2000000;317.8000000;13380
TATN;5;20160627;171000;317.4500000;317.4500000;315.9000000;316.0000000;14270
TATN;5;20160627;171500;316.0000000;316.0500000;314.5000000;314.6000000;15150
TATN;5;20160627;172000;314.9000000;315.8000000;314.9000000;315.7000000;10650
TATN;5;20160627;172500;315.8500000;317.8000000;315.8500000;317.8000000;11600
TATN;5;20160627;173000;317.4000000;317.7000000;315.9000000;317.2000000;7500
TATN;5;20160627;173500;317.1500000;317.7500000;317.1500000;317.7000000;6880
TATN;5;20160627;174000;317.5000000;319.9000000;317.4500000;319.6000000;40260
TATN;5;20160627;174500;319.6000000;319.9500000;317.1000000;318.4500000;31800
TATN;5;20160627;175000;318.0500000;319.0000000;317.9000000;319.0000000;9620
TATN;5;20160627;175500;319.0500000;319.0500000;318.7000000;319.0000000;3030
TATN;5;20160627;180000;318.9500000;319.0000000;318.1500000;318.5000000;4220
TATN;5;20160627;180500;318.4500000;319.3000000;318.4500000;319.3000000;3770
TATN;5;20160627;181000;318.8000000;319.4000000;318.8000000;319.4000000;1920
TATN;5;20160627;181500;319.4000000;319.5000000;317.5500000;318.0000000;6560
TATN;5;20160627;182000;317.6000000;317.6000000;316.5500000;317.2000000;11040
TATN;5;20160627;182500;317.1500000;317.2000000;315.8000000;316.0000000;21480
TATN;5;20160627;183000;316.3500000;318.1000000;316.3500000;318.1000000;7530
TATN;5;20160627;183500;318.1500000;319.0000000;317.9500000;318.3500000;16760
TATN;5;20160627;184000;318.7000000;318.7000000;317.0500000;317.3500000;12110
TATN;5;20160627;185000;316.0000000;316.0000000;316.0000000;316.0000000;51460
TATN;5;20160628;100500;317.6000000;318.8500000;317.6000000;317.8500000;27330
TATN;5;20160628;101000;317.7500000;319.2000000;317.2500000;319.2000000;47190
TATN;5;20160628;101500;319.3000000;319.7500000;318.5000000;319.7500000;31310
TATN;5;20160628;102000;319.7500000;319.7500000;319.0000000;319.5000000;17820
TATN;5;20160628;102500;319.2500000;319.2500000;318.7000000;319.2000000;8620
TATN;5;20160628;103000;319.2000000;319.7500000;319.0500000;319.5500000;11410
TATN;5;20160628;103500;319.7500000;320.0000000;319.4500000;319.9500000;23490
TATN;5;20160628;104000;320.0000000;320.0000000;319.7500000;319.9000000;6670
TATN;5;20160628;104500;319.8500000;319.9000000;318.9500000;319.1500000;4210
TATN;5;20160628;105000;319.2000000;319.2500000;318.6000000;318.8000000;3710
TATN;5;20160628;105500;318.8000000;319.0000000;318.6000000;318.9500000;2150
TATN;5;20160628;110000;318.9500000;319.0000000;318.2000000;318.7500000;6020
TATN;5;20160628;110500;318.5000000;319.1000000;318.5000000;318.5500000;5120
TATN;5;20160628;111000;318.6000000;318.7500000;318.1500000;318.5000000;3840
TATN;5;20160628;111500;318.2500000;318.5000000;317.9500000;318.1000000;8130
TATN;5;20160628;112000;318.1000000;318.5000000;317.9500000;318.5000000;1540
TATN;5;20160628;112500;318.1000000;319.2500000;318.0500000;319.2500000;4350
TATN;5;20160628;113000;319.2500000;319.5000000;319.0000000;319.0500000;2300
TATN;5;20160628;113500;319.3500000;319.9000000;319.3500000;319.9000000;9200
TATN;5;20160628;114000;319.9000000;320.0000000;319.6500000;319.9500000;4230
TATN;5;20160628;114500;319.9500000;320.0000000;319.3500000;319.9000000;6840
TATN;5;20160628;115000;319.9500000;320.3000000;319.9000000;320.2000000;8490
TATN;5;20160628;115500;320.2500000;320.2500000;319.9000000;320.2000000;4590
TATN;5;20160628;120000;320.2000000;320.3000000;318.7000000;318.7000000;7790
TATN;5;20160628;120500;318.5500000;320.0000000;318.4000000;320.0000000;3040
TATN;5;20160628;121000;319.9500000;320.3000000;319.8000000;319.9000000;3430
TATN;5;20160628;121500;319.9500000;320.0000000;319.6500000;319.8500000;13810
TATN;5;20160628;122000;319.8500000;320.0000000;319.6500000;320.0000000;5000
TATN;5;20160628;122500;320.0000000;320.0000000;319.6500000;319.6500000;2420
TATN;5;20160628;123000;320.0000000;320.0000000;319.3000000;319.9000000;4830
TATN;5;20160628;123500;319.9000000;320.3000000;319.9000000;320.3000000;5290
TATN;5;20160628;124000;320.3000000;320.5000000;320.2500000;320.4000000;1970
TATN;5;20160628;124500;320.4000000;320.6500000;320.4000000;320.6500000;2170
TATN;5;20160628;125000;320.5000000;321.6000000;320.5000000;321.0500000;14130
TATN;5;20160628;125500;321.2500000;321.4000000;320.5500000;320.7500000;9490
TATN;5;20160628;130000;321.0500000;321.1500000;320.1500000;320.7000000;11250
TATN;5;20160628;130500;320.7000000;321.1500000;320.4500000;320.7500000;13840
TATN;5;20160628;131000;320.7500000;321.3500000;320.4000000;321.3000000;4450
TATN;5;20160628;131500;321.3500000;321.4000000;320.4000000;321.3500000;4690
TATN;5;20160628;132000;321.3500000;321.6000000;321.2500000;321.3000000;4120
TATN;5;20160628;132500;321.6000000;321.7500000;321.6000000;321.7500000;2460
TATN;5;20160628;133000;321.8500000;321.8500000;321.5000000;321.8000000;1020
TATN;5;20160628;133500;321.7000000;321.7000000;321.3500000;321.6000000;480
TATN;5;20160628;134000;321.2500000;321.6000000;321.2500000;321.6000000;950
TATN;5;20160628;134500;321.5500000;321.5500000;321.1000000;321.3500000;460
TATN;5;20160628;135000;321.1000000;321.5000000;321.1000000;321.5000000;5770
TATN;5;20160628;135500;321.5000000;321.5000000;321.2000000;321.4500000;650
TATN;5;20160628;140000;321.4500000;321.4500000;321.0000000;321.4500000;1630
TATN;5;20160628;140500;321.5000000;321.5000000;321.5000000;321.5000000;10
TATN;5;20160628;141000;321.1000000;321.4000000;321.0500000;321.3500000;700
TATN;5;20160628;141500;321.2500000;321.4500000;320.5500000;320.5500000;3650
TATN;5;20160628;142000;320.7500000;321.0500000;320.6000000;320.8500000;970
TATN;5;20160628;142500;320.8500000;321.6000000;320.5000000;320.8500000;9190
TATN;5;20160628;143000;320.9500000;320.9500000;319.6500000;320.1500000;11450
TATN;5;20160628;143500;320.2000000;320.7000000;320.1000000;320.5500000;4360
TATN;5;20160628;144000;320.1000000;320.8500000;319.7500000;320.8000000;3810
TATN;5;20160628;144500;320.8500000;321.0000000;320.8000000;321.0000000;750
TATN;5;20160628;145000;321.0000000;321.4000000;321.0000000;321.4000000;1170
TATN;5;20160628;145500;321.4000000;321.5000000;320.9500000;321.4500000;2180
TATN;5;20160628;150000;321.4500000;321.5000000;321.1500000;321.5000000;1870
TATN;5;20160628;150500;321.4500000;321.5000000;321.2000000;321.4500000;3990
TATN;5;20160628;151000;321.4500000;321.5000000;321.4000000;321.5000000;320
TATN;5;20160628;151500;321.4500000;321.8000000;321.4500000;321.5500000;2530
TATN;5;20160628;152000;321.8000000;321.8500000;321.7500000;321.7500000;920
TATN;5;20160628;152500;321.7500000;321.8500000;321.7500000;321.8500000;120
TATN;5;20160628;153000;321.8000000;321.8500000;321.8000000;321.8500000;50
TATN;5;20160628;153500;321.8500000;321.8500000;321.5500000;321.8000000;1220
TATN;5;20160628;154000;321.8000000;321.9000000;321.8000000;321.9000000;1520
TATN;5;20160628;154500;321.9000000;321.9500000;321.7000000;321.7500000;1520
TATN;5;20160628;155000;321.6500000;321.8000000;321.4000000;321.7500000;1140
TATN;5;20160628;155500;321.7000000;321.7000000;321.7000000;321.7000000;10
TATN;5;20160628;160000;321.7000000;321.7500000;321.4000000;321.7500000;80
TATN;5;20160628;160500;321.7000000;321.7500000;321.4500000;321.4500000;170
TATN;5;20160628;161000;321.7500000;321.7500000;321.4500000;321.4500000;670
TATN;5;20160628;161500;321.5500000;322.3000000;321.5500000;322.3000000;6330
TATN;5;20160628;162000;322.3000000;322.6000000;321.9500000;322.0500000;6980
TATN;5;20160628;162500;322.4500000;322.9000000;322.2500000;322.9000000;7960
TATN;5;20160628;163000;322.9000000;322.9000000;322.6000000;322.9000000;1220
TATN;5;20160628;163500;322.6000000;322.9000000;322.6000000;322.9000000;470
TATN;5;20160628;164000;322.9000000;323.3000000;322.8000000;323.3000000;6200
TATN;5;20160628;164500;323.2000000;323.7000000;323.0500000;323.7000000;9370
TATN;5;20160628;165000;323.7000000;323.8000000;323.2500000;323.7000000;9720
TATN;5;20160628;165500;323.8000000;323.9500000;323.5000000;323.9500000;10180
TATN;5;20160628;170000;323.9000000;324.0000000;323.0000000;323.0000000;9390
TATN;5;20160628;170500;323.0000000;323.5500000;322.6000000;322.6000000;9530
TATN;5;20160628;171000;322.6500000;323.0000000;322.1000000;322.5000000;6070
TATN;5;20160628;171500;322.8500000;322.8500000;322.4000000;322.6500000;1550
TATN;5;20160628;172000;322.6500000;322.7000000;321.7500000;322.0500000;11940
TATN;5;20160628;172500;322.1500000;322.8500000;320.8000000;322.2000000;17230
TATN;5;20160628;173000;322.6000000;322.9000000;322.6000000;322.6000000;3180
TATN;5;20160628;173500;322.8500000;323.8000000;322.8500000;323.0500000;7610
TATN;5;20160628;174000;323.2500000;324.5000000;323.2500000;324.4500000;47600
TATN;5;20160628;174500;324.4500000;324.4500000;323.7000000;323.7500000;13880
TATN;5;20160628;175000;324.1500000;324.8000000;323.7500000;324.1000000;22230
TATN;5;20160628;175500;324.4500000;324.5000000;323.8500000;324.0000000;8460
TATN;5;20160628;180000;323.8500000;323.9500000;323.0000000;323.0000000;12190
TATN;5;20160628;180500;323.0000000;323.1000000;322.1500000;322.2000000;11790
TATN;5;20160628;181000;322.2000000;322.3500000;321.1500000;321.1500000;10830
TATN;5;20160628;181500;321.2000000;321.4500000;321.1000000;321.4500000;7240
TATN;5;20160628;182000;321.3000000;321.5000000;321.1500000;321.3500000;9230
TATN;5;20160628;182500;321.3000000;321.7500000;321.2000000;321.2000000;9550
TATN;5;20160628;183000;321.3500000;321.5000000;321.1000000;321.4500000;14090
TATN;5;20160628;183500;321.6000000;321.7500000;321.1500000;321.3500000;12560
TATN;5;20160628;184000;321.4000000;322.2000000;320.0500000;320.0500000;50490
TATN;5;20160628;185000;322.3500000;322.3500000;322.3500000;322.3500000;58660
TATN;5;20160629;100500;322.0500000;323.5000000;322.0000000;322.4500000;7870
TATN;5;20160629;101000;322.3500000;323.6000000;322.3000000;323.4000000;8070
TATN;5;20160629;101500;323.2000000;323.9000000;323.0000000;323.9000000;12420
TATN;5;20160629;102000;323.9000000;324.7000000;323.7000000;324.1000000;14790
TATN;5;20160629;102500;324.1000000;324.4500000;323.2500000;323.5000000;16110
TATN;5;20160629;103000;323.6500000;323.9500000;323.2000000;323.5000000;16970
TATN;5;20160629;103500;323.5000000;323.8500000;323.2000000;323.3000000;7600
TATN;5;20160629;104000;323.3000000;323.5000000;323.0000000;323.2500000;7980
TATN;5;20160629;104500;323.4000000;324.3500000;323.4000000;324.1500000;10790
TATN;5;20160629;105000;324.2000000;324.6500000;324.2000000;324.6000000;4000
TATN;5;20160629;105500;324.4000000;324.7000000;324.1500000;324.1500000;3170
TATN;5;20160629;110000;324.2000000;324.6000000;324.2000000;324.5000000;3690
TATN;5;20160629;110500;324.4500000;324.5000000;323.7500000;323.7500000;6190
TATN;5;20160629;111000;323.7500000;323.9000000;323.2500000;323.9000000;7250
TATN;5;20160629;111500;323.9000000;324.4500000;323.9000000;324.4500000;7780
TATN;5;20160629;112000;324.4500000;324.6000000;324.4000000;324.6000000;5480
TATN;5;20160629;112500;324.5500000;324.6500000;324.2500000;324.5000000;6980
TATN;5;20160629;113000;324.4000000;324.6000000;324.1000000;324.1000000;3300
TATN;5;20160629;113500;324.1000000;324.4500000;324.0500000;324.2000000;2010
TATN;5;20160629;114000;324.2000000;324.2000000;324.0500000;324.2000000;1410
TATN;5;20160629;114500;324.2000000;325.4000000;324.2000000;325.2500000;37470
TATN;5;20160629;115000;325.2500000;326.8000000;325.2500000;326.8000000;16640
TATN;5;20160629;115500;326.7500000;327.2000000;326.5000000;326.5000000;15450
TATN;5;20160629;120000;326.5000000;326.5000000;325.9000000;325.9000000;11370
TATN;5;20160629;120500;325.9000000;326.0000000;325.5000000;325.7500000;4210
TATN;5;20160629;121000;325.7500000;326.5000000;325.7500000;326.2500000;5370
TATN;5;20160629;121500;326.3000000;326.3000000;325.6500000;325.9500000;740
TATN;5;20160629;122000;325.9500000;325.9500000;325.7000000;325.7000000;570
TATN;5;20160629;122500;325.8000000;325.9000000;325.8000000;325.9000000;120
TATN;5;20160629;123000;325.9000000;325.9000000;325.9000000;325.9000000;100
TATN;5;20160629;123500;325.9000000;325.9500000;325.9000000;325.9000000;150
TATN;5;20160629;124000;325.7000000;325.8500000;325.5000000;325.8000000;2120
TATN;5;20160629;124500;325.8000000;325.9500000;325.6000000;325.9000000;1860
TATN;5;20160629;125000;325.6500000;326.0000000;325.4000000;325.9500000;11260
TATN;5;20160629;125500;325.7000000;326.0000000;325.7000000;325.9500000;1230
TATN;5;20160629;130000;325.9500000;326.0000000;325.9500000;326.0000000;310
TATN;5;20160629;130500;325.9500000;326.2000000;325.9500000;326.2000000;19680
TATN;5;20160629;131000;326.2000000;326.3000000;325.8500000;326.1000000;11390
TATN;5;20160629;131500;326.1500000;326.2000000;325.5500000;325.7500000;6160
TATN;5;20160629;132000;325.7500000;325.7500000;325.3500000;325.3500000;1730
TATN;5;20160629;132500;325.5000000;325.5000000;325.2000000;325.4000000;1090
TATN;5;20160629;133000;325.4000000;325.4000000;324.5000000;325.1000000;23970
TATN;5;20160629;133500;325.2000000;325.7500000;325.0500000;325.3000000;6630
TATN;5;20160629;134000;325.3000000;325.4000000;324.9500000;325.0000000;2380
TATN;5;20160629;134500;325.0000000;325.1000000;324.4000000;324.9500000;7680
TATN;5;20160629;135000;324.8000000;324.8000000;324.4000000;324.4000000;4250
TATN;5;20160629;135500;324.6500000;324.6500000;324.3500000;324.6500000;1920
TATN;5;20160629;140000;324.6500000;325.0000000;324.6500000;325.0000000;580
TATN;5;20160629;140500;324.9500000;324.9500000;324.4000000;324.4000000;1610
TATN;5;20160629;141000;324.6000000;325.0500000;324.6000000;325.0500000;6050
TATN;5;20160629;141500;325.2500000;325.9000000;325.2500000;325.5500000;5500
TATN;5;20160629;142000;325.5500000;325.5500000;324.6000000;324.9500000;2590
TATN;5;20160629;142500;324.9500000;324.9500000;324.0000000;324.4500000;10290
TATN;5;20160629;143000;324.4500000;324.6000000;323.8500000;323.8500000;5790
TATN;5;20160629;143500;323.6000000;323.8500000;323.6000000;323.7000000;4270
TATN;5;20160629;144000;323.7000000;323.8000000;323.7000000;323.8000000;1100
TATN;5;20160629;144500;323.8500000;324.4000000;323.8500000;324.4000000;6120
TATN;5;20160629;145000;324.4000000;325.1000000;324.3500000;325.0000000;7090
TATN;5;20160629;145500;324.6000000;324.9500000;324.3000000;324.9500000;2680
TATN;5;20160629;150000;325.0000000;325.0000000;324.5000000;324.8500000;1350
TATN;5;20160629;150500;324.8500000;325.4000000;324.6000000;325.0000000;2100
TATN;5;20160629;151000;325.0000000;325.4000000;324.8500000;324.9500000;3340
TATN;5;20160629;151500;325.4500000;325.5000000;325.1000000;325.5000000;170
TATN;5;20160629;152000;325.5000000;326.4000000;325.5000000;326.4000000;30460
TATN;5;20160629;152500;326.3500000;326.4000000;325.8500000;326.3500000;7760
TATN;5;20160629;153000;326.3500000;326.5000000;326.1000000;326.4000000;4360
TATN;5;20160629;153500;326.3500000;326.4000000;325.9500000;326.3000000;5020
TATN;5;20160629;154000;326.3000000;326.4500000;325.6000000;325.8500000;13790
TATN;5;20160629;154500;325.9000000;326.5000000;325.4500000;326.5000000;13510
TATN;5;20160629;155000;326.5000000;326.6000000;326.1500000;326.6000000;14110
TATN;5;20160629;155500;326.5500000;326.6000000;325.8000000;326.0000000;5430
TATN;5;20160629;160000;326.0500000;326.2000000;325.5000000;325.5000000;2490
TATN;5;20160629;160500;325.6500000;326.5500000;325.6500000;326.0500000;5830
TATN;5;20160629;161000;326.0500000;326.9000000;325.7000000;326.2000000;29600
TATN;5;20160629;161500;326.3500000;326.5000000;326.3500000;326.5000000;780
TATN;5;20160629;162000;326.5000000;326.9500000;326.5000000;326.9500000;6120
TATN;5;20160629;162500;326.9000000;326.9000000;326.3500000;326.8000000;1360
TATN;5;20160629;163000;326.5500000;326.9500000;326.5500000;326.9500000;10120
TATN;5;20160629;163500;326.9000000;327.2000000;326.8500000;327.1000000;15410
TATN;5;20160629;164000;326.7500000;327.1000000;326.5000000;326.7500000;3800
TATN;5;20160629;164500;326.7500000;326.8000000;326.3500000;326.7500000;1940
TATN;5;20160629;165000;326.7000000;326.8000000;326.3500000;326.8000000;710
TATN;5;20160629;165500;326.8000000;326.8500000;326.1500000;326.4000000;1960
TATN;5;20160629;170000;326.4500000;326.6500000;325.8500000;326.3500000;12440
TATN;5;20160629;170500;326.1500000;326.8500000;326.0500000;326.3500000;19450
TATN;5;20160629;171000;326.8500000;327.1500000;326.3500000;326.6500000;8580
TATN;5;20160629;171500;327.0500000;327.2000000;326.8500000;327.1000000;5400
TATN;5;20160629;172000;327.0000000;327.0500000;326.7000000;326.9000000;2300
TATN;5;20160629;172500;326.9000000;326.9000000;326.5500000;326.6000000;2080
TATN;5;20160629;173000;326.8000000;326.8000000;326.1000000;326.6000000;10860
TATN;5;20160629;173500;326.3500000;327.0000000;326.2000000;327.0000000;37880
TATN;5;20160629;174000;327.0000000;327.2000000;325.8500000;325.9500000;44840
TATN;5;20160629;174500;325.9500000;326.1500000;325.1500000;325.7000000;20550
TATN;5;20160629;175000;325.9000000;326.9000000;325.9000000;326.9000000;9700
TATN;5;20160629;175500;326.8500000;327.0500000;326.5000000;326.5000000;4590
TATN;5;20160629;180000;326.9000000;326.9500000;326.5000000;326.9500000;1360
TATN;5;20160629;180500;326.9500000;328.0000000;326.8500000;328.0000000;19350
TATN;5;20160629;181000;327.9000000;328.4000000;327.3500000;327.7500000;11850
TATN;5;20160629;181500;327.7500000;328.0000000;327.6500000;327.9000000;4890
TATN;5;20160629;182000;327.9000000;328.0000000;327.4500000;327.7500000;9280
TATN;5;20160629;182500;327.7500000;327.7500000;327.2000000;327.5000000;3330
TATN;5;20160629;183000;327.5000000;327.9000000;327.2500000;327.9000000;3450
TATN;5;20160629;183500;327.9000000;328.1500000;326.8000000;327.2000000;16330
TATN;5;20160629;184000;327.5000000;328.2000000;327.3000000;327.3000000;17140
TATN;5;20160629;185000;328.6500000;328.6500000;328.6500000;328.6500000;40820
TATN;5;20160630;100500;328.3500000;329.0000000;327.7000000;328.3000000;4320
TATN;5;20160630;101000;328.1500000;328.5500000;327.5500000;328.0500000;7570
TATN;5;20160630;101500;328.0500000;328.1000000;327.4000000;327.4500000;5780
TATN;5;20160630;102000;327.4500000;328.1000000;327.4000000;327.9000000;7740
TATN;5;20160630;102500;327.9000000;328.2000000;327.7500000;328.0500000;2930
TATN;5;20160630;103000;327.9500000;328.2500000;327.9000000;328.2000000;640
TATN;5;20160630;103500;327.9000000;328.2000000;327.2000000;327.9500000;6440
TATN;5;20160630;104000;327.7500000;329.3000000;327.5000000;329.0000000;20380
TATN;5;20160630;104500;329.1500000;329.4500000;328.8000000;328.9500000;21850
TATN;5;20160630;105000;329.0000000;329.0000000;328.7500000;328.8000000;23480
TATN;5;20160630;105500;328.8000000;328.8500000;328.3000000;328.7500000;1540
TATN;5;20160630;110000;328.7000000;329.0000000;328.7000000;329.0000000;3060
TATN;5;20160630;110500;328.9500000;329.0000000;328.9000000;328.9000000;1360
TATN;5;20160630;111000;328.9500000;329.0000000;328.8500000;328.8500000;2840
TATN;5;20160630;111500;328.8000000;328.8000000;328.5500000;328.5500000;490
TATN;5;20160630;112000;328.8000000;329.0000000;328.7500000;328.7500000;10920
TATN;5;20160630;112500;328.8000000;328.9000000;328.7000000;328.9000000;5150
TATN;5;20160630;113000;328.9000000;328.9000000;328.4000000;328.4500000;1240
TATN;5;20160630;113500;328.4500000;328.4500000;328.1500000;328.2500000;1130
TATN;5;20160630;114000;328.2000000;328.5000000;328.2000000;328.5000000;520
TATN;5;20160630;114500;328.5000000;328.5000000;328.1500000;328.2000000;870
TATN;5;20160630;115000;328.1500000;328.1500000;326.1500000;326.8000000;66760
TATN;5;20160630;115500;326.8000000;327.0500000;326.3500000;326.3500000;1330
TATN;5;20160630;120000;326.4000000;326.7500000;326.4000000;326.7500000;1400
TATN;5;20160630;120500;326.6000000;326.9500000;326.6000000;326.9500000;2410
TATN;5;20160630;121000;326.6500000;328.1500000;326.6500000;327.3500000;16780
TATN;5;20160630;121500;327.4000000;327.4000000;326.6000000;326.7500000;10250
TATN;5;20160630;122000;326.7500000;326.9000000;326.6000000;326.9000000;3350
TATN;5;20160630;122500;326.6500000;327.0000000;326.3500000;326.7000000;4900
TATN;5;20160630;123000;326.6500000;326.7000000;326.2000000;326.2000000;6640
TATN;5;20160630;123500;326.2000000;326.8500000;326.1500000;326.5000000;5830
TATN;5;20160630;124000;326.5000000;326.9500000;326.5000000;326.7000000;1420
TATN;5;20160630;124500;326.7000000;327.0000000;326.2500000;326.2500000;7030
TATN;5;20160630;125000;326.2500000;326.8000000;325.9500000;326.6000000;8360
TATN;5;20160630;125500;326.2000000;326.6500000;325.7500000;326.1000000;9110
TATN;5;20160630;130000;326.1000000;326.5000000;325.8000000;325.8000000;3990
TATN;5;20160630;130500;325.8000000;325.9500000;325.8000000;325.8000000;750
TATN;5;20160630;131000;325.8000000;325.8000000;325.1500000;325.2000000;9400
TATN;5;20160630;131500;325.2500000;325.6000000;324.7500000;324.7500000;7770
TATN;5;20160630;132000;324.7000000;325.4500000;324.7000000;324.9500000;2300
TATN;5;20160630;132500;324.9500000;325.0500000;324.1000000;324.1000000;11780
TATN;5;20160630;133000;324.1000000;324.1000000;323.2500000;323.3500000;23850
TATN;5;20160630;133500;323.3500000;323.6000000;323.2500000;323.3000000;2080
TATN;5;20160630;134000;323.3000000;324.0000000;323.3000000;323.6500000;2690
TATN;5;20160630;134500;323.6500000;324.1500000;323.5000000;324.1000000;4410
TATN;5;20160630;135000;323.7000000;324.2000000;323.7000000;324.0000000;400
TATN;5;20160630;135500;324.0000000;324.7500000;324.0000000;324.3500000;3270
TATN;5;20160630;140000;324.3500000;324.4500000;324.3000000;324.4500000;200
TATN;5;20160630;140500;324.4500000;324.6000000;324.4500000;324.6000000;200
TATN;5;20160630;141000;324.4500000;324.5500000;324.0500000;324.0500000;4600
TATN;5;20160630;141500;324.0500000;324.4000000;324.0000000;324.0500000;1900
TATN;5;20160630;142000;324.4500000;324.4500000;324.0000000;324.2000000;1490
TATN;5;20160630;142500;324.6500000;324.6500000;324.0500000;324.1000000;850
TATN;5;20160630;143000;324.1500000;324.4000000;324.0500000;324.1000000;1790
TATN;5;20160630;143500;324.1500000;324.1500000;323.8500000;323.9000000;18770
TATN;5;20160630;144000;324.0500000;324.0500000;323.3500000;323.4500000;7810
TATN;5;20160630;144500;323.4500000;323.4500000;323.0000000;323.1500000;10850
TATN;5;20160630;145000;323.3000000;323.6000000;323.1500000;323.3000000;4950
TATN;5;20160630;145500;323.3000000;323.3000000;323.1000000;323.1500000;2020
TATN;5;20160630;150000;323.1000000;323.3000000;323.0000000;323.0000000;3520
TATN;5;20160630;150500;323.3000000;323.4000000;323.0500000;323.4000000;1570
TATN;5;20160630;151000;323.3000000;323.3000000;323.1000000;323.1500000;3410
TATN;5;20160630;151500;323.1500000;323.5500000;323.1000000;323.5500000;2490
TATN;5;20160630;152000;323.2500000;323.2500000;323.1000000;323.2000000;4220
TATN;5;20160630;152500;323.2000000;323.2500000;323.2000000;323.2000000;2310
TATN;5;20160630;153000;323.2000000;323.3000000;323.1000000;323.1000000;18610
TATN;5;20160630;153500;323.1500000;323.3500000;323.1000000;323.3500000;1930
TATN;5;20160630;154000;323.1500000;323.4000000;323.1000000;323.4000000;4440
TATN;5;20160630;154500;323.4000000;323.9000000;323.2000000;323.9000000;7080
TATN;5;20160630;155000;323.9000000;324.0500000;323.7000000;323.7000000;500
TATN;5;20160630;155500;323.7000000;323.8000000;323.7000000;323.7000000;3950
TATN;5;20160630;160000;323.7000000;323.9000000;323.7000000;323.7000000;3190
TATN;5;20160630;160500;324.1000000;324.1500000;323.7000000;324.0000000;3910
TATN;5;20160630;161000;324.1000000;324.1000000;323.6500000;323.6500000;1310
TATN;5;20160630;161500;324.2000000;324.4500000;323.7500000;324.2000000;4180
TATN;5;20160630;162000;324.4500000;324.8000000;324.4500000;324.8000000;5670
TATN;5;20160630;162500;324.8500000;324.8500000;324.4500000;324.8000000;50
TATN;5;20160630;163000;324.5500000;324.5500000;324.2500000;324.2500000;3310
TATN;5;20160630;163500;324.5500000;324.5500000;324.1000000;324.1000000;4890
TATN;5;20160630;164000;324.5000000;324.5000000;324.1000000;324.1000000;1450
TATN;5;20160630;164500;324.1000000;324.9000000;324.1000000;324.9000000;5350
TATN;5;20160630;165000;325.0000000;325.3000000;324.7500000;325.3000000;4710
TATN;5;20160630;165500;325.1500000;325.2500000;325.0000000;325.0000000;6430
TATN;5;20160630;170000;325.0000000;325.4500000;325.0000000;325.4500000;1770
TATN;5;20160630;170500;325.5000000;326.2000000;325.4500000;326.0000000;12790
TATN;5;20160630;171000;326.0000000;326.2500000;325.6000000;325.8500000;5670
TATN;5;20160630;171500;325.9000000;327.0000000;325.8000000;326.9500000;19160
TATN;5;20160630;172000;326.9500000;327.0000000;326.7500000;326.9500000;8900
TATN;5;20160630;172500;326.9000000;326.9500000;326.6500000;326.9500000;5070
TATN;5;20160630;173000;326.9500000;327.0000000;326.5000000;327.0000000;6080
TATN;5;20160630;173500;327.0000000;327.0000000;326.9500000;326.9500000;2770
TATN;5;20160630;174000;326.9500000;327.0000000;326.8000000;327.0000000;2430
TATN;5;20160630;174500;327.0000000;327.8000000;327.0000000;327.8000000;12860
TATN;5;20160630;175000;327.6000000;328.6000000;327.6000000;328.1000000;13370
TATN;5;20160630;175500;328.2000000;328.6500000;327.7000000;327.9000000;13100
TATN;5;20160630;180000;327.9000000;328.0000000;327.7000000;328.0000000;19150
TATN;5;20160630;180500;328.0000000;328.0000000;326.9500000;326.9500000;13110
TATN;5;20160630;181000;327.0500000;327.2000000;326.5500000;327.2000000;13190
TATN;5;20160630;181500;327.2500000;328.0000000;327.2500000;327.7500000;54220
TATN;5;20160630;182000;327.8000000;327.9000000;327.5500000;327.5500000;5510
TATN;5;20160630;182500;327.4500000;327.7500000;327.4500000;327.7500000;4090
TATN;5;20160630;183000;327.7000000;327.9500000;326.6000000;326.6000000;16530
TATN;5;20160630;183500;326.8500000;326.8500000;325.6000000;325.8000000;23080
TATN;5;20160630;184000;325.8500000;329.3000000;325.8000000;327.1000000;212000
TATN;5;20160630;185000;331.5000000;331.5000000;331.5000000;331.5000000;394170
TATN;5;20160701;100500;330.4500000;330.7000000;329.1500000;329.3000000;39480
TATN;5;20160701;101000;329.3000000;330.4500000;329.2000000;329.2000000;21030
TATN;5;20160701;101500;329.2000000;329.7000000;329.0500000;329.1500000;4190
TATN;5;20160701;102000;329.7000000;329.7000000;328.6000000;328.7000000;16920
TATN;5;20160701;102500;329.0000000;329.3000000;328.6500000;328.7000000;9870
TATN;5;20160701;103000;328.7000000;328.9500000;328.7000000;328.7500000;11670
TATN;5;20160701;103500;328.8500000;329.5000000;328.7000000;328.8500000;13940
TATN;5;20160701;104000;328.9000000;329.2000000;328.9000000;329.1500000;1790
TATN;5;20160701;104500;329.1500000;329.4500000;328.8000000;328.8000000;6700
TATN;5;20160701;105000;329.1500000;329.3000000;328.7500000;329.1500000;2020
TATN;5;20160701;105500;329.1500000;329.1500000;328.9500000;329.1500000;2460
TATN;5;20160701;110000;329.2500000;329.5000000;329.1500000;329.4000000;3120
TATN;5;20160701;110500;329.4000000;329.8000000;329.4000000;329.6500000;6360
TATN;5;20160701;111000;329.3000000;329.3000000;328.6000000;328.8500000;23530
TATN;5;20160701;111500;328.9500000;329.0000000;328.0500000;328.0500000;12110
TATN;5;20160701;112000;328.0500000;328.8000000;327.6000000;328.0000000;14070
TATN;5;20160701;112500;327.9000000;328.1500000;327.6500000;327.7000000;5380
TATN;5;20160701;113000;327.8000000;327.9500000;327.5500000;327.8500000;3710
TATN;5;20160701;113500;327.8500000;327.9500000;327.6000000;327.8000000;4330
TATN;5;20160701;114000;327.5000000;327.5000000;327.3000000;327.4000000;3290
TATN;5;20160701;114500;327.4000000;327.8000000;327.3000000;327.8000000;2300
TATN;5;20160701;115000;327.8000000;327.8000000;327.5500000;327.6000000;1960
TATN;5;20160701;115500;327.6000000;328.0000000;327.1000000;327.1000000;10220
TATN;5;20160701;120000;327.4000000;327.5000000;326.6000000;326.6500000;14660
TATN;5;20160701;120500;326.6000000;326.9500000;326.5000000;326.5500000;8370
TATN;5;20160701;121000;326.8000000;327.1000000;326.5000000;327.1000000;5880
TATN;5;20160701;121500;326.7500000;327.1500000;326.7500000;326.7500000;1670
TATN;5;20160701;122000;327.1500000;327.5000000;326.9500000;327.0000000;4350
TATN;5;20160701;122500;327.0000000;327.0000000;326.8000000;326.8000000;1380
TATN;5;20160701;123000;326.8500000;326.8500000;326.6500000;326.6500000;5240
TATN;5;20160701;123500;326.6500000;326.7500000;326.6500000;326.7000000;1410
TATN;5;20160701;124000;326.6500000;326.6500000;326.6000000;326.6000000;970
TATN;5;20160701;124500;326.7000000;326.7500000;326.6500000;326.6500000;2230
TATN;5;20160701;125000;326.7500000;327.9500000;326.7000000;327.9500000;29310
TATN;5;20160701;125500;327.9000000;327.9000000;327.9000000;327.9000000;20
TATN;5;20160701;130000;327.9000000;327.9000000;327.7500000;327.7500000;310
TATN;5;20160701;130500;327.6500000;328.1500000;327.6500000;328.1000000;2160
TATN;5;20160701;131500;327.9000000;327.9000000;327.3000000;327.4000000;3230
TATN;5;20160701;132000;327.2000000;327.2000000;326.9500000;327.1500000;940
TATN;5;20160701;132500;327.1500000;327.3500000;327.1500000;327.3000000;1330
TATN;5;20160701;133500;327.2500000;327.2500000;327.2500000;327.2500000;90
TATN;5;20160701;134000;327.0000000;327.0000000;326.9000000;326.9500000;620
TATN;5;20160701;134500;327.1500000;327.3500000;327.1500000;327.1500000;2270
TATN;5;20160701;135000;327.1500000;327.3000000;327.1500000;327.3000000;220
TATN;5;20160701;135500;327.3500000;327.4500000;327.0000000;327.4000000;2320
TATN;5;20160701;140000;327.4000000;327.4500000;327.0000000;327.0000000;1900
TATN;5;20160701;140500;327.0500000;327.5000000;327.0500000;327.5000000;1510
TATN;5;20160701;141000;327.3500000;327.4000000;327.2000000;327.3500000;1850
TATN;5;20160701;141500;327.1000000;327.3500000;327.0000000;327.3500000;330
TATN;5;20160701;142000;327.3500000;327.3500000;327.3500000;327.3500000;390
TATN;5;20160701;143000;327.3500000;329.3500000;327.3500000;328.7000000;38240
TATN;5;20160701;143500;328.7500000;329.0500000;328.4000000;328.4000000;890
TATN;5;20160701;144000;328.3500000;329.6500000;328.3500000;329.6500000;14300
TATN;5;20160701;144500;329.6000000;330.0000000;329.1000000;329.5500000;20950
TATN;5;20160701;145000;329.9000000;330.2500000;329.3000000;330.2500000;28050
TATN;5;20160701;145500;330.3000000;330.5000000;329.6000000;330.1000000;15820
TATN;5;20160701;150000;330.5000000;330.7000000;329.7000000;330.2000000;9240
TATN;5;20160701;150500;330.2000000;330.4500000;329.7000000;330.3500000;4680
TATN;5;20160701;151000;330.3000000;330.4000000;329.4000000;329.8500000;2580
TATN;5;20160701;151500;329.8000000;330.0000000;329.3500000;330.0000000;9580
TATN;5;20160701;152000;330.0000000;330.4500000;329.6500000;330.4000000;12390
TATN;5;20160701;152500;329.9500000;330.3000000;329.8000000;329.8000000;660
TATN;5;20160701;153000;330.1000000;330.1000000;329.4000000;329.4000000;23790
TATN;5;20160701;153500;329.4500000;330.6000000;329.4000000;330.6000000;22500
TATN;5;20160701;154000;330.5500000;330.9000000;330.4500000;330.8500000;12830
TATN;5;20160701;154500;330.8000000;331.0500000;330.7000000;330.7500000;26730
TATN;5;20160701;155000;330.6500000;330.6500000;329.7500000;329.9000000;4510
TATN;5;20160701;155500;329.6000000;330.2000000;329.6000000;330.0000000;7380
TATN;5;20160701;160000;330.0000000;330.0000000;329.5500000;329.5500000;1060
TATN;5;20160701;160500;329.7500000;330.0000000;329.6000000;330.0000000;1010
TATN;5;20160701;161000;329.9500000;330.2000000;329.9500000;330.2000000;2210
TATN;5;20160701;161500;330.1500000;330.2000000;329.5500000;330.0500000;1240
TATN;5;20160701;162000;329.9500000;330.1000000;329.6000000;330.0000000;830
TATN;5;20160701;162500;329.8500000;330.0000000;329.8500000;330.0000000;3420
TATN;5;20160701;163000;329.9500000;330.4000000;329.9500000;330.2500000;5510
TATN;5;20160701;163500;330.2000000;330.5000000;330.0000000;330.5000000;4630
TATN;5;20160701;164000;330.2500000;330.5000000;330.1500000;330.3000000;8500
TATN;5;20160701;164500;330.2500000;330.3500000;330.2500000;330.3000000;610
TATN;5;20160701;165000;330.3500000;330.5000000;329.5500000;329.6000000;9200
TATN;5;20160701;165500;329.6000000;329.9000000;329.4500000;329.5000000;1410
TATN;5;20160701;170000;329.5000000;329.9500000;329.5000000;329.9500000;1310
TATN;5;20160701;170500;329.9500000;330.5000000;329.9500000;330.2000000;16760
TATN;5;20160701;171000;330.4000000;330.4000000;329.6500000;329.6500000;1990
TATN;5;20160701;171500;329.6500000;330.1500000;329.6000000;330.1500000;2470
TATN;5;20160701;172000;330.3000000;330.3000000;329.7500000;330.2500000;3880
TATN;5;20160701;172500;330.2500000;330.3500000;329.9500000;330.2500000;1750
TATN;5;20160701;173000;330.1000000;330.5000000;329.7500000;330.4000000;13980
TATN;5;20160701;173500;330.4000000;330.5000000;330.3500000;330.5000000;6730
TATN;5;20160701;174000;330.5000000;330.5000000;330.3500000;330.5000000;10830
TATN;5;20160701;174500;330.4000000;330.5000000;329.7000000;330.4000000;15290
TATN;5;20160701;175000;330.4000000;330.5000000;330.1500000;330.3500000;3300
TATN;5;20160701;175500;330.3500000;330.5000000;330.1000000;330.5000000;6010
TATN;5;20160701;180000;330.5000000;330.5000000;330.4000000;330.5000000;5410
TATN;5;20160701;180500;330.4500000;331.1000000;330.4500000;331.0000000;7970
TATN;5;20160701;181000;331.0000000;331.2500000;331.0000000;331.2500000;5980
TATN;5;20160701;181500;331.2500000;331.3000000;330.6500000;331.2000000;7950
TATN;5;20160701;182000;330.9500000;331.3000000;330.4500000;331.1000000;9010
TATN;5;20160701;182500;331.1000000;331.3000000;331.1000000;331.3000000;5120
TATN;5;20160701;183000;331.3000000;331.3500000;331.2000000;331.3500000;6860
TATN;5;20160701;183500;331.3000000;331.3500000;330.8000000;330.9500000;7690
TATN;5;20160701;184000;331.2500000;331.4000000;331.0000000;331.3000000;11310
TATN;5;20160701;185000;331.5000000;331.5000000;331.5000000;331.5000000;50050
TATN;5;20160704;100500;331.9000000;332.0000000;331.0000000;331.4500000;10720
TATN;5;20160704;101000;331.5000000;331.7500000;331.3500000;331.7000000;5730
TATN;5;20160704;101500;331.7000000;332.0000000;331.2500000;331.2500000;8800
TATN;5;20160704;102000;331.1500000;331.7000000;331.1000000;331.7000000;3060
TATN;5;20160704;102500;331.7000000;331.7000000;330.2500000;330.2500000;18480
TATN;5;20160704;103000;330.6500000;330.6500000;329.6000000;329.6000000;8850
TATN;5;20160704;103500;329.8500000;330.2000000;329.7500000;330.1000000;9830
TATN;5;20160704;104000;330.1000000;330.3500000;329.8000000;329.8000000;2000
TATN;5;20160704;104500;329.8500000;329.9500000;328.5500000;328.5500000;15760
TATN;5;20160704;105000;328.6000000;328.9500000;328.4000000;328.5000000;8120
TATN;5;20160704;105500;328.7500000;329.4000000;328.7500000;329.0000000;6680
TATN;5;20160704;110000;329.1000000;329.1500000;328.3500000;328.5000000;11620
TATN;5;20160704;110500;328.7000000;328.7000000;328.3500000;328.5000000;3230
TATN;5;20160704;111000;328.8500000;329.1000000;328.1500000;328.3500000;4950
TATN;5;20160704;111500;328.2000000;328.8500000;328.1000000;328.2500000;3040
TATN;5;20160704;112000;328.3000000;329.2000000;328.3000000;329.2000000;3870
TATN;5;20160704;112500;329.2000000;329.9500000;329.2000000;329.9500000;5100
TATN;5;20160704;113000;329.9500000;330.7000000;329.8000000;330.5500000;11540
TATN;5;20160704;113500;330.6000000;330.7500000;330.4500000;330.7000000;1020
TATN;5;20160704;114000;330.6500000;330.8000000;329.9000000;330.4000000;3050
TATN;5;20160704;114500;330.3000000;330.4000000;329.8500000;330.3000000;1220
TATN;5;20160704;115500;330.4500000;330.5000000;330.0500000;330.0500000;650
TATN;5;20160704;120000;330.4000000;330.5000000;330.1000000;330.1000000;1510
TATN;5;20160704;120500;330.1500000;330.3500000;329.9000000;330.3500000;590
TATN;5;20160704;121000;330.0000000;330.0000000;328.9500000;328.9500000;6350
TATN;5;20160704;121500;329.4500000;329.5000000;329.4500000;329.4500000;1770
TATN;5;20160704;122000;329.2500000;330.0500000;329.2000000;330.0500000;320
TATN;5;20160704;122500;330.3500000;330.4500000;330.3000000;330.4500000;470
TATN;5;20160704;123000;330.5000000;330.5000000;330.2500000;330.5000000;2450
TATN;5;20160704;123500;330.5000000;330.5000000;330.1500000;330.3500000;740
TATN;5;20160704;124000;330.3500000;330.3500000;330.3500000;330.3500000;10
TATN;5;20160704;124500;330.3500000;330.5000000;329.7000000;330.0000000;6680
TATN;5;20160704;125000;329.9500000;330.0000000;329.9500000;330.0000000;17400
TATN;5;20160704;125500;330.0000000;330.0000000;329.8000000;329.8000000;1070
TATN;5;20160704;130000;329.9500000;330.0000000;329.5000000;329.5000000;2760
TATN;5;20160704;130500;329.7000000;330.0000000;329.4500000;329.4500000;10550
TATN;5;20160704;131000;329.7000000;329.7000000;329.7000000;329.7000000;60
TATN;5;20160704;131500;329.7000000;330.0000000;329.7000000;329.9500000;14460
TATN;5;20160704;132000;329.7500000;329.9500000;329.6000000;329.9500000;2420
TATN;5;20160704;132500;329.6000000;329.6000000;329.5500000;329.5500000;350
TATN;5;20160704;133000;329.9000000;329.9500000;329.9000000;329.9500000;380
TATN;5;20160704;133500;329.7000000;329.9000000;329.7000000;329.7500000;860
TATN;5;20160704;134000;329.7000000;330.0000000;329.7000000;330.0000000;3450
TATN;5;20160704;134500;329.8000000;329.9000000;329.8000000;329.9000000;320
TATN;5;20160704;135000;329.9500000;329.9500000;329.9500000;329.9500000;340
TATN;5;20160704;135500;329.9000000;330.0000000;329.9000000;330.0000000;1230
TATN;5;20160704;140000;330.0000000;330.0000000;329.8500000;330.0000000;2720
TATN;5;20160704;140500;330.0000000;330.0000000;329.9500000;329.9500000;4550
TATN;5;20160704;141000;329.9000000;330.0000000;329.8500000;330.0000000;2420
TATN;5;20160704;141500;330.0000000;330.6000000;329.9000000;330.6000000;21380
TATN;5;20160704;142000;330.6000000;331.0500000;330.4500000;330.8500000;4530
TATN;5;20160704;142500;330.6500000;331.0000000;330.6000000;331.0000000;2530
TATN;5;20160704;143000;330.6500000;330.6500000;329.8500000;330.3000000;9100
TATN;5;20160704;143500;329.9500000;330.3000000;329.9000000;330.3000000;500
TATN;5;20160704;144000;329.8000000;330.1500000;329.3500000;329.3500000;2770
TATN;5;20160704;145000;329.6000000;329.6000000;329.6000000;329.6000000;600
TATN;5;20160704;145500;329.3500000;329.4500000;329.0000000;329.0500000;2100
TATN;5;20160704;150000;329.5000000;329.5000000;329.5000000;329.5000000;30
TATN;5;20160704;150500;329.5000000;329.5000000;329.5000000;329.5000000;10
TATN;5;20160704;151000;329.4500000;329.4500000;329.3000000;329.3000000;340
TATN;5;20160704;151500;329.4000000;329.4000000;329.4000000;329.4000000;130
TATN;5;20160704;152000;329.4500000;329.4500000;329.3000000;329.3000000;510
TATN;5;20160704;153000;329.8000000;330.2000000;329.8000000;330.2000000;1310
TATN;5;20160704;153500;330.1000000;330.1000000;329.7000000;329.7000000;1250
TATN;5;20160704;154000;329.3000000;329.3000000;329.3000000;329.3000000;10
TATN;5;20160704;154500;329.4000000;329.4000000;329.3500000;329.4000000;4530
TATN;5;20160704;155000;329.4500000;329.4500000;329.4500000;329.4500000;120
TATN;5;20160704;155500;329.7500000;329.7500000;329.5000000;329.6000000;360
TATN;5;20160704;160000;329.4000000;329.4000000;329.4000000;329.4000000;130
TATN;5;20160704;160500;329.4500000;329.4500000;329.0000000;329.0000000;3400
TATN;5;20160704;161000;329.0500000;329.0500000;328.6500000;328.6500000;4390
TATN;5;20160704;161500;328.9000000;329.1500000;328.6000000;328.6000000;1360
TATN;5;20160704;162000;328.6000000;329.0500000;328.6000000;329.0500000;2910
TATN;5;20160704;162500;329.0500000;329.0500000;329.0500000;329.0500000;320
TATN;5;20160704;163000;329.1000000;329.2000000;329.1000000;329.1000000;460
TATN;5;20160704;163500;329.0000000;329.0000000;328.5000000;328.5000000;6110
TATN;5;20160704;164000;328.5500000;328.8500000;328.5000000;328.8000000;2400
TATN;5;20160704;164500;328.8000000;329.0000000;328.6000000;329.0000000;1060
TATN;5;20160704;165000;328.9500000;329.1000000;328.8500000;329.0500000;3470
TATN;5;20160704;165500;328.9500000;328.9500000;328.9500000;328.9500000;10
TATN;5;20160704;170000;328.9500000;329.1000000;328.9000000;329.1000000;2000
TATN;5;20160704;170500;329.0500000;329.0500000;328.4500000;328.4500000;5620
TATN;5;20160704;171000;328.6000000;328.7500000;328.4500000;328.7500000;6810
TATN;5;20160704;171500;328.6000000;328.7000000;328.3000000;328.7000000;13120
TATN;5;20160704;172000;328.7000000;328.9000000;328.7000000;328.9000000;310
TATN;5;20160704;172500;328.5500000;328.9500000;328.5500000;328.9500000;910
TATN;5;20160704;173000;328.9500000;329.1500000;328.9500000;329.1500000;1790
TATN;5;20160704;173500;328.8500000;329.2500000;328.8500000;329.1000000;3930
TATN;5;20160704;174000;329.1000000;329.2500000;328.5000000;328.6000000;5930
TATN;5;20160704;174500;328.5000000;328.5000000;327.8000000;327.8500000;24970
TATN;5;20160704;175000;327.8500000;328.0000000;327.8000000;327.8500000;4110
TATN;5;20160704;175500;328.0000000;328.0000000;327.5500000;327.6000000;7330
TATN;5;20160704;180000;327.6000000;327.9500000;327.6000000;327.6500000;1110
TATN;5;20160704;180500;327.6500000;327.9500000;327.6000000;327.9500000;880
TATN;5;20160704;181000;327.9500000;327.9500000;327.7500000;327.7500000;1370
TATN;5;20160704;181500;327.7500000;328.0000000;327.7500000;328.0000000;1590
TATN;5;20160704;182000;328.0000000;328.0000000;327.9000000;328.0000000;34770
TATN;5;20160704;182500;327.9500000;328.0000000;327.9000000;327.9000000;2450
TATN;5;20160704;183000;327.8000000;328.0000000;327.5500000;328.0000000;10150
TATN;5;20160704;183500;328.0000000;328.6500000;327.7500000;328.6000000;4620
TATN;5;20160704;184000;328.5000000;328.6000000;327.3500000;327.9500000;16400
TATN;5;20160704;185000;327.3000000;327.3000000;327.3000000;327.3000000;9920
TATN;5;20160705;100500;326.5500000;326.8500000;325.4500000;325.7000000;16650
TATN;5;20160705;101000;325.7000000;325.7500000;325.1000000;325.1500000;12380
TATN;5;20160705;101500;325.4500000;325.8500000;324.6000000;325.3000000;17970
TATN;5;20160705;102000;325.2500000;325.3000000;324.5000000;324.7000000;17890
TATN;5;20160705;102500;324.5500000;325.3000000;324.5500000;324.6500000;10470
TATN;5;20160705;103000;325.0000000;325.4500000;324.6500000;325.0000000;12700
TATN;5;20160705;103500;325.0000000;325.2000000;324.5500000;325.1000000;24190
TATN;5;20160705;104000;324.8000000;325.1000000;324.6000000;324.9000000;3690
TATN;5;20160705;104500;324.8000000;324.9000000;324.2500000;324.5500000;22250
TATN;5;20160705;105000;324.4500000;324.4500000;324.2000000;324.2000000;4110
TATN;5;20160705;105500;324.2000000;324.3000000;324.0000000;324.2000000;12900
TATN;5;20160705;110000;324.0500000;324.1500000;323.2500000;323.5500000;35000
TATN;5;20160705;110500;323.4500000;324.1500000;323.4000000;324.1500000;8360
TATN;5;20160705;111000;324.2000000;324.2000000;323.4500000;323.7500000;12930
TATN;5;20160705;111500;323.7500000;323.9500000;323.2000000;323.8000000;15040
TATN;5;20160705;112000;323.6500000;323.9500000;323.5000000;323.8000000;3170
TATN;5;20160705;112500;323.6500000;323.7500000;323.4000000;323.4000000;5640
TATN;5;20160705;113000;323.4000000;323.9000000;323.3000000;323.7500000;9810
TATN;5;20160705;113500;323.7500000;324.0500000;323.5000000;323.8500000;4310
TATN;5;20160705;114000;323.8500000;323.8500000;323.1500000;323.6000000;27130
TATN;5;20160705;114500;323.6500000;323.6500000;322.8000000;322.9500000;18090
TATN;5;20160705;115000;322.9500000;323.5000000;322.8000000;323.5000000;5680
TATN;5;20160705;115500;323.5000000;323.5500000;323.0000000;323.2500000;8470
TATN;5;20160705;120000;323.2500000;323.2500000;322.8000000;323.0000000;10570
TATN;5;20160705;120500;322.8000000;323.0500000;322.3000000;322.6000000;14750
TATN;5;20160705;121000;322.4500000;322.7500000;322.1000000;322.5000000;16240
TATN;5;20160705;121500;322.5000000;322.5000000;321.3000000;321.6000000;22040
TATN;5;20160705;122000;321.6000000;322.0500000;321.3000000;322.0500000;17290
TATN;5;20160705;122500;322.0500000;322.2000000;321.3000000;321.6000000;12020
TATN;5;20160705;123000;321.6000000;321.9500000;321.1000000;321.3000000;17590
TATN;5;20160705;123500;321.3000000;321.3500000;320.5000000;320.8500000;24250
TATN;5;20160705;124000;320.8500000;320.9000000;320.2500000;320.5000000;9680
TATN;5;20160705;124500;320.5000000;321.3000000;320.5000000;321.1000000;8810
TATN;5;20160705;125000;321.1000000;321.1000000;320.4000000;320.7000000;5360
TATN;5;20160705;125500;320.7000000;320.9500000;320.2500000;320.9500000;6250
TATN;5;20160705;130000;320.9500000;321.1000000;320.6000000;320.8500000;3020
TATN;5;20160705;130500;320.9000000;320.9500000;320.2500000;320.3000000;13370
TATN;5;20160705;131000;320.3000000;320.6000000;320.2000000;320.3500000;6090
TATN;5;20160705;131500;320.3500000;320.6000000;320.1000000;320.3000000;10370
TATN;5;20160705;132000;320.2000000;320.4000000;320.1000000;320.3500000;10530
TATN;5;20160705;132500;320.3500000;320.4500000;320.1000000;320.4000000;6910
TATN;5;20160705;133000;320.4000000;320.6000000;320.2500000;320.6000000;2170
TATN;5;20160705;133500;320.6000000;320.6000000;320.3000000;320.5500000;2520
TATN;5;20160705;134000;320.5500000;320.8000000;320.3000000;320.7500000;9020
TATN;5;20160705;134500;320.7500000;320.8000000;320.4500000;320.6000000;3810
TATN;5;20160705;135000;320.6500000;320.6500000;320.3000000;320.5500000;10560
TATN;5;20160705;135500;320.4000000;320.5500000;320.1000000;320.2500000;11040
TATN;5;20160705;140000;320.2500000;320.5000000;320.1000000;320.5000000;4540
TATN;5;20160705;140500;320.4500000;320.6500000;320.3000000;320.4500000;3730
TATN;5;20160705;141000;320.4500000;320.6500000;320.2500000;320.6000000;2730
TATN;5;20160705;141500;320.6000000;320.6000000;320.2000000;320.5000000;4180
TATN;5;20160705;142000;320.5000000;320.5000000;319.5000000;319.6000000;34990
TATN;5;20160705;142500;319.6500000;319.9000000;319.3000000;319.7000000;7790
TATN;5;20160705;143000;319.5000000;319.9000000;319.3000000;319.8000000;6800
TATN;5;20160705;143500;319.8500000;320.0500000;319.3500000;319.3500000;11000
TATN;5;20160705;144000;319.6000000;319.9500000;319.3500000;319.6500000;4580
TATN;5;20160705;144500;319.6500000;319.6500000;319.3000000;319.4000000;8050
TATN;5;20160705;145000;319.4500000;319.5500000;319.0000000;319.1500000;14470
TATN;5;20160705;145500;319.1500000;319.2000000;318.7000000;318.7500000;15880
TATN;5;20160705;150000;318.7500000;319.4000000;318.6500000;319.4000000;4470
TATN;5;20160705;150500;319.4000000;319.4000000;318.7000000;319.0000000;7270
TATN;5;20160705;151000;319.0000000;319.2000000;318.4000000;319.1500000;13350
TATN;5;20160705;151500;319.1500000;319.4500000;319.0500000;319.3500000;5840
TATN;5;20160705;152000;319.4000000;320.1500000;319.2000000;320.1500000;3720
TATN;5;20160705;152500;320.1500000;320.4500000;319.6000000;320.4500000;5200
TATN;5;20160705;153000;320.4500000;320.9500000;320.0000000;320.3000000;21590
TATN;5;20160705;153500;320.1000000;320.2500000;319.7000000;320.1000000;5210
TATN;5;20160705;154000;320.1000000;320.1500000;319.9000000;320.1000000;1150
TATN;5;20160705;154500;320.1000000;320.5500000;319.9000000;320.5500000;6650
TATN;5;20160705;155000;320.5500000;320.9000000;320.4500000;320.8000000;8130
TATN;5;20160705;155500;320.8000000;321.5000000;320.8000000;321.5000000;6790
TATN;5;20160705;160000;321.5000000;321.5500000;320.8000000;321.1000000;3120
TATN;5;20160705;160500;321.1000000;321.1000000;319.8500000;320.6000000;8030
TATN;5;20160705;161000;320.6000000;320.6000000;319.9000000;320.2000000;2990
TATN;5;20160705;161500;320.2000000;320.4000000;319.5000000;319.9000000;9180
TATN;5;20160705;162000;319.8500000;319.9000000;319.4500000;319.6500000;4230
TATN;5;20160705;162500;319.6500000;319.6500000;319.1000000;319.4000000;10450
TATN;5;20160705;163000;319.4000000;320.3000000;319.4000000;320.3000000;4770
TATN;5;20160705;163500;320.3000000;320.3000000;319.5500000;320.1500000;4840
TATN;5;20160705;164000;320.1500000;320.1500000;319.6500000;320.0000000;2360
TATN;5;20160705;164500;320.0000000;320.1500000;319.5500000;320.0000000;2670
TATN;5;20160705;165000;320.0000000;320.1500000;319.5000000;319.7500000;3670
TATN;5;20160705;165500;319.7500000;319.8000000;319.0000000;319.4000000;6950
TATN;5;20160705;170000;319.5000000;319.5000000;318.6000000;319.1500000;19720
TATN;5;20160705;170500;319.2000000;320.0500000;319.0000000;320.0000000;6650
TATN;5;20160705;171000;319.8000000;320.7000000;319.7500000;320.6000000;3360
TATN;5;20160705;171500;320.6000000;320.8500000;320.2500000;320.8500000;7420
TATN;5;20160705;172000;320.7500000;320.8000000;320.2000000;320.6000000;3040
TATN;5;20160705;172500;320.6000000;320.6000000;320.2000000;320.4000000;4640
TATN;5;20160705;173000;320.4000000;321.2500000;320.3000000;321.2500000;6220
TATN;5;20160705;173500;321.2500000;321.4500000;321.0000000;321.4500000;10830
TATN;5;20160705;174000;321.4000000;321.4500000;321.2500000;321.4500000;2610
TATN;5;20160705;174500;321.4500000;321.6000000;321.3500000;321.5500000;20510
TATN;5;20160705;175000;321.5500000;321.5500000;321.3000000;321.5000000;2070
TATN;5;20160705;175500;321.5000000;321.5500000;321.3000000;321.5000000;1510
TATN;5;20160705;180000;321.5000000;321.5000000;321.3000000;321.4500000;1200
TATN;5;20160705;180500;321.4500000;321.4500000;320.4500000;321.0000000;5960
TATN;5;20160705;181000;321.0000000;321.1000000;320.6500000;320.6500000;1750
TATN;5;20160705;181500;320.9000000;321.1500000;320.9000000;321.0500000;1330
TATN;5;20160705;182000;321.0500000;321.4500000;320.9000000;321.4500000;3100
TATN;5;20160705;182500;321.4500000;321.9000000;321.3000000;321.8500000;6110
TATN;5;20160705;183000;321.8500000;321.8500000;321.3000000;321.3500000;6480
TATN;5;20160705;183500;321.2500000;321.2500000;319.7500000;320.1500000;13230
TATN;5;20160705;184000;320.5500000;321.3000000;319.6500000;320.0000000;15510
TATN;5;20160705;185000;322.0000000;322.0000000;322.0000000;322.0000000;47710
TATN;5;20160706;100500;320.5500000;322.2500000;320.4500000;321.7000000;17260
TATN;5;20160706;101000;322.0500000;322.3500000;321.0500000;321.1000000;9280
TATN;5;20160706;101500;321.2500000;321.2500000;319.1000000;319.1500000;28700
TATN;5;20160706;102000;319.3500000;319.5000000;319.0000000;319.1000000;27360
TATN;5;20160706;102500;319.3000000;320.0500000;318.7500000;319.3000000;31150
TATN;5;20160706;103000;319.5500000;320.3500000;319.4000000;320.3500000;10190
TATN;5;20160706;103500;320.3500000;320.5000000;320.0500000;320.3500000;5100
TATN;5;20160706;104000;320.2500000;320.4000000;319.8500000;320.2000000;6380
TATN;5;20160706;104500;320.1500000;320.2500000;318.9000000;319.1500000;12260
TATN;5;20160706;105000;319.1500000;319.2000000;318.5500000;318.5500000;20600
TATN;5;20160706;105500;318.7000000;318.9000000;318.1500000;318.1500000;13350
TATN;5;20160706;110000;318.2500000;318.4500000;318.0500000;318.1000000;15740
TATN;5;20160706;110500;318.3500000;318.6500000;318.2500000;318.3500000;4810
TATN;5;20160706;111000;318.5000000;318.6000000;318.2000000;318.3500000;3780
TATN;5;20160706;111500;318.4500000;318.9000000;318.4500000;318.6500000;3800
TATN;5;20160706;112000;318.9500000;318.9500000;318.5500000;318.8500000;4520
TATN;5;20160706;112500;318.9000000;319.3500000;318.7500000;319.2500000;7870
TATN;5;20160706;113000;319.4000000;319.5000000;318.3500000;318.3500000;8590
TATN;5;20160706;113500;318.5000000;318.5000000;318.1000000;318.4500000;12540
TATN;5;20160706;114000;318.1500000;318.3500000;317.8000000;317.8000000;28050
TATN;5;20160706;114500;317.7500000;317.7500000;317.1500000;317.1500000;23260
TATN;5;20160706;115000;317.2000000;318.0000000;317.1000000;318.0000000;5510
TATN;5;20160706;115500;317.7000000;318.2500000;317.7000000;318.1000000;4700
TATN;5;20160706;120000;317.8500000;318.3000000;317.8500000;318.1000000;5960
TATN;5;20160706;120500;318.0000000;318.1000000;317.8000000;317.9000000;4210
TATN;5;20160706;121000;317.9000000;318.1000000;317.6500000;317.6500000;8170
TATN;5;20160706;121500;317.6500000;317.9500000;317.5500000;317.5500000;5530
TATN;5;20160706;122000;317.6000000;318.3000000;317.6000000;318.3000000;3600
TATN;5;20160706;122500;318.2000000;318.3000000;318.2000000;318.3000000;4810
TATN;5;20160706;123000;318.3000000;318.3000000;318.0500000;318.3000000;460
TATN;5;20160706;123500;318.1000000;318.3000000;318.1000000;318.3000000;1100
TATN;5;20160706;124000;318.1000000;318.5000000;318.1000000;318.2500000;1710
TATN;5;20160706;124500;318.2500000;318.5000000;318.2500000;318.5000000;1700
TATN;5;20160706;125000;318.5000000;318.5000000;318.2500000;318.2500000;820
TATN;5;20160706;125500;318.2500000;318.6500000;318.2000000;318.6500000;4920
TATN;5;20160706;130000;318.6500000;320.5000000;318.6500000;319.6000000;34920
TATN;5;20160706;130500;319.7500000;320.0000000;319.4000000;319.4000000;3600
TATN;5;20160706;131000;319.8000000;319.8000000;318.7500000;318.7500000;3980
TATN;5;20160706;131500;319.2500000;319.2500000;318.3000000;318.3500000;3890
TATN;5;20160706;132000;318.3500000;319.2000000;318.3500000;318.7500000;6320
TATN;5;20160706;132500;318.7500000;318.7500000;318.3000000;318.7500000;1510
TATN;5;20160706;133000;318.5000000;318.9500000;318.0000000;318.6000000;28850
TATN;5;20160706;133500;318.3000000;318.3000000;317.5000000;317.5000000;20580
TATN;5;20160706;134000;317.5500000;318.1000000;317.2500000;317.2500000;22120
TATN;5;20160706;134500;317.3000000;317.8000000;317.2500000;317.4500000;1710
TATN;5;20160706;135000;317.4500000;317.7000000;317.2500000;317.3000000;2960
TATN;5;20160706;135500;317.5500000;317.7000000;317.2500000;317.2500000;4480
TATN;5;20160706;140000;317.2500000;317.6500000;317.1000000;317.1500000;7710
TATN;5;20160706;140500;317.2000000;317.4000000;317.1000000;317.1500000;510
TATN;5;20160706;141000;317.1500000;318.2000000;317.1500000;318.2000000;10170
TATN;5;20160706;141500;317.9500000;319.1500000;317.9500000;318.7000000;11160
TATN;5;20160706;142000;318.8000000;319.2000000;318.6500000;319.2000000;3900
TATN;5;20160706;142500;319.2000000;319.2000000;318.5500000;318.6500000;6360
TATN;5;20160706;143000;318.6500000;319.0000000;318.5000000;318.5500000;9200
TATN;5;20160706;143500;318.5000000;318.5000000;317.5500000;317.6000000;5490
TATN;5;20160706;144000;317.6000000;317.9500000;317.5500000;317.8000000;1290
TATN;5;20160706;144500;317.9000000;318.0000000;317.4000000;317.4000000;2170
TATN;5;20160706;145000;317.4000000;317.6500000;317.3000000;317.3500000;940
TATN;5;20160706;145500;317.3500000;317.7500000;317.3500000;317.4000000;1410
TATN;5;20160706;150000;317.4000000;317.5500000;317.3000000;317.3000000;1290
TATN;5;20160706;150500;317.3000000;317.5000000;317.3000000;317.3500000;3500
TATN;5;20160706;151000;317.3500000;317.5500000;317.3000000;317.3500000;2160
TATN;5;20160706;151500;317.4000000;317.7500000;317.3500000;317.4500000;790
TATN;5;20160706;152000;317.4500000;317.7500000;317.4500000;317.7500000;630
TATN;5;20160706;152500;317.7500000;317.7500000;317.6500000;317.6500000;1400
TATN;5;20160706;153000;317.6500000;318.0500000;317.6500000;317.8000000;4120
TATN;5;20160706;153500;317.8000000;318.0000000;317.7000000;317.7500000;5260
TATN;5;20160706;154000;317.7500000;317.9000000;317.7000000;317.7500000;5130
TATN;5;20160706;154500;317.7500000;317.7500000;317.7000000;317.7000000;4550
TATN;5;20160706;155000;317.7000000;317.7500000;317.7000000;317.7000000;9580
TATN;5;20160706;155500;317.7000000;318.0000000;317.7000000;318.0000000;2570
TATN;5;20160706;160000;318.0000000;319.0000000;318.0000000;318.4500000;22940
TATN;5;20160706;160500;318.4500000;319.0000000;318.3500000;318.9000000;30540
TATN;5;20160706;161000;318.8000000;319.0000000;318.7500000;318.7500000;3950
TATN;5;20160706;161500;318.9000000;319.0000000;318.5500000;318.5500000;2440
TATN;5;20160706;162000;318.5000000;318.9500000;318.5000000;318.9000000;7500
TATN;5;20160706;162500;318.9000000;319.0000000;318.8000000;318.8000000;12740
TATN;5;20160706;163000;318.8000000;318.8000000;318.3500000;318.3500000;5460
TATN;5;20160706;163500;318.4000000;319.0000000;318.2000000;318.9000000;5220
TATN;5;20160706;164000;318.8000000;319.0000000;318.7000000;319.0000000;27290
TATN;5;20160706;164500;319.0000000;319.0000000;318.7000000;318.7000000;1560
TATN;5;20160706;165000;318.8500000;319.0000000;318.8500000;318.8500000;25840
TATN;5;20160706;165500;318.8500000;318.8500000;318.5000000;318.7500000;7330
TATN;5;20160706;170000;318.8500000;319.0000000;318.4500000;318.5500000;3840
TATN;5;20160706;170500;318.7500000;319.0000000;318.7000000;318.7000000;20750
TATN;5;20160706;171000;318.7000000;318.9500000;318.5500000;318.5500000;5930
TATN;5;20160706;171500;318.5500000;318.6500000;318.5000000;318.6500000;750
TATN;5;20160706;172000;318.7500000;319.0000000;318.5500000;318.7500000;6120
TATN;5;20160706;172500;318.6000000;318.9500000;318.6000000;318.6500000;7990
TATN;5;20160706;173000;318.6500000;319.0000000;318.6500000;318.7500000;4820
TATN;5;20160706;173500;318.7500000;318.9500000;318.5000000;318.8500000;2980
TATN;5;20160706;174000;318.8500000;318.8500000;318.8000000;318.8000000;710
TATN;5;20160706;174500;318.8000000;319.0000000;318.7000000;318.9500000;5050
TATN;5;20160706;175000;318.9500000;319.1000000;318.8000000;319.0000000;50860
TATN;5;20160706;175500;319.0000000;319.6000000;318.9500000;319.5000000;47620
TATN;5;20160706;180000;319.2500000;319.5000000;319.2500000;319.4500000;2580
TATN;5;20160706;180500;319.4500000;320.3000000;319.3000000;320.3000000;79070
TATN;5;20160706;181000;320.3000000;321.5000000;320.3000000;321.3500000;40230
TATN;5;20160706;181500;321.2000000;321.6000000;321.1000000;321.5500000;10260
TATN;5;20160706;182000;321.5000000;321.9000000;321.3500000;321.7000000;14360
TATN;5;20160706;182500;321.9000000;322.2000000;321.2500000;321.7000000;27880
TATN;5;20160706;183000;321.7000000;322.3000000;321.5500000;322.1500000;9550
TATN;5;20160706;183500;322.3000000;322.3000000;321.6500000;321.9500000;19210
TATN;5;20160706;184000;321.9500000;321.9500000;321.1000000;321.9000000;97270
TATN;5;20160706;185000;321.1500000;321.1500000;321.1500000;321.1500000;52910
TATN;5;20160707;100500;314.1500000;317.5000000;314.1500000;317.0000000;181800
TATN;5;20160707;101000;317.0500000;319.1500000;316.6000000;318.8000000;152050
TATN;5;20160707;101500;318.8000000;319.8500000;318.1000000;319.7500000;234010
TATN;5;20160707;102000;319.7500000;319.8000000;317.2500000;317.4000000;86970
TATN;5;20160707;102500;317.6500000;318.1000000;317.2500000;317.4500000;25040
TATN;5;20160707;103000;317.4500000;317.9500000;317.1000000;317.7500000;62280
TATN;5;20160707;103500;317.7500000;318.1000000;317.4000000;318.1000000;7290
TATN;5;20160707;104000;318.1000000;318.5000000;317.5500000;318.5000000;27500
TATN;5;20160707;104500;318.5000000;318.7500000;317.5000000;317.5000000;18210
TATN;5;20160707;105000;317.5000000;318.4000000;317.5000000;317.8500000;11050
TATN;5;20160707;105500;318.0000000;318.5500000;317.9500000;318.2500000;7210
TATN;5;20160707;110000;318.2500000;318.5500000;318.0000000;318.2500000;8250
TATN;5;20160707;110500;318.2500000;318.4000000;317.8000000;317.9000000;8130
TATN;5;20160707;111000;318.0500000;318.1000000;317.6500000;318.0500000;6670
TATN;5;20160707;111500;317.9500000;318.5000000;317.7500000;318.5000000;11840
TATN;5;20160707;112000;318.2000000;318.8500000;318.2000000;318.5000000;6440
TATN;5;20160707;112500;318.6500000;318.8000000;318.4000000;318.7000000;9790
TATN;5;20160707;113000;318.7000000;318.9000000;318.4500000;318.8000000;16080
TATN;5;20160707;113500;318.6500000;318.8500000;318.5500000;318.8500000;2330
TATN;5;20160707;114000;318.8000000;318.8500000;318.5500000;318.8500000;1500
TATN;5;20160707;114500;318.6000000;318.7500000;318.5000000;318.5000000;2740
TATN;5;20160707;115000;318.5000000;319.0000000;318.4000000;319.0000000;34110
TATN;5;20160707;115500;319.0000000;319.0000000;318.8000000;319.0000000;11710
TATN;5;20160707;120000;319.0000000;319.0000000;318.8000000;318.9500000;10850
TATN;5;20160707;120500;318.9500000;319.3000000;318.9000000;319.3000000;9610
TATN;5;20160707;121000;319.3000000;319.3000000;318.7500000;319.2500000;24810
TATN;5;20160707;121500;319.2500000;319.3000000;318.8000000;318.8000000;11910
TATN;5;20160707;122000;318.8000000;319.1500000;318.7000000;319.0500000;5740
TATN;5;20160707;122500;319.0500000;319.3000000;319.0500000;319.2000000;2360
TATN;5;20160707;123000;319.1500000;319.3000000;319.1000000;319.2500000;2900
TATN;5;20160707;123500;319.2500000;319.4000000;319.1000000;319.4000000;5750
TATN;5;20160707;124000;319.4000000;319.6500000;319.4000000;319.6500000;7600
TATN;5;20160707;124500;319.6500000;319.9500000;319.4500000;319.9500000;21020
TATN;5;20160707;125000;319.9000000;320.0000000;319.8500000;319.9000000;15690
TATN;5;20160707;125500;320.0000000;320.0000000;319.9000000;320.0000000;3620
TATN;5;20160707;130000;320.0000000;320.1500000;319.8500000;320.1500000;11990
TATN;5;20160707;130500;320.1500000;320.4500000;320.1500000;320.4000000;9050
TATN;5;20160707;131000;320.4000000;320.5000000;320.1000000;320.4500000;8330
TATN;5;20160707;131500;320.3000000;320.5000000;320.2500000;320.5000000;6970
TATN;5;20160707;132000;320.3000000;320.3000000;320.1000000;320.1000000;1180
TATN;5;20160707;132500;320.0000000;320.3500000;319.9000000;320.2500000;7420
TATN;5;20160707;133000;320.2000000;320.3500000;319.9000000;320.2000000;5020
TATN;5;20160707;133500;320.2000000;320.5500000;320.0000000;320.3500000;7930
TATN;5;20160707;134000;320.2000000;320.2000000;320.2000000;320.2000000;20
TATN;5;20160707;134500;320.2000000;320.5000000;320.2000000;320.4500000;890
TATN;5;20160707;135000;320.4500000;320.5000000;319.9000000;319.9500000;5150
TATN;5;20160707;135500;319.9000000;320.2000000;319.9000000;320.0000000;3260
TATN;5;20160707;140000;319.9000000;320.0500000;319.8500000;320.0500000;9210
TATN;5;20160707;140500;319.8500000;319.8500000;319.0000000;319.2500000;23150
TATN;5;20160707;141000;319.1000000;319.3000000;319.1000000;319.3000000;1080
TATN;5;20160707;141500;319.3500000;319.5500000;319.3500000;319.5500000;1100
TATN;5;20160707;142000;319.5500000;319.5500000;319.4500000;319.5000000;1960
TATN;5;20160707;142500;319.5000000;320.2000000;319.3000000;319.9500000;6990
TATN;5;20160707;143000;319.5000000;319.5000000;318.6000000;318.6000000;6950
TATN;5;20160707;143500;318.5500000;318.8500000;318.2000000;318.4000000;8720
TATN;5;20160707;144000;318.4000000;318.6500000;318.2500000;318.5000000;3350
TATN;5;20160707;144500;318.4500000;318.6500000;318.3500000;318.3500000;1040
TATN;5;20160707;145000;318.6500000;319.2500000;318.6500000;319.2500000;1140
TATN;5;20160707;145500;318.6500000;318.6500000;318.0500000;318.0500000;3420
TATN;5;20160707;150000;318.1500000;318.3500000;317.8000000;317.8000000;4600
TATN;5;20160707;150500;317.9000000;318.5000000;317.8000000;318.2000000;4110
TATN;5;20160707;151500;318.3500000;318.6500000;318.3500000;318.6500000;1620
TATN;5;20160707;152000;318.5000000;318.7000000;318.2000000;318.5500000;3210
TATN;5;20160707;152500;318.5500000;318.7500000;318.1500000;318.7500000;5590
TATN;5;20160707;153000;318.6500000;318.6500000;318.0000000;318.3000000;3220
TATN;5;20160707;153500;318.2500000;318.5500000;318.0000000;318.3500000;5700
TATN;5;20160707;154000;318.4500000;318.5000000;318.0000000;318.4500000;6540
TATN;5;20160707;154500;318.2000000;318.3000000;318.0000000;318.0000000;2480
TATN;5;20160707;155000;318.0000000;318.1500000;317.9000000;318.1500000;2230
TATN;5;20160707;155500;318.1500000;318.4500000;318.0000000;318.4500000;4510
TATN;5;20160707;160000;318.4500000;318.5500000;318.4500000;318.5000000;2060
TATN;5;20160707;160500;318.5000000;318.5500000;318.0500000;318.0500000;3220
TATN;5;20160707;161000;318.2500000;318.3000000;318.2500000;318.2500000;830
TATN;5;20160707;161500;318.2000000;318.4000000;318.2000000;318.4000000;860
TATN;5;20160707;162000;318.3000000;318.3500000;318.3000000;318.3500000;1150
TATN;5;20160707;162500;318.1500000;318.1500000;318.0000000;318.0000000;2560
TATN;5;20160707;163000;318.1500000;318.2500000;318.1500000;318.2500000;1390
TATN;5;20160707;163500;318.2500000;318.6500000;317.9000000;317.9000000;7850
TATN;5;20160707;164000;317.9000000;318.1000000;317.2000000;317.2000000;17140
TATN;5;20160707;164500;317.2000000;318.1000000;317.2000000;317.4500000;2550
TATN;5;20160707;165000;317.7000000;318.0000000;317.5000000;317.5000000;7190
TATN;5;20160707;165500;317.6000000;318.2500000;317.5500000;318.2500000;2670
TATN;5;20160707;170000;318.0000000;318.0000000;317.2500000;317.6000000;7760
TATN;5;20160707;170500;317.4000000;317.4000000;317.1000000;317.1000000;4730
TATN;5;20160707;171000;317.1500000;317.1500000;316.7000000;316.8500000;13220
TATN;5;20160707;171500;316.7000000;316.8000000;316.1500000;316.6000000;10540
TATN;5;20160707;172000;316.6000000;316.6500000;316.4500000;316.6500000;2650
TATN;5;20160707;172500;316.8500000;316.8500000;316.5000000;316.7500000;2510
TATN;5;20160707;173000;316.7000000;317.4000000;316.4500000;316.4500000;13370
TATN;5;20160707;173500;316.5000000;317.1500000;316.5000000;316.7000000;2490
TATN;5;20160707;174000;316.8000000;316.8000000;316.6500000;316.7000000;3110
TATN;5;20160707;174500;316.7500000;316.7500000;316.6000000;316.7000000;3160
TATN;5;20160707;175000;316.7000000;316.7000000;316.5500000;316.6500000;3010
TATN;5;20160707;175500;316.6500000;316.6500000;316.3500000;316.5000000;3980
TATN;5;20160707;180000;316.5000000;316.5000000;316.4000000;316.4500000;3440
TATN;5;20160707;180500;316.4500000;316.4500000;316.0000000;316.0000000;32330
TATN;5;20160707;181000;316.0000000;316.5000000;315.3500000;315.3500000;52170
TATN;5;20160707;181500;315.3500000;315.8000000;315.0000000;315.6000000;16900
TATN;5;20160707;182000;315.6000000;315.8000000;315.2500000;315.4000000;7540
TATN;5;20160707;182500;315.5000000;315.7000000;315.4000000;315.4500000;3340
TATN;5;20160707;183000;315.4000000;315.5000000;315.0000000;315.0000000;33430
TATN;5;20160707;183500;315.0000000;315.4500000;314.3500000;315.1000000;38210
TATN;5;20160707;184000;314.6500000;315.1000000;314.0000000;314.0500000;36740
TATN;5;20160707;185000;314.3500000;314.3500000;314.3500000;314.3500000;14660
TATN;5;20160708;100500;312.7000000;313.2500000;311.0000000;311.2000000;43990
TATN;5;20160708;101000;311.2000000;311.7500000;311.1500000;311.5500000;11650
TATN;5;20160708;101500;311.3500000;311.6500000;310.9000000;310.9000000;20400
TATN;5;20160708;102000;310.9500000;311.2500000;310.9000000;311.2000000;20420
TATN;5;20160708;102500;310.9500000;312.2500000;310.6000000;312.0000000;41980
TATN;5;20160708;103000;311.7500000;311.8500000;311.1000000;311.5000000;12790
TATN;5;20160708;103500;311.5000000;311.9000000;311.4000000;311.7000000;5610
TATN;5;20160708;104000;311.5000000;312.4000000;311.5000000;311.6000000;22720
TATN;5;20160708;104500;311.6000000;312.3500000;311.4000000;312.3500000;18650
TATN;5;20160708;105000;312.1000000;312.3000000;311.6000000;311.6000000;4070
TATN;5;20160708;105500;311.6000000;311.6000000;311.3000000;311.3000000;11150
TATN;5;20160708;110000;311.3000000;311.4000000;311.1500000;311.1500000;4090
TATN;5;20160708;110500;311.1500000;311.2000000;311.0500000;311.0500000;7510
TATN;5;20160708;111000;311.1000000;311.5000000;311.1000000;311.2000000;4560
TATN;5;20160708;111500;311.1500000;311.7000000;311.1000000;311.7000000;3870
TATN;5;20160708;112000;311.7000000;311.8000000;311.4000000;311.5000000;3390
TATN;5;20160708;112500;311.5000000;311.5000000;311.1000000;311.1000000;4940
TATN;5;20160708;113000;311.1500000;311.4000000;311.1000000;311.1500000;4130
TATN;5;20160708;113500;311.1500000;311.3500000;309.3000000;309.9000000;62990
TATN;5;20160708;114000;309.8000000;310.3000000;309.8000000;309.9500000;3860
TATN;5;20160708;114500;309.9500000;310.4500000;309.7500000;309.8000000;15110
TATN;5;20160708;115000;309.6000000;309.9000000;308.7500000;309.0000000;18800
TATN;5;20160708;115500;308.8500000;309.0500000;308.8000000;309.0500000;3190
TATN;5;20160708;120000;308.8500000;309.0000000;307.3500000;307.7500000;41150
TATN;5;20160708;120500;307.4000000;307.5000000;305.9500000;306.4000000;46000
TATN;5;20160708;121000;306.2000000;306.7500000;306.1500000;306.7500000;16270
TATN;5;20160708;121500;306.4500000;306.8000000;306.2000000;306.2000000;10680
TATN;5;20160708;122000;306.1500000;306.6500000;306.1500000;306.6000000;5110
TATN;5;20160708;122500;306.6500000;307.1000000;306.6500000;307.1000000;4940
TATN;5;20160708;123000;307.1000000;307.8500000;307.1000000;307.8500000;3360
TATN;5;20160708;123500;307.8000000;308.3500000;307.7500000;308.1000000;9480
TATN;5;20160708;124000;307.8500000;307.9000000;307.1000000;307.1000000;2900
TATN;5;20160708;124500;307.0000000;307.0000000;306.2500000;306.6500000;12410
TATN;5;20160708;125000;306.6500000;306.9500000;306.2000000;306.7000000;12370
TATN;5;20160708;125500;306.9500000;307.5000000;306.9500000;307.5000000;1090
TATN;5;20160708;130000;307.5000000;308.4000000;307.5000000;308.4000000;4080
TATN;5;20160708;130500;308.4000000;308.9000000;308.1500000;308.9000000;4080
TATN;5;20160708;131000;308.7500000;309.0500000;308.7500000;309.0000000;1730
TATN;5;20160708;131500;309.0000000;309.8000000;309.0000000;309.6500000;5600
TATN;5;20160708;132000;309.6500000;309.7000000;309.2000000;309.2000000;4230
TATN;5;20160708;132500;309.4000000;309.4500000;309.0000000;309.4000000;1780
TATN;5;20160708;133000;309.1000000;309.4000000;308.8000000;309.3500000;1390
TATN;5;20160708;133500;309.3500000;309.3500000;308.6500000;309.0000000;3870
TATN;5;20160708;134000;309.0000000;309.0500000;308.6500000;308.7000000;2610
TATN;5;20160708;134500;308.7000000;309.0000000;308.2000000;308.9500000;12860
TATN;5;20160708;135000;308.6000000;308.8500000;308.5500000;308.8000000;650
TATN;5;20160708;135500;308.8500000;309.1000000;308.8500000;309.1000000;2920
TATN;5;20160708;140000;309.3500000;309.4500000;309.1500000;309.1500000;3020
TATN;5;20160708;140500;309.4000000;309.4500000;309.4000000;309.4000000;2980
TATN;5;20160708;141000;309.4000000;309.5000000;309.1000000;309.4500000;5600
TATN;5;20160708;141500;309.5000000;309.8000000;309.5000000;309.8000000;4900
TATN;5;20160708;142000;309.8000000;310.6000000;309.8000000;310.6000000;7260
TATN;5;20160708;142500;310.5500000;310.8000000;310.3000000;310.8000000;12260
TATN;5;20160708;143000;310.7500000;311.6000000;310.7000000;311.3500000;19490
TATN;5;20160708;143500;311.6000000;311.8500000;311.4500000;311.8500000;8750
TATN;5;20160708;144000;311.7500000;311.9000000;311.5000000;311.5000000;5980
TATN;5;20160708;144500;311.5500000;311.9000000;311.2500000;311.9000000;14110
TATN;5;20160708;145000;311.8000000;311.9000000;311.5000000;311.9000000;1740
TATN;5;20160708;145500;311.8000000;311.9000000;311.7000000;311.9000000;8130
TATN;5;20160708;150000;311.7000000;311.8000000;311.6000000;311.7500000;2450
TATN;5;20160708;150500;311.7000000;311.7500000;311.6000000;311.6000000;260
TATN;5;20160708;151000;311.6500000;311.6500000;311.4000000;311.4000000;1660
TATN;5;20160708;151500;311.2500000;311.2500000;310.8500000;310.9000000;4430
TATN;5;20160708;152000;310.8000000;310.9000000;310.8000000;310.9000000;30
TATN;5;20160708;152500;310.9000000;310.9000000;310.8000000;310.8000000;80
TATN;5;20160708;153000;310.8000000;310.8000000;310.8000000;310.8000000;10
TATN;5;20160708;153500;310.9500000;311.2500000;307.9000000;308.6000000;22850
TATN;5;20160708;154000;308.9500000;310.1500000;308.9500000;310.1500000;5800
TATN;5;20160708;154500;310.2000000;312.3000000;310.2000000;311.7500000;34280
TATN;5;20160708;155000;311.3500000;312.4000000;310.5500000;312.3500000;15890
TATN;5;20160708;155500;312.1000000;312.4500000;311.8000000;312.4500000;7790
TATN;5;20160708;160000;312.1500000;312.7500000;312.0000000;312.5500000;5990
TATN;5;20160708;160500;312.7500000;312.8500000;312.2500000;312.3000000;10010
TATN;5;20160708;161000;312.1000000;312.1000000;311.4000000;311.4000000;1390
TATN;5;20160708;161500;311.6500000;311.9000000;311.5500000;311.5500000;2570
TATN;5;20160708;162000;311.5500000;311.9000000;311.5500000;311.9000000;1780
TATN;5;20160708;162500;311.9000000;312.3500000;311.9000000;312.3000000;2720
TATN;5;20160708;163000;312.4000000;312.8500000;312.2000000;312.8500000;5500
TATN;5;20160708;163500;312.8500000;313.1000000;312.8000000;312.8000000;4980
TATN;5;20160708;164000;312.9500000;313.1000000;312.9000000;313.1000000;2940
TATN;5;20160708;164500;313.1000000;313.4500000;313.1000000;313.4000000;14340
TATN;5;20160708;165000;313.4000000;313.4500000;313.1000000;313.1000000;9770
TATN;5;20160708;165500;313.3500000;313.4500000;313.1000000;313.1000000;3000
TATN;5;20160708;170000;313.3500000;313.4000000;312.9000000;312.9000000;4730
TATN;5;20160708;170500;313.2000000;313.2000000;311.1500000;312.8000000;7670
TATN;5;20160708;171000;312.8500000;313.0500000;312.6500000;312.9000000;760
TATN;5;20160708;171500;312.9000000;313.6500000;312.8500000;313.4500000;7040
TATN;5;20160708;172000;313.4500000;313.4500000;310.4500000;310.6500000;8240
TATN;5;20160708;172500;310.8000000;310.8000000;310.2000000;310.2500000;5610
TATN;5;20160708;173000;310.3000000;310.6000000;309.9500000;310.2000000;10990
TATN;5;20160708;173500;310.2000000;310.2000000;309.2000000;309.2500000;6600
TATN;5;20160708;174000;309.3000000;309.8000000;309.3000000;309.7000000;14620
TATN;5;20160708;174500;309.7000000;310.4000000;309.7000000;310.4000000;3510
TATN;5;20160708;175000;310.3500000;310.8500000;310.3500000;310.8500000;5170
TATN;5;20160708;175500;310.8500000;311.5500000;310.8500000;311.5000000;1860
TATN;5;20160708;180000;311.4000000;312.3500000;311.4000000;312.3500000;6760
TATN;5;20160708;180500;312.3500000;313.0500000;312.3500000;312.8500000;6530
TATN;5;20160708;181000;312.9000000;312.9000000;312.2500000;312.5000000;6590
TATN;5;20160708;181500;312.5000000;312.9000000;312.2000000;312.8000000;6970
TATN;5;20160708;182000;312.8000000;312.9500000;312.5500000;312.7500000;4380
TATN;5;20160708;182500;312.7500000;312.8000000;312.2500000;312.6500000;7160
TATN;5;20160708;183000;312.6500000;313.1500000;312.0000000;312.2000000;30140
TATN;5;20160708;183500;312.4000000;313.1500000;312.2000000;312.3000000;25350
TATN;5;20160708;184000;312.5500000;313.0000000;312.3000000;312.4000000;9450
TATN;5;20160708;185000;311.8000000;311.8000000;311.8000000;311.8000000;31360
TATN;5;20160711;100500;311.2000000;313.5000000;311.2000000;313.4000000;9510
TATN;5;20160711;101000;313.4000000;314.8000000;313.2000000;314.8000000;21860
TATN;5;20160711;101500;314.7000000;314.9500000;314.5000000;314.5500000;9530
TATN;5;20160711;102000;314.5000000;314.5000000;312.7500000;312.8500000;10920
TATN;5;20160711;102500;312.8500000;313.5500000;312.8500000;313.3500000;2570
TATN;5;20160711;103000;313.4000000;313.9500000;313.4000000;313.4000000;10370
TATN;5;20160711;103500;313.7000000;314.1000000;313.1500000;314.1000000;8360
TATN;5;20160711;104000;314.1000000;314.1000000;312.8000000;313.7500000;11070
TATN;5;20160711;104500;313.9000000;314.1000000;313.7000000;314.0000000;7190
TATN;5;20160711;105000;314.0000000;314.2000000;313.2000000;313.6500000;8130
TATN;5;20160711;105500;313.8000000;313.9500000;312.0000000;312.2500000;16280
TATN;5;20160711;110000;312.1000000;312.5500000;311.3500000;312.3000000;5440
TATN;5;20160711;110500;312.6000000;313.7500000;312.3500000;313.6000000;6940
TATN;5;20160711;111000;313.7500000;313.9000000;313.2500000;313.9000000;8440
TATN;5;20160711;111500;313.9000000;314.0000000;313.3500000;313.6500000;6230
TATN;5;20160711;112000;313.6500000;313.8500000;313.0000000;313.8500000;12890
TATN;5;20160711;112500;313.8500000;314.2000000;313.7500000;314.1000000;10520
TATN;5;20160711;113000;314.1500000;314.8000000;314.0500000;314.7500000;10310
TATN;5;20160711;113500;314.8000000;314.8000000;314.2000000;314.4000000;11010
TATN;5;20160711;114000;314.4000000;315.8500000;314.2000000;315.6000000;44560
TATN;5;20160711;114500;315.6500000;316.1000000;315.1500000;315.6000000;22990
TATN;5;20160711;115000;315.8500000;316.4000000;315.5500000;315.5500000;7090
TATN;5;20160711;115500;315.9000000;315.9000000;311.1000000;314.3000000;66440
TATN;5;20160711;120000;314.6000000;314.6000000;313.9500000;314.0000000;8730
TATN;5;20160711;120500;314.1000000;314.1000000;312.2000000;312.4000000;22350
TATN;5;20160711;121000;312.3500000;313.9000000;312.3000000;313.4500000;13490
TATN;5;20160711;121500;313.4000000;314.3000000;313.4000000;313.8000000;9850
TATN;5;20160711;122000;313.8000000;314.9500000;313.2500000;314.0000000;32120
TATN;5;20160711;122500;314.0000000;315.7000000;314.0000000;315.5500000;22070
TATN;5;20160711;123000;315.7000000;316.0000000;314.6500000;315.9000000;19130
TATN;5;20160711;123500;316.0000000;316.0000000;315.1500000;315.3000000;12880
TATN;5;20160711;124000;315.3000000;315.5000000;314.2000000;314.5500000;11830
TATN;5;20160711;124500;314.8000000;314.8000000;313.8000000;313.8000000;4090
TATN;5;20160711;125000;313.9500000;314.0000000;313.4000000;313.4000000;8570
TATN;5;20160711;125500;313.7000000;313.8500000;313.4000000;313.4000000;6660
TATN;5;20160711;130000;313.5000000;314.2000000;313.4000000;314.2000000;2500
TATN;5;20160711;130500;314.3500000;315.4500000;314.3500000;314.8500000;9220
TATN;5;20160711;131000;315.0000000;315.0000000;314.7500000;314.8000000;890
TATN;5;20160711;131500;315.2000000;315.2500000;314.5500000;314.5500000;5050
TATN;5;20160711;132000;314.5500000;315.0500000;314.5500000;314.9000000;2390
TATN;5;20160711;132500;315.1000000;315.2500000;314.0500000;314.1500000;13720
TATN;5;20160711;133000;314.1000000;314.8000000;314.0000000;314.6000000;13700
TATN;5;20160711;133500;314.5000000;314.5000000;313.4500000;314.0000000;8870
TATN;5;20160711;134000;313.9500000;314.3000000;313.9500000;314.3000000;1060
TATN;5;20160711;134500;314.5000000;314.6500000;313.9500000;314.3500000;4680
TATN;5;20160711;135000;314.1500000;314.3500000;314.1500000;314.3500000;870
TATN;5;20160711;135500;314.2500000;314.7500000;314.2000000;314.2000000;5190
TATN;5;20160711;140000;314.2500000;314.4000000;314.0000000;314.3500000;5320
TATN;5;20160711;140500;314.1500000;314.5000000;314.1000000;314.1000000;3340
TATN;5;20160711;141000;314.2500000;314.9000000;314.0000000;314.9000000;7020
TATN;5;20160711;141500;314.9000000;314.9000000;314.4500000;314.4500000;3470
TATN;5;20160711;142000;314.6000000;314.7000000;314.3500000;314.6000000;1140
TATN;5;20160711;142500;314.6000000;314.8000000;314.6000000;314.7500000;4490
TATN;5;20160711;143000;314.8000000;314.8000000;313.6000000;313.6000000;18130
TATN;5;20160711;143500;313.7000000;314.1500000;313.6500000;314.1500000;1600
TATN;5;20160711;144000;314.4500000;314.8000000;314.0500000;314.5500000;6860
TATN;5;20160711;144500;314.2500000;314.6000000;314.2500000;314.5000000;4140
TATN;5;20160711;145000;314.3000000;314.4500000;313.8500000;313.9000000;6130
TATN;5;20160711;145500;314.0000000;314.0000000;313.9000000;313.9500000;6840
TATN;5;20160711;150000;314.0000000;314.0000000;313.8000000;313.8000000;4490
TATN;5;20160711;150500;313.9000000;313.9500000;313.4000000;313.4000000;5150
TATN;5;20160711;151000;313.4500000;313.8500000;313.4500000;313.8500000;760
TATN;5;20160711;151500;313.9000000;313.9500000;313.6500000;313.7000000;5010
TATN;5;20160711;152000;313.6500000;314.0000000;313.6500000;313.9500000;8000
TATN;5;20160711;152500;313.7000000;313.7000000;313.7000000;313.7000000;230
TATN;5;20160711;153000;313.8500000;313.8500000;313.5500000;313.5500000;2550
TATN;5;20160711;153500;313.8000000;314.2500000;313.8000000;314.2500000;7360
TATN;5;20160711;154000;314.2500000;314.4500000;314.2000000;314.3500000;3650
TATN;5;20160711;154500;314.3500000;314.5000000;314.0500000;314.4500000;5540
TATN;5;20160711;155000;314.4500000;314.5000000;314.2500000;314.2500000;960
TATN;5;20160711;155500;314.3500000;314.5500000;314.3500000;314.4500000;11980
TATN;5;20160711;160000;314.4500000;314.4500000;314.2000000;314.3000000;5500
TATN;5;20160711;160500;314.3000000;314.5000000;314.0000000;314.3500000;6140
TATN;5;20160711;161000;314.1500000;314.3500000;314.1500000;314.3500000;1260
TATN;5;20160711;161500;314.3500000;314.5000000;314.2000000;314.5000000;5590
TATN;5;20160711;162000;314.5000000;315.9000000;314.0500000;315.8500000;21760
TATN;5;20160711;162500;315.8500000;315.9500000;315.2000000;315.8000000;13810
TATN;5;20160711;163000;315.7000000;316.0000000;315.4000000;315.4000000;11810
TATN;5;20160711;163500;315.5500000;316.2000000;315.5000000;316.0000000;14820
TATN;5;20160711;164000;316.0500000;316.0500000;315.2000000;315.5500000;11170
TATN;5;20160711;164500;315.8000000;315.8000000;314.8500000;315.2500000;13180
TATN;5;20160711;165000;315.2500000;315.9500000;315.2500000;315.9000000;12830
TATN;5;20160711;165500;315.9500000;316.0000000;315.4000000;315.8000000;18370
TATN;5;20160711;170000;315.7000000;315.8000000;315.4500000;315.6500000;13590
TATN;5;20160711;170500;315.6000000;315.9000000;315.3500000;315.5500000;13850
TATN;5;20160711;171000;315.6000000;316.0000000;315.5000000;315.9000000;24030
TATN;5;20160711;171500;315.6500000;315.7000000;315.1000000;315.2000000;12170
TATN;5;20160711;172000;315.2500000;315.6500000;315.2500000;315.6500000;2310
TATN;5;20160711;172500;315.6500000;315.9500000;315.5000000;315.5500000;21790
TATN;5;20160711;173000;315.5500000;315.9500000;315.5000000;315.9500000;12170
TATN;5;20160711;173500;315.8500000;315.9000000;315.8500000;315.9000000;1100
TATN;5;20160711;174000;315.9500000;315.9500000;315.6500000;315.7500000;9280
TATN;5;20160711;174500;315.7500000;315.9500000;315.7500000;315.9500000;9500
TATN;5;20160711;175000;315.9500000;316.6500000;315.9500000;316.5000000;38200
TATN;5;20160711;175500;316.5000000;316.7000000;316.4000000;316.4500000;11380
TATN;5;20160711;180000;316.6000000;316.6500000;316.3000000;316.4000000;10540
TATN;5;20160711;180500;316.4500000;317.0000000;316.4000000;316.8500000;30270
TATN;5;20160711;181000;316.8500000;317.3000000;316.8500000;317.2000000;14350
TATN;5;20160711;181500;317.3000000;317.6500000;317.0000000;317.6000000;22080
TATN;5;20160711;182000;317.6500000;317.6500000;317.5500000;317.6500000;17140
TATN;5;20160711;182500;317.5500000;318.3500000;317.4500000;317.9500000;41270
TATN;5;20160711;183000;317.3500000;318.3500000;317.3500000;318.3500000;21100
TATN;5;20160711;183500;318.3500000;319.0500000;317.0500000;319.0000000;47610
TATN;5;20160711;184000;319.0500000;319.8500000;318.2500000;319.8000000;149330
TATN;5;20160711;185000;317.9000000;317.9000000;317.9000000;317.9000000;29120
TATN;5;20160712;100500;318.0000000;318.8000000;317.2500000;318.0000000;10950
TATN;5;20160712;101000;317.7000000;318.5500000;317.7000000;318.4000000;2800
TATN;5;20160712;101500;318.3500000;318.8500000;318.0000000;318.8500000;5730
TATN;5;20160712;102000;318.8500000;319.5500000;318.4500000;319.1000000;14420
TATN;5;20160712;102500;319.1000000;320.7000000;319.1000000;320.2000000;27300
TATN;5;20160712;103000;320.5000000;320.9000000;320.1000000;320.3500000;14090
TATN;5;20160712;103500;320.1000000;320.4000000;319.4000000;320.0500000;18770
TATN;5;20160712;104000;320.0500000;320.3000000;319.4000000;320.3000000;10090
TATN;5;20160712;104500;320.3000000;320.5000000;319.8000000;320.5000000;16650
TATN;5;20160712;105000;320.5000000;320.5000000;319.3000000;319.6000000;17210
TATN;5;20160712;105500;319.2500000;320.0000000;319.0000000;319.6000000;35890
TATN;5;20160712;110000;319.8500000;320.6000000;319.6000000;320.5500000;14920
TATN;5;20160712;110500;320.5000000;320.6000000;320.1500000;320.3000000;7930
TATN;5;20160712;111000;320.6000000;321.3000000;320.5500000;321.2000000;15850
TATN;5;20160712;111500;320.9000000;321.6000000;320.9000000;321.5500000;11190
TATN;5;20160712;112000;321.4000000;321.8500000;321.4000000;321.5500000;8070
TATN;5;20160712;112500;321.7500000;322.0000000;321.5500000;321.9500000;19820
TATN;5;20160712;113000;321.8500000;322.5000000;321.7500000;322.5000000;13840
TATN;5;20160712;113500;322.5000000;322.5500000;321.7000000;321.7000000;5700
TATN;5;20160712;114000;322.0500000;322.2500000;321.8500000;322.0000000;3060
TATN;5;20160712;114500;322.0000000;322.3000000;321.8500000;322.3000000;6480
TATN;5;20160712;115000;322.1500000;322.6000000;322.0000000;322.5500000;6270
TATN;5;20160712;115500;322.5500000;322.8000000;322.3000000;322.5000000;10370
TATN;5;20160712;120000;322.7500000;323.1500000;322.7500000;323.0000000;10210
TATN;5;20160712;120500;323.1000000;323.9000000;322.7000000;323.7500000;39580
TATN;5;20160712;121000;323.5000000;323.9500000;323.5000000;323.7500000;11510
TATN;5;20160712;121500;323.8000000;323.8000000;323.4000000;323.4500000;2460
TATN;5;20160712;122000;323.4000000;324.3000000;323.2500000;324.2000000;13990
TATN;5;20160712;122500;324.2000000;324.2000000;323.4500000;323.4500000;7540
TATN;5;20160712;123000;323.6000000;323.9000000;323.4500000;323.8000000;2770
TATN;5;20160712;123500;323.8500000;324.1500000;323.6000000;323.6000000;9050
TATN;5;20160712;124000;323.8000000;324.1500000;323.6000000;323.9500000;4890
TATN;5;20160712;124500;323.7000000;324.0000000;323.7000000;323.8000000;3220
TATN;5;20160712;125000;324.0000000;324.4500000;324.0000000;324.0500000;10620
TATN;5;20160712;125500;324.2500000;324.3000000;324.1000000;324.3000000;2110
TATN;5;20160712;130000;324.1000000;324.5000000;324.1000000;324.4000000;6790
TATN;5;20160712;130500;324.4000000;324.7000000;324.4000000;324.6500000;8210
TATN;5;20160712;131000;324.6500000;324.7000000;324.2000000;324.7000000;10460
TATN;5;20160712;131500;324.7000000;324.8500000;324.3500000;324.6500000;7400
TATN;5;20160712;132000;324.6000000;325.0000000;324.6000000;324.7000000;13790
TATN;5;20160712;132500;324.9500000;325.0000000;324.6000000;324.9500000;11440
TATN;5;20160712;133000;324.9000000;325.2500000;324.8000000;324.8000000;10900
TATN;5;20160712;133500;324.8000000;325.2500000;324.8000000;325.2500000;4720
TATN;5;20160712;134000;325.2500000;325.2500000;325.0500000;325.2000000;1360
TATN;5;20160712;134500;325.0500000;325.2000000;324.1000000;324.1000000;8730
TATN;5;20160712;135000;324.1500000;324.4500000;323.4000000;323.5500000;9950
TATN;5;20160712;135500;323.3500000;325.0000000;323.3500000;324.8500000;15340
TATN;5;20160712;140000;324.6500000;324.9000000;324.4500000;324.8000000;3450
TATN;5;20160712;140500;324.8500000;324.9000000;324.7500000;324.8000000;710
TATN;5;20160712;141000;324.8000000;325.0000000;324.8000000;324.9000000;4950
TATN;5;20160712;141500;324.8500000;325.2000000;324.7000000;325.0000000;14200
TATN;5;20160712;142000;324.9500000;325.1500000;324.0500000;324.2500000;5040
TATN;5;20160712;142500;324.1000000;324.1000000;322.1500000;323.7500000;22530
TATN;5;20160712;143000;323.7500000;323.9000000;322.7000000;322.9000000;5370
TATN;5;20160712;143500;322.8000000;323.2000000;322.5500000;322.5500000;5270
TATN;5;20160712;144000;322.8000000;323.1500000;322.6000000;322.9000000;5330
TATN;5;20160712;144500;323.0000000;323.3500000;322.7000000;323.3500000;3090
TATN;5;20160712;145000;323.4000000;323.4500000;323.2000000;323.4500000;2920
TATN;5;20160712;145500;323.3500000;323.6000000;323.3500000;323.4500000;1390
TATN;5;20160712;150000;323.6000000;324.8000000;323.6000000;324.8000000;25840
TATN;5;20160712;150500;324.8000000;325.0000000;324.5500000;324.6500000;15820
TATN;5;20160712;151000;324.6500000;325.0000000;324.6000000;324.8000000;6020
TATN;5;20160712;151500;324.8000000;324.9500000;324.3000000;324.3500000;15160
TATN;5;20160712;152000;324.7000000;324.7500000;323.2500000;323.4000000;8300
TATN;5;20160712;152500;323.5000000;323.6000000;323.2000000;323.4000000;3920
TATN;5;20160712;153000;323.5500000;323.6500000;322.6500000;323.3500000;6910
TATN;5;20160712;153500;323.4000000;323.6000000;323.1000000;323.2500000;7680
TATN;5;20160712;154000;323.1500000;323.6500000;323.1000000;323.5000000;5320
TATN;5;20160712;154500;323.7000000;323.7000000;323.3000000;323.3000000;1850
TATN;5;20160712;155000;323.3000000;323.3500000;323.0000000;323.1000000;4250
TATN;5;20160712;155500;323.1000000;323.5000000;323.0000000;323.5000000;3760
TATN;5;20160712;160000;323.3000000;323.6000000;323.1500000;323.2500000;3750
TATN;5;20160712;160500;323.6500000;323.6500000;321.5000000;322.5000000;36540
TATN;5;20160712;161000;322.5500000;322.7500000;321.5000000;321.6500000;15860
TATN;5;20160712;161500;321.6500000;321.9000000;321.6500000;321.6500000;4230
TATN;5;20160712;162000;321.8500000;321.9000000;321.6500000;321.7000000;2320
TATN;5;20160712;162500;321.7000000;322.6000000;321.7000000;322.6000000;5950
TATN;5;20160712;163000;322.7000000;323.9500000;322.5000000;323.9500000;5980
TATN;5;20160712;163500;324.0000000;324.3000000;323.3500000;323.6000000;24690
TATN;5;20160712;164000;323.5000000;323.9500000;322.7500000;323.1000000;18260
TATN;5;20160712;164500;323.5000000;324.2500000;323.2000000;324.2500000;13150
TATN;5;20160712;165000;324.2500000;324.2500000;323.0500000;324.0000000;59470
TATN;5;20160712;165500;323.8500000;324.0000000;323.5000000;324.0000000;25150
TATN;5;20160712;170000;324.0000000;324.0000000;323.3500000;323.8000000;12070
TATN;5;20160712;170500;323.8000000;324.0000000;323.5000000;323.7500000;15600
TATN;5;20160712;171000;323.8500000;324.0000000;323.4000000;323.5500000;15650
TATN;5;20160712;171500;323.5500000;323.8000000;323.2000000;323.2000000;14570
TATN;5;20160712;172000;323.2500000;323.6500000;322.6000000;323.1500000;37800
TATN;5;20160712;172500;322.9000000;322.9000000;322.1000000;322.1000000;20160
TATN;5;20160712;173000;322.1500000;322.7500000;322.1000000;322.4500000;12960
TATN;5;20160712;173500;322.5500000;323.3000000;322.3500000;323.3000000;5410
TATN;5;20160712;174000;323.1500000;323.9500000;323.1500000;323.3500000;8300
TATN;5;20160712;174500;323.3500000;323.3500000;321.8500000;322.3000000;25680
TATN;5;20160712;175000;322.3000000;322.3000000;321.9500000;322.3000000;26990
TATN;5;20160712;175500;322.3000000;323.1500000;322.2000000;322.8500000;20280
TATN;5;20160712;180000;322.9000000;323.8000000;322.7000000;323.6500000;11220
TATN;5;20160712;180500;323.6500000;324.4000000;323.6500000;324.4000000;11800
TATN;5;20160712;181000;324.4500000;325.2000000;324.4500000;325.1000000;22640
TATN;5;20160712;181500;325.1500000;325.7000000;325.1500000;325.5500000;20880
TATN;5;20160712;182000;325.6000000;325.7500000;325.2500000;325.4000000;14500
TATN;5;20160712;182500;325.4500000;325.7000000;325.3000000;325.6000000;10290
TATN;5;20160712;183000;325.4000000;325.6000000;324.9000000;325.3000000;29350
TATN;5;20160712;183500;325.2500000;325.3000000;324.8500000;325.0500000;34490
TATN;5;20160712;184000;325.0000000;327.2500000;324.5000000;325.5500000;227510
TATN;5;20160712;185000;326.3500000;326.3500000;326.3500000;326.3500000;50780
TATN;5;20160713;100500;324.5000000;325.7000000;323.6000000;324.5500000;14560
TATN;5;20160713;101000;325.0000000;325.5500000;324.6000000;325.3000000;5470
TATN;5;20160713;101500;325.0500000;325.5000000;324.8500000;325.0000000;5660
TATN;5;20160713;102000;325.0000000;325.0500000;323.7000000;324.0000000;20230
TATN;5;20160713;102500;324.2000000;324.5500000;324.0000000;324.0500000;4030
TATN;5;20160713;103000;324.3000000;324.4500000;323.9000000;324.1500000;5950
TATN;5;20160713;103500;324.1500000;325.0000000;323.9500000;324.4500000;4200
TATN;5;20160713;104000;324.7000000;324.7000000;323.9000000;324.3000000;2760
TATN;5;20160713;104500;324.3000000;325.7000000;324.3000000;325.7000000;3590
TATN;5;20160713;105000;325.8000000;326.1000000;325.0000000;325.1500000;12520
TATN;5;20160713;105500;325.7000000;325.9500000;325.4000000;325.4000000;8950
TATN;5;20160713;110000;325.6500000;325.8000000;325.4000000;325.8000000;3410
TATN;5;20160713;110500;325.8000000;325.8000000;324.3500000;325.3500000;16160
TATN;5;20160713;111000;325.7000000;326.0000000;325.3000000;326.0000000;7830
TATN;5;20160713;111500;325.8000000;325.9500000;325.1000000;325.1000000;8970
TATN;5;20160713;112000;325.1500000;325.4000000;324.4000000;324.5000000;11910
TATN;5;20160713;112500;324.5000000;324.7000000;324.2000000;324.3000000;18610
TATN;5;20160713;113000;324.3500000;324.6500000;324.2500000;324.2500000;5310
TATN;5;20160713;113500;324.2500000;324.4500000;322.7500000;323.0500000;96670
TATN;5;20160713;114000;323.3000000;323.4500000;323.1500000;323.3500000;3700
TATN;5;20160713;114500;323.2500000;323.4500000;322.8000000;323.4500000;3970
TATN;5;20160713;115000;323.5000000;323.5500000;322.8500000;323.3000000;6970
TATN;5;20160713;115500;323.3000000;324.1000000;323.1000000;323.8500000;10900
TATN;5;20160713;120000;324.2500000;324.2500000;323.2500000;323.2500000;14670
TATN;5;20160713;120500;323.5500000;323.5500000;322.7500000;322.9000000;9460
TATN;5;20160713;121000;322.9500000;323.2500000;322.9500000;323.2500000;4790
TATN;5;20160713;121500;323.2500000;323.3000000;322.6500000;323.2500000;10080
TATN;5;20160713;122000;322.9500000;324.0500000;322.7500000;323.9000000;7020
TATN;5;20160713;122500;323.9000000;324.3500000;323.9000000;324.3500000;1620
TATN;5;20160713;123000;324.3500000;324.7000000;323.6500000;324.0500000;9320
TATN;5;20160713;123500;324.1000000;324.7500000;323.9000000;324.7500000;2920
TATN;5;20160713;124000;324.7500000;325.3500000;324.1500000;324.3000000;13390
TATN;5;20160713;124500;324.5000000;324.5500000;324.1500000;324.4000000;6590
TATN;5;20160713;125000;324.4000000;324.4000000;323.7000000;324.0500000;2540
TATN;5;20160713;125500;324.0500000;324.6500000;323.9000000;324.6500000;1920
TATN;5;20160713;130000;324.6000000;324.8000000;324.2500000;324.7500000;4940
TATN;5;20160713;130500;324.7000000;324.7500000;323.1000000;323.1000000;10620
TATN;5;20160713;131000;323.1000000;323.2000000;322.7000000;323.0500000;12880
TATN;5;20160713;131500;322.9000000;323.1500000;322.9000000;323.1500000;910
TATN;5;20160713;132000;323.4000000;323.9000000;323.4000000;323.4000000;3520
TATN;5;20160713;132500;323.5500000;323.5500000;322.5000000;322.6500000;8010
TATN;5;20160713;133000;322.6500000;322.9500000;322.3000000;322.3000000;5650
TATN;5;20160713;133500;322.3500000;322.3500000;321.4500000;321.5500000;23840
TATN;5;20160713;134000;321.5500000;321.7000000;320.6000000;321.5500000;21780
TATN;5;20160713;134500;321.5000000;321.7000000;320.9000000;321.7000000;10530
TATN;5;20160713;135000;321.5500000;322.2000000;320.7000000;321.7000000;18570
TATN;5;20160713;135500;321.4000000;321.4000000;320.6000000;320.9500000;9900
TATN;5;20160713;140000;320.9500000;321.0500000;320.7000000;320.8500000;3040
TATN;5;20160713;140500;321.0500000;321.1000000;320.7000000;321.0000000;11770
TATN;5;20160713;141000;320.8000000;321.2000000;320.5500000;321.2000000;9140
TATN;5;20160713;141500;321.3500000;321.4500000;320.9500000;321.3500000;15960
TATN;5;20160713;142000;321.5500000;321.8000000;321.4000000;321.6000000;8020
TATN;5;20160713;142500;321.5000000;321.5000000;320.5500000;320.5500000;3600
TATN;5;20160713;143000;320.6000000;320.9000000;320.6000000;320.7000000;3580
TATN;5;20160713;143500;320.6500000;320.9000000;320.5500000;320.7500000;2620
TATN;5;20160713;144000;320.6000000;320.9500000;320.5000000;320.9500000;8870
TATN;5;20160713;144500;321.0000000;321.5000000;320.8000000;321.5000000;4240
TATN;5;20160713;145000;321.5000000;321.6000000;321.4000000;321.4000000;3440
TATN;5;20160713;145500;321.2500000;321.2500000;320.6500000;320.9500000;4170
TATN;5;20160713;150000;320.9500000;321.0500000;320.9500000;321.0500000;1000
TATN;5;20160713;150500;321.0000000;321.0500000;320.6000000;320.6000000;3460
TATN;5;20160713;151000;320.8000000;321.0000000;320.7500000;320.8000000;470
TATN;5;20160713;151500;321.0500000;321.8000000;321.0500000;321.4000000;14250
TATN;5;20160713;152000;321.4000000;321.6000000;320.8500000;321.5500000;2330
TATN;5;20160713;152500;321.6000000;322.4000000;321.6000000;322.4000000;9260
TATN;5;20160713;153000;322.4000000;322.4000000;321.4500000;322.2000000;6690
TATN;5;20160713;153500;322.2000000;322.3500000;321.9500000;322.3500000;3820
TATN;5;20160713;154000;322.4000000;322.4000000;321.9000000;321.9000000;3030
TATN;5;20160713;154500;322.1500000;322.4000000;321.9000000;322.4000000;2030
TATN;5;20160713;155000;322.3500000;322.3500000;322.2000000;322.2000000;2320
TATN;5;20160713;155500;322.2000000;322.4000000;322.0000000;322.3500000;5750
TATN;5;20160713;160000;322.4000000;322.8000000;322.2000000;322.6000000;4050
TATN;5;20160713;160500;322.7500000;322.9000000;322.0500000;322.6500000;13500
TATN;5;20160713;161000;322.5000000;322.5000000;321.4500000;321.4500000;10330
TATN;5;20160713;161500;321.4000000;321.8000000;321.0500000;321.8000000;4490
TATN;5;20160713;162000;321.7500000;321.8500000;321.2500000;321.7000000;4230
TATN;5;20160713;162500;321.5500000;321.5500000;320.7500000;321.1500000;15380
TATN;5;20160713;163000;321.0500000;321.3500000;320.6500000;320.9000000;11400
TATN;5;20160713;163500;321.1000000;321.2000000;320.7000000;320.8000000;5440
TATN;5;20160713;164000;320.8000000;321.2000000;320.2500000;320.3000000;15570
TATN;5;20160713;164500;320.3000000;320.8000000;320.3000000;320.6500000;12500
TATN;5;20160713;165000;320.3000000;320.6000000;319.8000000;320.2500000;25000
TATN;5;20160713;165500;320.3500000;320.5000000;320.2000000;320.3000000;8200
TATN;5;20160713;170000;320.5000000;320.7500000;320.3000000;320.3000000;5940
TATN;5;20160713;170500;320.8000000;320.8000000;320.3500000;320.3500000;5890
TATN;5;20160713;171000;320.7000000;320.9500000;320.4000000;320.5000000;18330
TATN;5;20160713;171500;320.6000000;320.8500000;320.3000000;320.5000000;14930
TATN;5;20160713;172000;320.8000000;320.8000000;319.7000000;319.9500000;19760
TATN;5;20160713;172500;320.0000000;320.6500000;319.8500000;320.6500000;12480
TATN;5;20160713;173000;320.7000000;320.7500000;319.6500000;319.9500000;11640
TATN;5;20160713;173500;320.2000000;320.4000000;319.0000000;319.0000000;38950
TATN;5;20160713;174000;319.0000000;319.2500000;318.0000000;318.0500000;64660
TATN;5;20160713;174500;318.0500000;319.1000000;318.0000000;318.6500000;36650
TATN;5;20160713;175000;318.3000000;319.3000000;318.3000000;318.4000000;21260
TATN;5;20160713;175500;318.3500000;318.8500000;318.2000000;318.8500000;11990
TATN;5;20160713;180000;318.5000000;319.4000000;318.5000000;318.6000000;29830
TATN;5;20160713;180500;318.3000000;319.5000000;318.0500000;319.3500000;32580
TATN;5;20160713;181000;319.3500000;319.7500000;319.3000000;319.7500000;38250
TATN;5;20160713;181500;319.7500000;320.7500000;319.7500000;320.7500000;43290
TATN;5;20160713;182000;320.7500000;321.1000000;319.4000000;320.0000000;43080
TATN;5;20160713;182500;320.0000000;320.7500000;319.7500000;320.5500000;82230
TATN;5;20160713;183000;320.5500000;321.8000000;320.5000000;321.2000000;76180
TATN;5;20160713;183500;321.2500000;321.3000000;318.9000000;319.2500000;70990
TATN;5;20160713;184000;318.9000000;319.6500000;314.2500000;314.4000000;283010
TATN;5;20160713;185000;316.0500000;316.0500000;316.0500000;316.0500000;138120
TATN;5;20160714;100500;317.0500000;319.0000000;317.0500000;318.0000000;61800
TATN;5;20160714;101000;318.1000000;318.4500000;317.7500000;318.0000000;19900
TATN;5;20160714;101500;318.1000000;318.2500000;317.1000000;317.5000000;16020
TATN;5;20160714;102000;317.4000000;317.8000000;316.6500000;316.6500000;27650
TATN;5;20160714;102500;316.9000000;317.5000000;316.6500000;317.0000000;5180
TATN;5;20160714;103000;317.0000000;317.2500000;316.2500000;316.2500000;22620
TATN;5;20160714;103500;316.6500000;317.2000000;316.5500000;316.6500000;10560
TATN;5;20160714;104000;316.3500000;316.3500000;315.2000000;315.8500000;18440
TATN;5;20160714;104500;315.7500000;315.9000000;315.5000000;315.6500000;4020
TATN;5;20160714;105000;315.6500000;315.8000000;314.6500000;315.0000000;21650
TATN;5;20160714;105500;314.6500000;314.9500000;314.3000000;314.8500000;22340
TATN;5;20160714;110000;314.8500000;314.8500000;314.5500000;314.8500000;10410
TATN;5;20160714;110500;314.8500000;315.4000000;314.8500000;315.4000000;4160
TATN;5;20160714;111000;315.4500000;316.2000000;315.4500000;315.7000000;11110
TATN;5;20160714;111500;315.7000000;315.7000000;314.7500000;315.3500000;3480
TATN;5;20160714;112000;315.5000000;315.5000000;315.0000000;315.0000000;3060
TATN;5;20160714;112500;315.1500000;315.1500000;314.3000000;314.3500000;15810
TATN;5;20160714;113000;314.4000000;314.5500000;314.0000000;314.2000000;11660
TATN;5;20160714;113500;314.2000000;314.3500000;314.0000000;314.1500000;9290
TATN;5;20160714;114000;314.1500000;314.4500000;314.0000000;314.2500000;4060
TATN;5;20160714;114500;314.4000000;314.4500000;314.2500000;314.2500000;5230
TATN;5;20160714;115000;314.3500000;315.0000000;314.3500000;314.9000000;6620
TATN;5;20160714;115500;314.9000000;315.1000000;314.5000000;314.7000000;10800
TATN;5;20160714;120000;314.6000000;315.0500000;314.3000000;314.7500000;14590
TATN;5;20160714;120500;314.7500000;315.4500000;314.7500000;315.4500000;12120
TATN;5;20160714;121000;315.4500000;316.7500000;315.2500000;316.7000000;30610
TATN;5;20160714;121500;316.8000000;317.0000000;316.4000000;316.6500000;6890
TATN;5;20160714;122000;316.6500000;317.4000000;315.8000000;315.9500000;29590
TATN;5;20160714;122500;315.8500000;315.8500000;314.6000000;315.1000000;28000
TATN;5;20160714;123000;314.7500000;315.2500000;314.7500000;315.2500000;970
TATN;5;20160714;123500;315.2500000;315.8000000;315.2500000;315.8000000;8100
TATN;5;20160714;124000;315.6000000;316.1000000;315.0500000;315.1000000;3440
TATN;5;20160714;124500;315.4000000;315.6000000;315.2000000;315.2000000;4870
TATN;5;20160714;125000;315.2500000;316.3500000;315.2500000;315.9500000;6370
TATN;5;20160714;125500;315.9500000;316.3000000;315.7000000;315.9000000;5730
TATN;5;20160714;130000;315.9000000;317.6500000;315.9000000;317.6500000;55970
TATN;5;20160714;130500;317.6500000;318.0000000;317.2000000;317.2000000;27220
TATN;5;20160714;131000;317.2000000;317.2000000;316.6000000;316.6000000;4500
TATN;5;20160714;131500;316.9000000;317.1500000;316.1000000;317.1500000;10620
TATN;5;20160714;132000;316.9000000;316.9000000;316.1500000;316.6500000;4350
TATN;5;20160714;132500;316.8000000;317.1500000;316.1000000;316.3500000;11840
TATN;5;20160714;133000;316.5000000;317.4500000;316.4000000;317.1500000;10580
TATN;5;20160714;133500;317.0000000;317.0000000;316.4500000;316.6000000;9000
TATN;5;20160714;134000;316.3500000;316.9000000;316.3000000;316.9000000;6130
TATN;5;20160714;134500;316.8500000;316.9000000;316.8000000;316.8000000;1660
TATN;5;20160714;135000;316.6000000;316.6000000;316.1500000;316.2000000;2370
TATN;5;20160714;135500;316.0500000;316.7000000;315.6500000;316.7000000;8060
TATN;5;20160714;140000;316.7000000;316.8500000;315.9000000;316.1000000;4270
TATN;5;20160714;140500;315.7500000;315.7500000;314.3500000;314.6000000;15410
TATN;5;20160714;141000;314.6500000;315.0000000;314.3000000;315.0000000;13630
TATN;5;20160714;141500;314.9500000;316.1000000;314.8500000;316.1000000;5530
TATN;5;20160714;142000;315.9500000;317.9500000;315.9500000;317.7000000;21800
TATN;5;20160714;142500;317.8500000;317.9500000;316.6500000;317.1000000;3980
TATN;5;20160714;143000;317.1000000;318.0000000;317.1000000;317.7000000;7510
TATN;5;20160714;143500;317.8500000;318.5000000;317.8000000;317.8000000;14500
TATN;5;20160714;144000;317.6000000;317.9500000;317.0000000;317.3500000;3220
TATN;5;20160714;144500;317.4000000;318.3000000;317.4000000;317.8000000;9670
TATN;5;20160714;145000;317.6500000;317.6500000;317.3000000;317.3000000;1790
TATN;5;20160714;145500;317.2500000;317.7500000;317.0500000;317.7500000;5290
TATN;5;20160714;150000;317.7500000;318.2500000;317.7500000;318.2000000;6510
TATN;5;20160714;150500;318.2500000;318.5000000;317.5500000;317.6000000;7660
TATN;5;20160714;151000;317.6500000;317.6500000;317.3500000;317.3500000;1310
TATN;5;20160714;151500;317.3500000;317.3500000;316.7500000;316.7500000;3310
TATN;5;20160714;152000;316.8000000;317.0000000;316.6000000;316.6000000;4420
TATN;5;20160714;152500;316.5500000;316.5500000;316.5000000;316.5000000;2940
TATN;5;20160714;153000;316.5000000;316.5000000;316.2000000;316.3500000;7920
TATN;5;20160714;153500;316.3500000;316.3500000;316.0500000;316.2500000;17390
TATN;5;20160714;154000;316.2000000;316.2500000;316.1000000;316.2000000;7100
TATN;5;20160714;154500;316.1000000;316.3000000;315.9500000;316.2000000;9560
TATN;5;20160714;155000;316.2000000;316.3000000;316.0000000;316.2000000;8460
TATN;5;20160714;155500;316.2000000;316.3000000;316.0000000;316.2000000;4290
TATN;5;20160714;160000;316.2000000;316.3000000;316.2000000;316.3000000;9760
TATN;5;20160714;160500;316.1000000;316.1000000;316.0000000;316.0000000;3870
TATN;5;20160714;161000;316.0500000;316.3000000;316.0500000;316.2500000;5340
TATN;5;20160714;161500;316.2500000;316.2500000;316.0000000;316.0000000;2400
TATN;5;20160714;162000;316.0500000;316.1000000;315.7500000;315.9000000;3160
TATN;5;20160714;162500;315.9000000;316.0500000;315.6500000;315.9500000;7380
TATN;5;20160714;163000;316.1500000;316.2500000;316.1500000;316.2000000;1120
TATN;5;20160714;163500;316.2000000;316.6500000;316.2000000;316.3500000;6920
TATN;5;20160714;164000;316.5000000;317.9500000;316.5000000;317.2000000;8900
TATN;5;20160714;164500;317.2000000;317.5000000;316.9500000;317.1500000;5090
TATN;5;20160714;165000;316.8500000;316.8500000;315.7000000;315.8000000;7650
TATN;5;20160714;165500;315.8000000;316.4000000;315.8000000;316.4000000;1160
TATN;5;20160714;170000;316.4000000;317.0000000;316.4000000;317.0000000;6000
TATN;5;20160714;170500;317.2500000;317.7000000;317.1500000;317.7000000;7670
TATN;5;20160714;171000;317.7000000;317.9000000;317.3500000;317.6500000;9690
TATN;5;20160714;171500;317.6500000;317.7500000;316.6000000;316.9500000;5950
TATN;5;20160714;172000;316.8500000;317.1000000;316.3000000;317.0500000;6790
TATN;5;20160714;172500;317.0500000;317.2000000;316.4000000;316.9500000;17120
TATN;5;20160714;173000;317.2500000;317.7000000;316.6000000;317.3000000;20910
TATN;5;20160714;173500;317.3500000;317.6500000;317.2500000;317.5000000;5840
TATN;5;20160714;174000;317.2500000;317.9000000;317.1000000;317.7000000;14840
TATN;5;20160714;174500;317.6500000;317.6500000;315.1000000;316.6500000;50840
TATN;5;20160714;175000;316.5500000;317.4000000;316.3000000;316.6500000;13590
TATN;5;20160714;175500;316.5500000;317.2000000;316.5500000;317.2000000;10670
TATN;5;20160714;180000;317.3000000;317.6500000;317.2000000;317.4500000;12870
TATN;5;20160714;180500;317.4500000;317.6000000;317.0500000;317.5000000;18990
TATN;5;20160714;181000;317.5000000;318.3500000;317.2500000;318.3500000;17950
TATN;5;20160714;181500;318.3000000;318.3000000;317.5500000;318.0500000;21380
TATN;5;20160714;182000;318.0000000;318.2000000;317.9500000;318.0500000;7920
TATN;5;20160714;182500;318.0500000;318.8000000;318.0500000;318.8000000;20910
TATN;5;20160714;183000;318.6500000;319.5000000;318.6500000;318.9500000;47840
TATN;5;20160714;183500;318.9500000;320.6500000;318.9500000;320.6000000;68260
TATN;5;20160714;184000;320.6000000;321.0000000;319.2000000;321.0000000;105200
TATN;5;20160714;185000;318.0000000;318.0000000;318.0000000;318.0000000;168030
TATN;5;20160715;100500;317.0000000;319.3500000;317.0000000;319.3000000;31670
TATN;5;20160715;101000;319.0500000;319.2500000;318.7500000;318.7500000;9480
TATN;5;20160715;101500;318.9000000;318.9000000;317.4000000;318.4500000;26510
TATN;5;20160715;102000;318.6000000;318.6000000;317.5000000;317.5500000;12350
TATN;5;20160715;102500;317.7500000;318.1000000;317.1000000;318.1000000;5450
TATN;5;20160715;103000;318.1500000;318.5000000;318.0000000;318.3000000;8790
TATN;5;20160715;103500;318.4500000;319.1500000;318.2000000;319.1500000;9690
TATN;5;20160715;104000;319.0500000;319.0500000;318.4500000;318.5000000;14350
TATN;5;20160715;104500;318.6000000;319.1000000;317.8000000;319.1000000;15010
TATN;5;20160715;105000;319.1000000;319.1500000;318.3500000;318.8500000;9240
TATN;5;20160715;105500;318.8500000;319.2000000;318.4500000;318.5000000;6270
TATN;5;20160715;110000;318.7500000;318.9000000;318.2000000;318.7000000;7260
TATN;5;20160715;110500;318.9500000;319.2000000;318.0000000;319.2000000;14960
TATN;5;20160715;111000;319.0000000;319.8000000;318.5500000;319.5000000;22590
TATN;5;20160715;111500;319.5000000;319.5000000;319.0500000;319.4000000;9850
TATN;5;20160715;112000;319.3000000;319.6000000;318.7000000;319.3500000;7120
TATN;5;20160715;112500;319.5500000;319.5500000;318.2000000;318.9000000;15960
TATN;5;20160715;113000;318.5500000;319.1000000;318.0500000;319.1000000;5770
TATN;5;20160715;113500;318.8500000;318.9500000;318.3500000;318.8500000;6760
TATN;5;20160715;114000;318.9000000;319.4500000;318.8500000;319.4500000;4350
TATN;5;20160715;114500;319.3500000;319.5500000;318.4000000;319.5500000;9550
TATN;5;20160715;115000;319.5500000;319.5500000;318.7000000;319.3500000;4110
TATN;5;20160715;115500;319.5000000;319.5000000;319.0500000;319.5000000;3830
TATN;5;20160715;120000;319.5000000;319.8000000;319.3000000;319.7000000;6070
TATN;5;20160715;120500;319.6500000;319.7500000;319.5000000;319.6500000;3240
TATN;5;20160715;121000;319.7500000;319.7500000;319.2000000;319.2500000;7100
TATN;5;20160715;121500;319.4000000;319.7000000;319.3000000;319.7000000;2140
TATN;5;20160715;122000;319.7000000;319.9500000;319.2500000;319.7500000;27540
TATN;5;20160715;122500;319.7500000;319.9500000;319.5000000;319.7500000;6450
TATN;5;20160715;123000;319.7000000;320.0000000;319.4000000;320.0000000;5450
TATN;5;20160715;123500;319.8000000;320.0000000;319.4500000;319.7500000;9040
TATN;5;20160715;124000;319.5000000;320.0000000;319.3000000;319.6000000;11480
TATN;5;20160715;124500;319.7500000;319.9500000;319.3500000;319.6500000;3270
TATN;5;20160715;125000;319.7500000;319.7500000;319.2500000;319.5000000;3370
TATN;5;20160715;125500;319.6500000;320.0000000;319.4500000;319.9500000;6700
TATN;5;20160715;130000;320.0000000;320.0000000;319.6500000;319.7500000;8740
TATN;5;20160715;130500;319.7500000;319.8000000;319.5500000;319.8000000;990
TATN;5;20160715;131000;319.7000000;319.8000000;319.3000000;319.7000000;5250
TATN;5;20160715;131500;319.7000000;319.8000000;319.5000000;319.8000000;3990
TATN;5;20160715;132000;319.8000000;319.8500000;319.5000000;319.8500000;1510
TATN;5;20160715;132500;319.8500000;320.2000000;319.6500000;320.2000000;3000
TATN;5;20160715;133000;320.1000000;320.2000000;319.8000000;319.9500000;5980
TATN;5;20160715;133500;320.2000000;320.4500000;319.9000000;320.4000000;4990
TATN;5;20160715;134000;320.4000000;320.4000000;320.0500000;320.3000000;490
TATN;5;20160715;134500;320.3000000;320.3000000;320.0000000;320.3000000;3550
TATN;5;20160715;135000;320.1000000;320.6000000;320.1000000;320.4000000;5200
TATN;5;20160715;135500;320.4500000;320.4500000;319.3000000;320.2000000;10930
TATN;5;20160715;140000;319.9500000;320.6000000;319.8500000;320.0000000;8620
TATN;5;20160715;140500;320.3500000;320.5500000;320.1500000;320.4000000;520
TATN;5;20160715;141000;320.4000000;320.6500000;320.2500000;320.4500000;5460
TATN;5;20160715;141500;320.1500000;320.5000000;320.1500000;320.5000000;990
TATN;5;20160715;142000;320.3000000;320.7000000;320.3000000;320.7000000;2320
TATN;5;20160715;142500;320.5500000;320.7000000;320.4000000;320.6500000;4250
TATN;5;20160715;143000;320.6500000;321.2000000;320.5000000;321.0500000;11660
TATN;5;20160715;143500;321.2500000;321.5500000;321.2500000;321.5000000;10280
TATN;5;20160715;144000;321.5500000;321.6000000;320.7500000;321.3000000;12400
TATN;5;20160715;144500;321.3000000;321.3000000;320.9500000;321.1000000;7950
TATN;5;20160715;145000;320.9500000;321.7000000;320.9500000;321.7000000;33650
TATN;5;20160715;145500;321.7000000;322.0000000;321.6500000;322.0000000;7950
TATN;5;20160715;150000;321.9500000;322.8500000;321.8500000;322.3500000;54840
TATN;5;20160715;150500;322.3500000;322.8500000;322.0500000;322.6000000;9560
TATN;5;20160715;151000;322.6000000;322.9000000;322.5000000;322.8500000;5840
TATN;5;20160715;151500;322.8500000;323.2500000;321.5500000;322.3500000;18960
TATN;5;20160715;152000;322.4000000;323.0000000;322.2500000;322.8500000;10960
TATN;5;20160715;152500;322.7500000;323.3000000;322.5000000;323.3000000;7020
TATN;5;20160715;153000;323.3000000;323.3000000;322.2000000;322.7500000;18930
TATN;5;20160715;153500;322.8000000;323.0500000;321.7500000;322.2500000;8730
TATN;5;20160715;154000;322.4000000;323.1500000;322.4000000;322.9500000;3350
TATN;5;20160715;154500;323.1500000;323.2000000;322.8500000;323.0000000;7360
TATN;5;20160715;155000;322.8500000;322.9500000;322.3500000;322.6500000;7990
TATN;5;20160715;155500;322.8500000;323.2000000;322.8000000;322.8000000;7110
TATN;5;20160715;160000;322.8000000;322.8000000;322.5000000;322.7500000;16890
TATN;5;20160715;160500;322.7500000;322.8000000;322.5000000;322.7500000;6140
TATN;5;20160715;161000;322.7500000;322.8000000;322.3500000;322.7500000;9760
TATN;5;20160715;161500;322.8000000;323.1000000;322.8000000;323.1000000;1370
TATN;5;20160715;162000;323.1000000;323.1000000;322.7000000;323.1000000;5650
TATN;5;20160715;162500;323.1000000;323.1000000;322.3000000;322.7000000;15370
TATN;5;20160715;163000;322.5000000;322.8500000;322.0000000;322.2500000;28130
TATN;5;20160715;163500;322.0500000;322.3000000;322.0000000;322.3000000;10250
TATN;5;20160715;164000;322.3000000;322.3000000;320.6000000;321.1500000;17030
TATN;5;20160715;164500;321.1500000;321.6500000;321.0500000;321.0500000;5300
TATN;5;20160715;165000;321.4500000;322.1500000;321.1000000;321.4500000;16190
TATN;5;20160715;165500;321.5500000;322.1000000;321.4000000;321.9000000;9520
TATN;5;20160715;170000;321.9000000;322.0000000;321.5500000;321.9500000;2360
TATN;5;20160715;170500;321.9500000;322.5000000;321.8500000;322.3000000;11510
TATN;5;20160715;171000;322.1000000;322.3000000;321.7000000;322.0000000;2500
TATN;5;20160715;171500;322.0000000;322.1500000;320.7500000;321.1500000;10170
TATN;5;20160715;172000;321.1500000;321.8000000;320.9000000;321.7500000;10880
TATN;5;20160715;172500;321.8000000;322.0000000;321.5000000;321.5000000;17080
TATN;5;20160715;173000;321.5000000;321.9500000;321.5000000;321.7000000;14250
TATN;5;20160715;173500;321.9500000;322.0000000;321.7000000;322.0000000;1180
TATN;5;20160715;174000;321.9500000;322.0000000;321.7500000;321.9000000;6860
TATN;5;20160715;174500;321.8000000;321.8000000;320.2500000;320.7000000;32270
TATN;5;20160715;175000;320.8000000;322.6000000;320.7000000;322.6000000;22540
TATN;5;20160715;175500;322.6000000;322.6000000;322.3500000;322.6000000;6390
TATN;5;20160715;180000;322.5000000;322.5000000;322.3500000;322.5000000;2320
TATN;5;20160715;180500;322.4000000;322.6500000;322.4000000;322.6000000;9310
TATN;5;20160715;181000;322.6500000;322.6500000;321.9000000;322.1500000;11250
TATN;5;20160715;181500;321.9500000;321.9500000;321.3500000;321.9500000;6400
TATN;5;20160715;182000;322.0000000;322.6500000;322.0000000;322.4000000;5280
TATN;5;20160715;182500;322.6000000;323.1500000;322.6000000;323.1000000;15100
TATN;5;20160715;183000;323.1000000;323.4500000;322.5000000;323.3500000;39880
TATN;5;20160715;183500;323.4000000;324.0000000;323.0000000;323.9000000;54270
TATN;5;20160715;184000;323.7500000;324.9500000;323.3000000;324.8500000;124490
TATN;5;20160715;185000;325.6000000;325.6000000;325.6000000;325.6000000;172310
TATN;5;20160718;100500;325.4000000;326.0000000;324.0500000;325.6000000;50330
TATN;5;20160718;101000;325.7000000;325.9000000;325.3000000;325.3500000;6000
TATN;5;20160718;101500;325.6000000;325.9500000;325.4000000;325.8000000;17950
TATN;5;20160718;102000;325.7000000;326.7500000;325.4000000;326.6000000;61690
TATN;5;20160718;102500;326.6500000;326.8500000;326.0500000;326.0500000;18580
TATN;5;20160718;103000;326.0500000;326.0500000;325.5500000;325.6500000;12950
TATN;5;20160718;103500;325.7000000;327.8000000;325.7000000;327.2500000;52160
TATN;5;20160718;104000;327.2500000;327.8500000;327.0000000;327.7000000;20080
TATN;5;20160718;104500;327.7000000;327.8500000;327.2000000;327.7000000;18990
TATN;5;20160718;105000;327.7000000;327.8000000;326.6500000;326.7500000;42960
TATN;5;20160718;105500;326.7500000;326.7500000;326.1000000;326.7500000;20680
TATN;5;20160718;110000;327.0000000;327.0000000;326.2500000;326.6000000;5840
TATN;5;20160718;110500;326.5000000;326.7000000;326.0000000;326.3500000;10780
TATN;5;20160718;111000;326.3500000;326.5500000;326.3000000;326.5000000;6920
TATN;5;20160718;111500;326.3000000;326.8500000;326.3000000;326.6000000;6780
TATN;5;20160718;112000;326.6000000;327.0000000;326.2500000;326.8000000;21180
TATN;5;20160718;112500;326.8500000;327.0000000;326.7500000;326.7500000;9730
TATN;5;20160718;113000;326.7500000;326.8500000;326.5500000;326.8000000;4430
TATN;5;20160718;113500;326.7000000;326.9500000;326.7000000;326.9500000;2620
TATN;5;20160718;114000;327.0000000;327.0000000;326.9000000;327.0000000;19600
TATN;5;20160718;114500;326.9500000;326.9500000;326.5500000;326.8500000;4950
TATN;5;20160718;115000;326.6500000;326.8500000;326.6500000;326.7500000;5050
TATN;5;20160718;115500;326.8000000;327.0000000;326.3000000;326.3000000;13820
TATN;5;20160718;120000;326.3500000;327.0000000;326.3500000;326.9000000;2770
TATN;5;20160718;120500;326.9000000;327.0000000;326.7500000;326.7500000;18450
TATN;5;20160718;121000;326.7500000;326.9000000;326.6000000;326.6000000;6580
TATN;5;20160718;121500;326.7000000;327.0000000;326.7000000;326.8500000;10040
TATN;5;20160718;122000;326.8500000;326.9000000;326.7000000;326.7000000;4510
TATN;5;20160718;122500;326.7000000;326.8000000;326.6000000;326.8000000;3960
TATN;5;20160718;123000;326.6500000;326.7000000;326.0000000;326.0000000;16680
TATN;5;20160718;123500;326.0500000;326.2000000;326.0500000;326.2000000;2960
TATN;5;20160718;124000;326.2500000;326.4000000;325.8500000;325.8500000;10080
TATN;5;20160718;124500;325.8500000;326.1000000;325.7000000;325.9000000;5830
TATN;5;20160718;125000;325.9000000;325.9000000;325.5500000;325.7500000;9050
TATN;5;20160718;125500;325.7500000;326.3000000;325.4500000;325.5500000;8730
TATN;5;20160718;130000;325.4000000;325.6500000;325.0500000;325.2500000;6920
TATN;5;20160718;130500;325.5000000;325.9500000;325.0500000;325.2000000;5300
TATN;5;20160718;131000;325.2000000;325.6500000;325.2000000;325.6500000;2220
TATN;5;20160718;131500;325.5500000;325.5500000;325.0500000;325.2000000;2170
TATN;5;20160718;132000;325.2000000;325.5000000;324.1000000;324.1000000;11500
TATN;5;20160718;132500;324.1500000;324.1500000;323.3000000;323.3000000;14740
TATN;5;20160718;133000;323.3000000;323.5000000;322.5500000;322.5500000;26710
TATN;5;20160718;133500;322.5500000;323.0500000;322.0000000;322.4500000;22070
TATN;5;20160718;134000;322.3000000;322.3000000;321.6500000;321.9000000;8950
TATN;5;20160718;134500;321.9000000;321.9000000;320.5000000;321.5000000;23080
TATN;5;20160718;135000;321.5500000;321.5500000;320.6000000;320.6000000;6830
TATN;5;20160718;135500;320.7000000;321.9000000;320.6000000;321.4000000;6800
TATN;5;20160718;140000;321.4000000;321.4000000;321.0000000;321.0000000;2860
TATN;5;20160718;140500;321.0000000;321.2500000;320.9500000;320.9500000;1650
TATN;5;20160718;141000;320.9500000;321.0500000;320.6500000;320.8000000;7640
TATN;5;20160718;141500;321.0500000;321.1000000;320.8000000;321.0500000;4270
TATN;5;20160718;142000;321.0500000;321.4500000;321.0000000;321.3500000;28010
TATN;5;20160718;142500;321.5000000;322.0000000;321.3500000;321.9000000;2480
TATN;5;20160718;143000;321.9000000;322.6500000;321.8500000;322.5500000;8180
TATN;5;20160718;143500;322.7000000;323.0000000;321.9500000;322.4500000;7380
TATN;5;20160718;144000;322.4500000;322.4500000;321.8500000;322.0500000;5650
TATN;5;20160718;144500;322.3500000;322.6000000;322.1500000;322.6000000;6900
TATN;5;20160718;145000;322.2500000;322.6000000;322.0000000;322.1500000;1870
TATN;5;20160718;145500;322.1500000;322.4000000;321.6000000;322.0500000;4160
TATN;5;20160718;150000;322.1000000;323.5500000;322.0500000;323.4000000;9630
TATN;5;20160718;150500;323.4000000;323.5500000;323.0500000;323.3500000;7250
TATN;5;20160718;151000;323.3000000;323.4500000;323.0500000;323.1000000;2500
TATN;5;20160718;151500;323.0500000;323.1500000;322.5000000;322.5000000;7180
TATN;5;20160718;152000;322.5000000;322.8500000;322.3500000;322.3500000;2480
TATN;5;20160718;152500;322.6500000;322.7000000;322.1000000;322.1000000;3560
TATN;5;20160718;153000;322.0500000;322.2000000;321.7500000;322.0000000;6310
TATN;5;20160718;153500;321.7500000;321.8000000;321.3000000;321.8000000;6520
TATN;5;20160718;154000;321.5000000;321.8000000;321.2000000;321.8000000;6190
TATN;5;20160718;154500;321.5000000;321.5000000;321.0000000;321.0000000;11190
TATN;5;20160718;155000;321.0000000;321.5000000;320.5500000;321.0000000;16880
TATN;5;20160718;155500;320.7500000;321.0000000;320.5500000;320.9000000;3030
TATN;5;20160718;160000;320.9500000;321.0000000;320.0500000;320.1000000;39180
TATN;5;20160718;160500;320.1000000;320.2500000;320.0500000;320.0500000;32780
TATN;5;20160718;161000;320.0500000;320.3000000;320.0500000;320.1500000;17000
TATN;5;20160718;161500;320.1500000;320.4000000;320.0500000;320.3000000;11910
TATN;5;20160718;162000;320.1500000;320.7000000;320.1500000;320.7000000;3000
TATN;5;20160718;162500;320.7000000;320.9000000;320.5000000;320.9000000;4640
TATN;5;20160718;163000;320.8000000;320.8000000;320.3500000;320.7000000;3120
TATN;5;20160718;163500;320.5000000;320.6500000;320.1000000;320.2500000;10490
TATN;5;20160718;164000;320.2500000;320.6000000;320.0500000;320.0500000;14720
TATN;5;20160718;164500;320.2500000;320.4000000;319.4000000;320.0500000;24680
TATN;5;20160718;165000;320.2000000;320.3500000;319.8500000;320.1500000;6180
TATN;5;20160718;165500;319.9000000;320.6000000;319.6000000;320.0500000;5050
TATN;5;20160718;170000;320.1500000;320.4500000;320.0500000;320.4000000;5620
TATN;5;20160718;170500;320.1000000;320.8500000;320.0000000;320.6000000;8960
TATN;5;20160718;171000;320.3000000;320.9500000;320.3000000;320.9500000;6470
TATN;5;20160718;171500;320.7500000;320.9000000;320.1500000;320.5000000;7730
TATN;5;20160718;172000;320.5000000;320.7000000;320.0500000;320.0500000;10810
TATN;5;20160718;172500;320.1000000;320.8000000;320.0500000;320.8000000;10440
TATN;5;20160718;173000;320.8500000;321.0000000;320.2500000;320.2500000;23480
TATN;5;20160718;173500;320.4500000;321.4000000;320.4500000;321.0000000;3440
TATN;5;20160718;174000;321.3000000;321.9000000;321.1000000;321.9000000;3820
TATN;5;20160718;174500;321.9000000;322.9000000;321.8500000;322.8500000;21060
TATN;5;20160718;175000;322.9000000;322.9000000;322.1000000;322.3500000;16070
TATN;5;20160718;175500;322.1500000;322.3500000;321.6000000;321.6000000;9040
TATN;5;20160718;180000;321.6000000;322.1000000;321.6000000;321.8500000;9830
TATN;5;20160718;180500;321.8500000;322.1000000;321.8500000;322.1000000;34890
TATN;5;20160718;181000;322.0500000;323.0500000;322.0500000;322.9000000;32600
TATN;5;20160718;181500;323.1500000;324.3500000;323.0500000;324.3500000;18730
TATN;5;20160718;182000;324.3000000;324.9000000;324.0500000;324.9000000;15420
TATN;5;20160718;182500;324.9000000;325.5000000;324.5500000;325.1000000;30840
TATN;5;20160718;183000;325.3000000;325.7500000;324.5500000;325.5000000;38700
TATN;5;20160718;183500;325.5000000;325.5500000;324.8000000;325.1000000;24980
TATN;5;20160718;184000;325.0000000;325.9500000;323.5000000;325.9500000;59740
TATN;5;20160718;185000;326.3500000;326.3500000;326.3500000;326.3500000;95370
TATN;5;20160719;100500;324.7000000;324.9000000;320.6500000;321.9500000;59820
TATN;5;20160719;101000;321.9000000;323.2500000;321.6000000;321.9500000;30560
TATN;5;20160719;101500;322.0000000;324.6500000;321.6000000;322.3500000;65830
TATN;5;20160719;102000;322.3000000;323.7000000;322.3000000;322.5500000;60170
TATN;5;20160719;102500;322.7000000;322.8000000;321.0500000;321.4000000;25980
TATN;5;20160719;103000;321.3500000;323.0000000;321.3500000;322.2500000;20100
TATN;5;20160719;103500;322.4000000;322.4500000;321.8000000;322.0500000;8620
TATN;5;20160719;104000;322.2000000;322.3500000;321.0500000;321.8000000;15740
TATN;5;20160719;104500;321.8000000;321.8500000;321.0500000;321.4500000;11650
TATN;5;20160719;105000;321.6000000;321.7500000;321.0500000;321.3000000;26030
TATN;5;20160719;105500;321.3500000;322.2500000;321.3000000;321.9000000;14460
TATN;5;20160719;110000;322.1000000;322.2000000;321.1000000;321.2000000;12560
TATN;5;20160719;110500;321.3000000;321.5000000;321.0500000;321.0500000;19370
TATN;5;20160719;111000;321.1500000;321.5000000;321.0500000;321.3500000;10850
TATN;5;20160719;111500;321.3500000;321.9000000;321.3500000;321.9000000;1060
TATN;5;20160719;112000;322.1500000;322.1500000;321.0500000;321.4500000;12630
TATN;5;20160719;112500;321.4500000;321.8500000;321.0500000;321.1500000;12040
TATN;5;20160719;113000;321.5000000;322.0000000;321.4500000;321.7500000;5670
TATN;5;20160719;113500;321.9500000;322.2000000;321.6000000;322.2000000;9560
TATN;5;20160719;114000;322.2000000;322.5500000;321.6500000;321.9000000;10360
TATN;5;20160719;114500;322.2000000;322.3000000;321.5500000;322.0000000;7600
TATN;5;20160719;115000;322.0500000;322.1500000;321.5500000;321.6000000;6890
TATN;5;20160719;115500;321.7000000;322.5500000;321.7000000;322.4000000;5620
TATN;5;20160719;120000;322.7500000;322.8500000;321.3500000;321.3500000;19540
TATN;5;20160719;120500;321.5000000;321.7000000;321.3500000;321.6500000;7240
TATN;5;20160719;121000;321.8500000;321.8500000;321.1000000;321.2000000;13460
TATN;5;20160719;121500;321.2000000;321.5000000;321.0500000;321.1500000;8750
TATN;5;20160719;122000;321.3000000;321.7500000;321.0500000;321.4500000;40000
TATN;5;20160719;122500;321.7000000;321.7500000;320.5500000;320.9000000;57920
TATN;5;20160719;123000;320.9000000;321.1000000;320.5000000;320.7000000;13470
TATN;5;20160719;123500;320.7000000;320.8000000;320.1500000;320.1500000;21180
TATN;5;20160719;124000;320.3500000;321.3000000;320.1000000;321.3000000;6530
TATN;5;20160719;124500;321.3000000;321.7000000;321.3000000;321.6000000;4940
TATN;5;20160719;125000;321.6000000;321.6000000;320.6500000;321.1000000;10270
TATN;5;20160719;125500;321.2000000;321.7500000;321.1500000;321.7000000;5470
TATN;5;20160719;130000;321.7000000;321.8500000;321.2000000;321.5000000;6640
TATN;5;20160719;130500;321.5000000;321.7500000;321.5000000;321.7000000;2000
TATN;5;20160719;131000;321.7500000;322.8000000;321.7500000;322.5500000;25080
TATN;5;20160719;131500;322.5500000;322.8500000;322.0000000;322.4500000;15460
TATN;5;20160719;132000;322.5000000;322.5500000;322.0000000;322.5500000;9600
TATN;5;20160719;132500;322.5500000;322.5500000;322.1500000;322.3500000;4440
TATN;5;20160719;133000;322.5000000;322.8500000;322.3000000;322.8500000;5020
TATN;5;20160719;133500;322.8500000;322.8500000;321.9000000;321.9000000;12450
TATN;5;20160719;134000;321.9000000;321.9000000;321.1000000;321.1000000;7720
TATN;5;20160719;134500;321.3500000;322.2500000;321.2500000;321.6500000;8700
TATN;5;20160719;135000;321.6500000;321.9500000;321.5000000;321.9500000;550
TATN;5;20160719;135500;322.1000000;322.1000000;321.2000000;321.2000000;4450
TATN;5;20160719;140000;321.3000000;321.4500000;321.1000000;321.1500000;2190
TATN;5;20160719;140500;321.3000000;321.3000000;321.1500000;321.2500000;430
TATN;5;20160719;141000;321.3000000;321.6500000;321.0500000;321.6500000;7010
TATN;5;20160719;141500;321.7500000;321.7500000;321.0500000;321.7500000;6700
TATN;5;20160719;142000;321.6500000;321.6500000;321.2000000;321.4500000;1180
TATN;5;20160719;142500;321.4500000;321.5000000;321.1000000;321.4500000;740
TATN;5;20160719;143000;321.4500000;322.5000000;321.4500000;322.5000000;9400
TATN;5;20160719;143500;322.5000000;322.9000000;321.4000000;321.5000000;16210
TATN;5;20160719;144000;321.7000000;322.0500000;321.6500000;322.0000000;3260
TATN;5;20160719;144500;322.0000000;322.0500000;321.5000000;321.5000000;4590
TATN;5;20160719;145000;321.7000000;321.7500000;321.5500000;321.7500000;4060
TATN;5;20160719;145500;321.7500000;321.7500000;321.2500000;321.2500000;10030
TATN;5;20160719;150000;321.4000000;321.4000000;321.2000000;321.4000000;850
TATN;5;20160719;150500;321.5500000;322.7000000;321.5500000;322.4000000;12450
TATN;5;20160719;151000;322.3500000;322.5000000;321.7500000;322.5000000;17300
TATN;5;20160719;151500;322.5500000;322.6000000;321.9000000;322.0000000;4230
TATN;5;20160719;152000;322.2000000;322.2000000;321.9500000;321.9500000;2470
TATN;5;20160719;152500;322.0000000;322.3000000;322.0000000;322.2000000;2010
TATN;5;20160719;153000;322.2000000;322.3500000;321.9500000;322.3000000;8240
TATN;5;20160719;153500;322.2500000;322.2500000;321.9500000;322.0000000;7590
TATN;5;20160719;154000;322.0000000;322.3000000;322.0000000;322.2500000;2820
TATN;5;20160719;154500;322.2500000;322.4000000;322.1500000;322.3500000;1400
TATN;5;20160719;155000;322.3500000;322.4500000;322.1500000;322.1500000;1350
TATN;5;20160719;155500;322.1500000;322.1500000;321.0500000;321.0500000;17490
TATN;5;20160719;160000;321.0500000;321.4500000;321.0500000;321.3000000;3500
TATN;5;20160719;160500;321.2000000;321.2000000;321.0500000;321.2000000;4810
TATN;5;20160719;161000;321.1500000;321.4000000;321.1500000;321.3000000;1340
TATN;5;20160719;161500;321.3000000;321.4500000;321.1500000;321.3000000;1130
TATN;5;20160719;162000;321.4500000;321.7500000;321.3000000;321.7500000;3580
TATN;5;20160719;162500;321.6000000;321.6000000;321.5000000;321.5000000;840
TATN;5;20160719;163000;321.5500000;321.5500000;321.4000000;321.5000000;1060
TATN;5;20160719;163500;321.5000000;321.5000000;321.4500000;321.4500000;1510
TATN;5;20160719;164000;321.7000000;322.1500000;321.4000000;321.4000000;6760
TATN;5;20160719;164500;321.4500000;321.5000000;321.3500000;321.3500000;400
TATN;5;20160719;165000;321.4500000;321.4500000;321.2000000;321.2000000;3600
TATN;5;20160719;165500;321.1500000;321.2500000;321.0500000;321.2500000;3950
TATN;5;20160719;170000;321.3500000;321.3500000;321.0500000;321.0500000;5400
TATN;5;20160719;170500;321.1000000;321.1500000;320.5500000;320.6500000;8550
TATN;5;20160719;171000;320.6000000;321.1000000;320.5500000;321.0500000;2150
TATN;5;20160719;171500;321.3500000;321.7500000;321.3500000;321.7500000;680
TATN;5;20160719;172000;321.7000000;321.7000000;321.1000000;321.3500000;3010
TATN;5;20160719;172500;321.4000000;321.4000000;320.9500000;321.0000000;10600
TATN;5;20160719;173000;321.3000000;321.9000000;321.3000000;321.5500000;12590
TATN;5;20160719;173500;321.8500000;321.8500000;321.5500000;321.6500000;1570
TATN;5;20160719;174000;321.7500000;321.7500000;321.3500000;321.3500000;6670
TATN;5;20160719;174500;321.5500000;321.8000000;320.8000000;320.8500000;39250
TATN;5;20160719;175000;320.8500000;321.0500000;320.0000000;320.0000000;32010
TATN;5;20160719;175500;320.0000000;320.3500000;319.5500000;320.0000000;24030
TATN;5;20160719;180000;320.0000000;320.9000000;320.0000000;320.0000000;30050
TATN;5;20160719;180500;320.1000000;320.4000000;319.5000000;320.3000000;32250
TATN;5;20160719;181000;320.1500000;320.3000000;319.1000000;320.0500000;21010
TATN;5;20160719;181500;320.0500000;320.3000000;319.4000000;320.0500000;25240
TATN;5;20160719;182000;320.0500000;320.3000000;319.0000000;320.1500000;32620
TATN;5;20160719;182500;320.2000000;320.9500000;319.9000000;320.8000000;20580
TATN;5;20160719;183000;320.8500000;321.7500000;320.4500000;321.7500000;30000
TATN;5;20160719;183500;321.7000000;322.5000000;321.4000000;322.3500000;43730
TATN;5;20160719;184000;322.5000000;323.0000000;322.1500000;323.0000000;154500
TATN;5;20160719;185000;323.0000000;323.0000000;323.0000000;323.0000000;33870
TATN;5;20160720;100500;321.5000000;322.4500000;320.3000000;320.4500000;81400
TATN;5;20160720;101000;320.4500000;320.4500000;318.4500000;318.5000000;54510
TATN;5;20160720;101500;318.5000000;319.1000000;318.1500000;318.1500000;40080
TATN;5;20160720;102000;318.2000000;318.6500000;317.8500000;318.6500000;16200
TATN;5;20160720;102500;318.7000000;319.4000000;318.7000000;318.9000000;14450
TATN;5;20160720;103000;319.0500000;319.6000000;319.0500000;319.5500000;5590
TATN;5;20160720;103500;319.4500000;319.6000000;318.7000000;319.1500000;6170
TATN;5;20160720;104000;319.7000000;319.7000000;319.4000000;319.7000000;1690
TATN;5;20160720;104500;319.5500000;319.9000000;318.8500000;319.4500000;14160
TATN;5;20160720;105000;319.5000000;319.6000000;318.5000000;319.1500000;10060
TATN;5;20160720;105500;319.2500000;319.2500000;318.5500000;318.7000000;6220
TATN;5;20160720;110000;318.6000000;318.8500000;318.5500000;318.8000000;7020
TATN;5;20160720;110500;318.7000000;318.8500000;318.7000000;318.8500000;3220
TATN;5;20160720;111000;318.8500000;318.8500000;318.5500000;318.5500000;2990
TATN;5;20160720;111500;318.5500000;318.5500000;318.2500000;318.4500000;8230
TATN;5;20160720;112000;318.3000000;318.5500000;318.2500000;318.5500000;27020
TATN;5;20160720;112500;318.6000000;318.8500000;318.5000000;318.8500000;910
TATN;5;20160720;113000;318.8000000;318.8500000;318.4000000;318.4000000;10760
TATN;5;20160720;113500;318.5000000;318.6000000;318.4000000;318.4000000;6330
TATN;5;20160720;114000;318.5500000;318.8500000;318.5000000;318.8500000;2200
TATN;5;20160720;114500;318.8500000;318.8500000;318.8500000;318.8500000;5220
TATN;5;20160720;115000;318.8500000;319.1000000;318.8500000;318.9000000;3140
TATN;5;20160720;115500;319.0000000;319.4000000;318.3000000;318.3500000;38790
TATN;5;20160720;120000;318.7000000;319.1500000;318.7000000;319.1500000;4060
TATN;5;20160720;120500;318.9500000;319.2500000;318.6000000;318.6000000;8480
TATN;5;20160720;121000;318.7000000;319.3000000;318.7000000;319.2000000;2840
TATN;5;20160720;121500;319.2500000;319.3000000;318.5000000;318.5000000;4620
TATN;5;20160720;122000;318.5000000;319.0000000;318.3000000;319.0000000;11130
TATN;5;20160720;122500;319.0500000;319.3000000;319.0500000;319.3000000;4260
TATN;5;20160720;123000;319.3000000;319.3000000;319.1500000;319.1500000;4880
TATN;5;20160720;123500;319.2000000;319.2500000;318.8000000;318.9000000;6170
TATN;5;20160720;124000;319.1500000;319.3000000;319.0000000;319.2500000;380
TATN;5;20160720;124500;319.2000000;319.2500000;319.1000000;319.1000000;840
TATN;5;20160720;125000;318.5000000;318.5000000;318.2500000;318.2500000;36820
TATN;5;20160720;125500;318.4000000;318.6000000;318.3000000;318.5000000;4830
TATN;5;20160720;130000;318.5000000;318.6500000;318.2500000;318.2500000;7230
TATN;5;20160720;130500;318.2500000;318.3000000;318.2500000;318.2500000;2350
TATN;5;20160720;131000;318.2500000;318.6500000;318.2500000;318.6500000;5900
TATN;5;20160720;131500;318.7000000;318.7000000;318.5000000;318.6000000;1370
TATN;5;20160720;132000;318.5500000;318.6500000;318.4500000;318.4500000;1420
TATN;5;20160720;132500;318.5000000;318.5000000;318.0000000;318.1500000;25720
TATN;5;20160720;133000;318.1000000;318.4000000;318.1000000;318.3500000;1110
TATN;5;20160720;133500;318.3500000;318.6500000;318.3500000;318.6500000;8210
TATN;5;20160720;134000;318.6000000;318.6000000;318.2000000;318.2000000;7190
TATN;5;20160720;134500;318.4000000;318.4000000;317.6500000;317.6500000;16410
TATN;5;20160720;135000;317.6500000;317.8000000;317.4000000;317.6500000;12950
TATN;5;20160720;135500;317.4500000;317.4500000;317.1000000;317.1000000;22540
TATN;5;20160720;140000;317.1500000;317.6000000;317.1500000;317.4000000;1570
TATN;5;20160720;140500;317.4000000;317.6500000;317.4000000;317.6500000;1440
TATN;5;20160720;141000;317.6500000;317.9000000;317.6500000;317.8000000;4070
TATN;5;20160720;141500;317.8000000;317.9000000;317.3000000;317.8500000;3920
TATN;5;20160720;142000;317.6500000;317.6500000;317.4500000;317.4500000;860
TATN;5;20160720;142500;317.4500000;317.6000000;317.4500000;317.6000000;1900
TATN;5;20160720;143000;317.5500000;317.9500000;317.5500000;317.8500000;1450
TATN;5;20160720;143500;317.8000000;317.8000000;317.4500000;317.4500000;770
TATN;5;20160720;144000;317.4500000;317.4500000;317.4500000;317.4500000;360
TATN;5;20160720;144500;317.4000000;317.4000000;317.0000000;317.2500000;7480
TATN;5;20160720;145000;317.2000000;317.3500000;317.1500000;317.1500000;6080
TATN;5;20160720;145500;317.2500000;317.2500000;316.6000000;316.9500000;12260
TATN;5;20160720;150000;317.0500000;317.1000000;316.9000000;317.1000000;130
TATN;5;20160720;150500;317.1500000;317.4000000;316.8500000;317.1000000;5990
TATN;5;20160720;151000;316.8500000;316.8500000;316.1000000;316.1500000;11670
TATN;5;20160720;151500;316.2000000;316.4000000;316.1500000;316.2500000;4270
TATN;5;20160720;152000;316.3000000;316.4000000;315.1500000;315.5000000;51590
TATN;5;20160720;152500;315.5000000;315.8500000;315.2500000;315.8000000;3860
TATN;5;20160720;153000;315.9500000;316.2500000;315.9500000;316.0500000;2600
TATN;5;20160720;153500;316.1000000;316.1500000;315.8000000;315.8500000;12020
TATN;5;20160720;154000;315.8500000;315.8500000;315.8000000;315.8500000;8860
TATN;5;20160720;154500;315.8500000;315.8500000;315.3000000;315.3500000;19990
TATN;5;20160720;155000;315.3500000;315.8500000;315.3000000;315.6500000;6540
TATN;5;20160720;155500;315.7000000;315.7000000;315.2000000;315.4500000;9740
TATN;5;20160720;160000;315.2500000;315.4000000;315.2000000;315.2000000;8480
TATN;5;20160720;160500;315.2000000;315.3000000;315.1000000;315.1500000;9460
TATN;5;20160720;161000;315.2500000;315.8500000;315.2500000;315.7500000;2660
TATN;5;20160720;161500;315.7500000;315.8500000;315.6500000;315.8500000;3360
TATN;5;20160720;162000;315.7500000;315.8500000;315.7000000;315.8500000;320
TATN;5;20160720;162500;315.6500000;315.7000000;315.6500000;315.6500000;3290
TATN;5;20160720;163000;315.6500000;315.6500000;315.3500000;315.3500000;14600
TATN;5;20160720;163500;315.3500000;315.6000000;315.3500000;315.5000000;5280
TATN;5;20160720;164000;315.5500000;315.5500000;315.5000000;315.5000000;2490
TATN;5;20160720;164500;315.6000000;315.7500000;315.1000000;315.3000000;10990
TATN;5;20160720;165000;315.1500000;315.4000000;314.6000000;314.6500000;30050
TATN;5;20160720;165500;314.6500000;315.2000000;314.5000000;314.7000000;14040
TATN;5;20160720;170000;314.9500000;315.1500000;314.6000000;315.1000000;7130
TATN;5;20160720;170500;315.1500000;315.6000000;315.1000000;315.5500000;3420
TATN;5;20160720;171000;315.6500000;315.7000000;315.1500000;315.5000000;3870
TATN;5;20160720;171500;315.5000000;315.9500000;315.5000000;315.9500000;6240
TATN;5;20160720;172000;315.7000000;316.2500000;315.5000000;316.2500000;18030
TATN;5;20160720;172500;316.2500000;316.8500000;316.0500000;316.8500000;16790
TATN;5;20160720;173000;316.8500000;316.9500000;315.7500000;316.0000000;17180
TATN;5;20160720;173500;316.0000000;317.0000000;316.0000000;316.7500000;29120
TATN;5;20160720;174000;316.7500000;317.5000000;316.7000000;317.4000000;29630
TATN;5;20160720;174500;317.5000000;317.9000000;317.5000000;317.8500000;11510
TATN;5;20160720;175000;317.9000000;318.2000000;317.9000000;318.1500000;31460
TATN;5;20160720;175500;318.1500000;318.3500000;317.9000000;318.3000000;11660
TATN;5;20160720;180000;318.3000000;318.5000000;317.6000000;318.4000000;26020
TATN;5;20160720;180500;318.4000000;319.5500000;318.1000000;318.4000000;43950
TATN;5;20160720;181000;318.5000000;319.3000000;318.5000000;318.7500000;17380
TATN;5;20160720;181500;318.8500000;318.9000000;318.1500000;318.9000000;21120
TATN;5;20160720;182000;318.8500000;319.3500000;318.6500000;319.3500000;16480
TATN;5;20160720;182500;319.3500000;319.5000000;319.2000000;319.3500000;10130
TATN;5;20160720;183000;319.3500000;319.7000000;319.0000000;319.6500000;14990
TATN;5;20160720;183500;319.7000000;320.0000000;319.3500000;319.7000000;25170
TATN;5;20160720;184000;319.7000000;320.2500000;319.4000000;320.2500000;121910
TATN;5;20160720;185000;317.3000000;317.3000000;317.3000000;317.3000000;134990
TATN;5;20160721;100500;318.8000000;319.3000000;318.4000000;318.5500000;16360
TATN;5;20160721;101000;318.6500000;319.0000000;317.7000000;317.8000000;19240
TATN;5;20160721;101500;317.7000000;318.0000000;317.6000000;317.8000000;7410
TATN;5;20160721;102000;317.8500000;318.0000000;317.6500000;318.0000000;8250
TATN;5;20160721;102500;318.0000000;318.8000000;318.0000000;318.8000000;10180
TATN;5;20160721;103000;318.6500000;318.7500000;318.0000000;318.0000000;3570
TATN;5;20160721;103500;318.0000000;319.1000000;318.0000000;319.0500000;9450
TATN;5;20160721;104000;319.0500000;319.7000000;318.5000000;319.4000000;23520
TATN;5;20160721;104500;319.5000000;319.5000000;318.4000000;319.0000000;2550
TATN;5;20160721;105000;318.7500000;318.7500000;318.0000000;318.5000000;7880
TATN;5;20160721;105500;318.4000000;319.2000000;318.4000000;318.6500000;8140
TATN;5;20160721;110000;318.8000000;319.1500000;318.7500000;318.8500000;3770
TATN;5;20160721;110500;318.5500000;319.1500000;318.5000000;318.6000000;32060
TATN;5;20160721;111000;318.6000000;318.8500000;318.4500000;318.4500000;9080
TATN;5;20160721;111500;318.5500000;318.7000000;318.1500000;318.2500000;5300
TATN;5;20160721;112000;318.2500000;318.5500000;318.2000000;318.4500000;2150
TATN;5;20160721;112500;318.2500000;318.6500000;318.2500000;318.4500000;3070
TATN;5;20160721;113000;318.4500000;318.5000000;318.3000000;318.3000000;1800
TATN;5;20160721;113500;318.3000000;318.3000000;317.8000000;317.8000000;7550
TATN;5;20160721;114000;317.9000000;318.0000000;317.3000000;318.0000000;9640
TATN;5;20160721;114500;318.2000000;318.5000000;317.9500000;317.9500000;3530
TATN;5;20160721;115000;317.9000000;318.2500000;317.7500000;318.0000000;6300
TATN;5;20160721;115500;318.2000000;318.3500000;317.9500000;318.2000000;1120
TATN;5;20160721;120000;318.1000000;318.1000000;317.5500000;317.6500000;2760
TATN;5;20160721;120500;317.8500000;318.4500000;317.7500000;317.9500000;4020
TATN;5;20160721;121000;317.6500000;318.7000000;317.6500000;318.4500000;3460
TATN;5;20160721;121500;318.4000000;318.7000000;318.0000000;318.7000000;4580
TATN;5;20160721;122000;318.2500000;318.8000000;318.2500000;318.4500000;3900
TATN;5;20160721;122500;318.6500000;318.6500000;318.1000000;318.4000000;3300
TATN;5;20160721;123000;318.2000000;319.0500000;318.2000000;318.6500000;18150
TATN;5;20160721;123500;318.7500000;318.7500000;318.6000000;318.6500000;5930
TATN;5;20160721;124000;318.6500000;318.6500000;318.0000000;318.1500000;8650
TATN;5;20160721;124500;318.3000000;318.5000000;318.2000000;318.3000000;3450
TATN;5;20160721;125000;318.2000000;318.7000000;318.0000000;318.7000000;9540
TATN;5;20160721;125500;318.5500000;319.0500000;318.5500000;318.9500000;6410
TATN;5;20160721;130000;319.0000000;319.0500000;318.8000000;319.0500000;2320
TATN;5;20160721;130500;319.0500000;319.1000000;318.7000000;319.1000000;2000
TATN;5;20160721;131000;319.1000000;319.1500000;319.0500000;319.1500000;17830
TATN;5;20160721;131500;319.1500000;319.1500000;318.9500000;318.9500000;7450
TATN;5;20160721;132000;318.9500000;319.1000000;318.6000000;318.6000000;4100
TATN;5;20160721;132500;319.1000000;319.1500000;318.9000000;319.1000000;11170
TATN;5;20160721;133000;319.0000000;319.5500000;319.0000000;319.4000000;9880
TATN;5;20160721;133500;319.6000000;319.6000000;319.5000000;319.5500000;560
TATN;5;20160721;134000;319.6000000;320.0000000;319.6000000;319.7000000;4480
TATN;5;20160721;134500;320.0000000;320.2000000;319.7000000;320.2000000;2930
TATN;5;20160721;135000;320.2000000;320.5000000;320.0000000;320.5000000;3500
TATN;5;20160721;135500;320.4500000;320.7000000;320.2500000;320.2500000;4600
TATN;5;20160721;140000;320.5500000;320.6500000;320.0000000;320.5000000;2010
TATN;5;20160721;140500;320.3500000;320.5500000;320.2000000;320.2000000;1280
TATN;5;20160721;141000;320.3500000;320.6500000;320.3000000;320.3000000;6180
TATN;5;20160721;141500;320.2000000;320.4500000;320.1000000;320.4500000;1490
TATN;5;20160721;142000;320.4500000;320.7000000;320.2000000;320.7000000;8700
TATN;5;20160721;142500;320.7500000;320.7500000;320.4000000;320.4500000;8590
TATN;5;20160721;143000;320.4500000;320.8000000;320.4500000;320.6000000;4060
TATN;5;20160721;143500;320.7500000;321.0000000;320.6000000;320.9000000;6360
TATN;5;20160721;144000;320.9000000;321.1500000;320.5000000;320.6500000;21080
TATN;5;20160721;144500;320.7500000;321.0500000;320.0500000;320.0500000;4110
TATN;5;20160721;145000;320.1500000;320.6000000;319.9500000;320.4500000;4380
TATN;5;20160721;145500;320.7000000;320.7000000;320.4500000;320.5500000;3190
TATN;5;20160721;150000;320.5500000;320.6000000;319.8000000;320.0000000;8210
TATN;5;20160721;150500;320.1500000;320.3000000;319.1000000;319.7000000;6670
TATN;5;20160721;151000;319.4000000;319.8000000;318.6000000;319.5000000;15930
TATN;5;20160721;151500;319.5500000;320.4000000;319.5500000;320.4000000;2860
TATN;5;20160721;152000;320.2500000;320.5500000;320.2000000;320.5500000;4150
TATN;5;20160721;152500;320.4000000;320.4000000;319.4000000;319.4000000;5270
TATN;5;20160721;153000;319.4000000;319.4500000;319.4000000;319.4500000;160
TATN;5;20160721;153500;319.6000000;320.3500000;319.0000000;319.0000000;16920
TATN;5;20160721;154000;319.1500000;319.6000000;318.8500000;318.9000000;2710
TATN;5;20160721;154500;318.9000000;319.1500000;318.5000000;318.8500000;4220
TATN;5;20160721;155000;318.9500000;319.5000000;318.7000000;318.8500000;7320
TATN;5;20160721;155500;318.8000000;319.2000000;318.7000000;318.9500000;1930
TATN;5;20160721;160000;318.7000000;319.4000000;318.7000000;319.0000000;3110
TATN;5;20160721;160500;319.0000000;319.2500000;318.9500000;319.1500000;7570
TATN;5;20160721;161000;319.0000000;319.2000000;318.8500000;319.2000000;3200
TATN;5;20160721;161500;318.9500000;319.4000000;318.9500000;319.2500000;2700
TATN;5;20160721;162000;319.1500000;319.4000000;319.1500000;319.3500000;1720
TATN;5;20160721;162500;319.5000000;319.5000000;319.3000000;319.5000000;2690
TATN;5;20160721;163000;319.6000000;319.7500000;319.4500000;319.7500000;1200
TATN;5;20160721;163500;319.8500000;320.0000000;319.4500000;319.9500000;3690
TATN;5;20160721;164000;319.9500000;320.6000000;319.9000000;319.9000000;15410
TATN;5;20160721;164500;319.6500000;319.9000000;319.5500000;319.7500000;7730
TATN;5;20160721;165000;319.9500000;319.9500000;319.4500000;319.6500000;1900
TATN;5;20160721;165500;319.4000000;319.6500000;319.0000000;319.2000000;6920
TATN;5;20160721;170000;319.4500000;319.8500000;319.4000000;319.6500000;4300
TATN;5;20160721;170500;319.4500000;319.8500000;319.0500000;319.2500000;14860
TATN;5;20160721;171000;319.4500000;319.4500000;319.0500000;319.1500000;4420
TATN;5;20160721;171500;319.1500000;319.2000000;318.5000000;318.5000000;6830
TATN;5;20160721;172000;318.5000000;318.9500000;318.5000000;318.5000000;5210
TATN;5;20160721;172500;318.5000000;318.5500000;318.0000000;318.0000000;30840
TATN;5;20160721;173000;318.0000000;319.0500000;318.0000000;319.0000000;5660
TATN;5;20160721;173500;318.6000000;319.0000000;318.6000000;318.9500000;6220
TATN;5;20160721;174000;319.0000000;319.3000000;318.9500000;319.3000000;4780
TATN;5;20160721;174500;319.3000000;320.0500000;319.3000000;319.7000000;14070
TATN;5;20160721;175000;319.7000000;320.3500000;319.4500000;320.3500000;8610
TATN;5;20160721;175500;320.3000000;320.5000000;320.2000000;320.4500000;3150
TATN;5;20160721;180000;320.5000000;320.7000000;320.4500000;320.6500000;5160
TATN;5;20160721;180500;320.7000000;320.7000000;319.8000000;319.8000000;7390
TATN;5;20160721;181000;319.7000000;319.8000000;319.7000000;319.8000000;5780
TATN;5;20160721;181500;319.8000000;319.8000000;319.7500000;319.7500000;3310
TATN;5;20160721;182000;319.7500000;319.8000000;319.7500000;319.7500000;970
TATN;5;20160721;182500;319.8000000;319.8000000;319.7500000;319.8000000;1650
TATN;5;20160721;183000;319.8000000;319.8000000;319.7000000;319.8000000;8450
TATN;5;20160721;183500;319.8000000;319.8000000;318.8000000;319.2000000;4850
TATN;5;20160721;184000;319.6000000;321.2000000;319.4500000;321.2000000;54280
TATN;5;20160721;185000;320.7000000;320.7000000;320.7000000;320.7000000;21800
TATN;5;20160722;100500;320.9000000;320.9000000;319.3000000;319.7500000;6820
TATN;5;20160722;101000;319.6000000;319.9000000;319.5000000;319.9000000;8750
TATN;5;20160722;101500;319.7000000;320.9000000;319.5500000;320.2500000;10900
TATN;5;20160722;102000;320.4500000;321.0500000;320.3500000;320.6000000;4710
TATN;5;20160722;102500;320.9500000;321.0500000;320.5000000;320.8500000;1050
TATN;5;20160722;103000;320.7500000;321.4000000;320.5000000;321.4000000;22870
TATN;5;20160722;103500;321.4000000;321.4000000;320.5000000;321.1000000;16940
TATN;5;20160722;104000;321.2500000;321.4000000;320.7500000;321.4000000;8310
TATN;5;20160722;104500;321.3500000;321.5000000;321.3500000;321.5000000;8180
TATN;5;20160722;105000;321.5500000;321.7000000;321.4000000;321.6000000;1700
TATN;5;20160722;105500;321.6000000;321.9500000;321.4000000;321.9500000;6970
TATN;5;20160722;110000;321.9000000;321.9000000;321.7000000;321.8000000;870
TATN;5;20160722;110500;321.7000000;321.7000000;321.6000000;321.6000000;940
TATN;5;20160722;111000;321.6000000;321.6000000;321.1000000;321.1000000;2040
TATN;5;20160722;111500;321.1500000;321.5000000;321.0000000;321.5000000;1090
TATN;5;20160722;112000;321.5500000;322.0000000;321.5500000;321.7000000;3500
TATN;5;20160722;112500;321.9000000;322.0000000;321.7000000;321.7000000;4280
TATN;5;20160722;113000;321.6000000;321.8000000;321.3000000;321.8000000;3060
TATN;5;20160722;113500;321.5000000;321.8000000;321.3000000;321.4000000;1910
TATN;5;20160722;114000;321.1500000;321.3500000;320.9000000;321.3500000;8060
TATN;5;20160722;114500;321.1500000;322.0000000;321.1500000;322.0000000;12380
TATN;5;20160722;115000;322.0000000;322.2500000;321.8000000;321.8000000;13070
TATN;5;20160722;115500;322.0000000;322.1000000;321.8000000;321.9500000;2640
TATN;5;20160722;120000;321.9500000;322.2500000;321.9500000;322.2500000;2450
TATN;5;20160722;120500;322.2500000;322.2500000;321.9000000;322.1500000;4930
TATN;5;20160722;121000;321.9500000;322.1000000;321.7000000;322.1000000;440
TATN;5;20160722;121500;321.7000000;321.7000000;321.5500000;321.5500000;1290
TATN;5;20160722;122000;321.4500000;321.8500000;321.4500000;321.8500000;550
TATN;5;20160722;122500;321.8500000;322.0000000;321.7000000;321.8500000;1150
TATN;5;20160722;123000;321.9500000;322.2000000;321.8000000;321.9000000;4750
TATN;5;20160722;123500;322.1000000;322.2500000;321.9000000;322.0000000;3600
TATN;5;20160722;124000;321.8000000;322.1000000;321.7500000;322.1000000;750
TATN;5;20160722;124500;322.1000000;322.1000000;321.8000000;321.9000000;1310
TATN;5;20160722;125000;321.9000000;321.9000000;321.4000000;321.6500000;1110
TATN;5;20160722;125500;321.5500000;321.7000000;321.5500000;321.7000000;930
TATN;5;20160722;130000;321.8000000;321.8000000;321.4000000;321.4000000;1550
TATN;5;20160722;130500;321.6000000;321.6000000;321.3000000;321.3000000;3250
TATN;5;20160722;131000;321.4000000;321.8500000;321.2500000;321.8500000;5700
TATN;5;20160722;131500;321.5000000;322.0000000;321.5000000;322.0000000;390
TATN;5;20160722;132000;322.0000000;322.2500000;321.7000000;322.1000000;9850
TATN;5;20160722;132500;322.2500000;322.2500000;322.0000000;322.2500000;4600
TATN;5;20160722;133000;322.2500000;322.3500000;322.0000000;322.3000000;2840
TATN;5;20160722;133500;322.3000000;322.8000000;322.3000000;322.7000000;5610
TATN;5;20160722;134000;322.8000000;322.8000000;322.4500000;322.8000000;2240
TATN;5;20160722;134500;322.7500000;322.7500000;322.4500000;322.6500000;500
TATN;5;20160722;135000;322.7500000;322.7500000;322.6000000;322.7500000;2320
TATN;5;20160722;135500;322.7500000;322.7500000;322.6000000;322.6000000;520
TATN;5;20160722;140000;322.7000000;322.7000000;322.3000000;322.4500000;7070
TATN;5;20160722;140500;322.4500000;322.4500000;321.7500000;321.7500000;1600
TATN;5;20160722;141000;321.9500000;322.0500000;321.5000000;321.8500000;6130
TATN;5;20160722;141500;321.9500000;321.9500000;321.9500000;321.9500000;1000
TATN;5;20160722;142000;321.7000000;321.9500000;321.7000000;321.7500000;1590
TATN;5;20160722;142500;322.0500000;322.0500000;322.0500000;322.0500000;10
TATN;5;20160722;143000;321.7000000;321.7000000;321.4000000;321.4000000;1290
TATN;5;20160722;143500;321.7500000;321.8500000;321.5000000;321.6500000;3900
TATN;5;20160722;144000;321.6500000;322.4500000;321.6500000;322.4500000;4950
TATN;5;20160722;144500;322.4500000;322.7000000;322.4000000;322.6000000;2180
TATN;5;20160722;145000;322.0000000;322.3500000;321.9000000;322.1000000;1220
TATN;5;20160722;145500;321.8000000;321.9000000;321.7000000;321.9000000;230
TATN;5;20160722;150000;321.6500000;321.6500000;321.4000000;321.5000000;1280
TATN;5;20160722;150500;321.6000000;321.6500000;321.4500000;321.4500000;960
TATN;5;20160722;151000;321.4500000;322.0500000;321.4500000;322.0000000;3740
TATN;5;20160722;151500;321.7000000;322.0000000;321.7000000;322.0000000;210
TATN;5;20160722;152000;322.0500000;322.6000000;321.9000000;322.6000000;2690
TATN;5;20160722;152500;322.4000000;322.5500000;322.3500000;322.5500000;490
TATN;5;20160722;153000;322.5500000;322.5500000;321.5500000;321.5500000;10050
TATN;5;20160722;153500;321.8500000;322.1500000;321.7000000;321.7000000;1380
TATN;5;20160722;154000;321.8500000;321.8500000;320.9000000;320.9000000;4700
TATN;5;20160722;154500;321.0000000;321.1500000;320.2500000;320.3000000;15750
TATN;5;20160722;155000;320.3500000;320.7000000;320.3000000;320.5500000;4660
TATN;5;20160722;155500;320.6000000;320.8500000;320.4000000;320.8500000;1680
TATN;5;20160722;160000;320.7500000;320.7500000;320.4000000;320.4000000;700
TATN;5;20160722;160500;320.4000000;320.8000000;320.3500000;320.6000000;2070
TATN;5;20160722;161000;320.6000000;320.6000000;320.2500000;320.4000000;12660
TATN;5;20160722;161500;320.2500000;321.4000000;320.2500000;320.6500000;4770
TATN;5;20160722;162000;321.0500000;321.2000000;320.6000000;320.9500000;2500
TATN;5;20160722;162500;320.6000000;320.9500000;320.6000000;320.9000000;750
TATN;5;20160722;163000;320.8500000;320.9000000;320.7000000;320.7000000;850
TATN;5;20160722;163500;321.0000000;321.7000000;321.0000000;321.0500000;4610
TATN;5;20160722;164000;321.3000000;321.7000000;321.3000000;321.5000000;4700
TATN;5;20160722;164500;320.9500000;320.9500000;320.7500000;320.9000000;1180
TATN;5;20160722;165000;320.7500000;320.8000000;320.7500000;320.7500000;710
TATN;5;20160722;165500;320.7000000;320.8500000;320.5000000;320.5000000;610
TATN;5;20160722;170000;320.4500000;321.0000000;320.3500000;320.9000000;2350
TATN;5;20160722;170500;321.1000000;321.6500000;321.1000000;321.6000000;1130
TATN;5;20160722;171000;321.1000000;321.3500000;320.5000000;320.5000000;4300
TATN;5;20160722;171500;320.6500000;320.6500000;320.4000000;320.6500000;940
TATN;5;20160722;172000;320.4000000;320.4000000;320.2500000;320.2500000;1690
TATN;5;20160722;172500;320.3000000;320.5500000;320.2500000;320.5000000;3750
TATN;5;20160722;173000;320.4000000;320.4000000;320.1000000;320.1000000;3690
TATN;5;20160722;173500;320.4500000;320.4500000;320.1500000;320.4000000;360
TATN;5;20160722;174000;320.4000000;320.4000000;320.0000000;320.1000000;1270
TATN;5;20160722;174500;320.1000000;321.4500000;320.1000000;321.3000000;19320
TATN;5;20160722;175000;321.3000000;321.3000000;321.1500000;321.2000000;1160
TATN;5;20160722;175500;321.2000000;321.6500000;321.2000000;321.4500000;2490
TATN;5;20160722;180000;321.4500000;321.8000000;321.4500000;321.7000000;560
TATN;5;20160722;180500;321.3500000;321.5000000;321.2500000;321.2500000;890
TATN;5;20160722;181000;321.1000000;321.1000000;320.8000000;320.8000000;1950
TATN;5;20160722;181500;320.9500000;321.8000000;320.9500000;321.8000000;4030
TATN;5;20160722;182000;321.8000000;322.1000000;321.5000000;321.5000000;7520
TATN;5;20160722;182500;321.5000000;321.5000000;321.3000000;321.3000000;2580
TATN;5;20160722;183000;321.2500000;321.2500000;320.5000000;320.6500000;9330
TATN;5;20160722;183500;320.7500000;322.3500000;320.6500000;322.3000000;33840
TATN;5;20160722;184000;322.2000000;322.9500000;320.9500000;320.9500000;84290
TATN;5;20160722;185000;319.0000000;319.0000000;319.0000000;319.0000000;159630
TATN;5;20160725;100500;320.5500000;321.9500000;320.5500000;321.3500000;14370
TATN;5;20160725;101000;320.7000000;320.9500000;320.0000000;320.8500000;12790
TATN;5;20160725;101500;320.6000000;321.8500000;320.6000000;321.5000000;11870
TATN;5;20160725;102000;321.6500000;321.8000000;321.5000000;321.7000000;14020
TATN;5;20160725;102500;321.2500000;321.8000000;321.2500000;321.7500000;580
TATN;5;20160725;103000;321.5000000;321.5000000;320.2500000;320.6500000;13720
TATN;5;20160725;103500;320.3000000;320.6500000;320.3000000;320.4500000;2070
TATN;5;20160725;104000;320.3500000;320.9000000;319.9000000;320.9000000;16190
TATN;5;20160725;104500;320.5000000;321.2000000;320.3000000;321.0500000;5380
TATN;5;20160725;105000;320.8000000;321.5000000;320.8000000;321.1000000;3760
TATN;5;20160725;105500;321.2000000;321.4000000;321.0000000;321.4000000;3530
TATN;5;20160725;110000;321.2500000;321.5000000;320.5000000;320.5000000;5110
TATN;5;20160725;110500;320.8500000;321.2500000;320.7500000;320.9500000;6280
TATN;5;20160725;111000;321.3000000;321.8500000;321.1500000;321.4000000;7040
TATN;5;20160725;111500;321.4000000;321.4500000;320.8500000;320.8500000;3110
TATN;5;20160725;112000;321.1000000;321.3500000;320.6000000;320.7000000;1810
TATN;5;20160725;112500;320.9500000;320.9500000;320.5500000;320.5500000;1540
TATN;5;20160725;113000;320.5500000;320.6500000;320.5000000;320.6000000;2520
TATN;5;20160725;113500;320.9500000;321.1500000;320.4500000;320.4500000;4770
TATN;5;20160725;114000;320.4500000;320.6500000;320.3500000;320.5500000;1580
TATN;5;20160725;114500;320.4000000;320.7000000;320.1000000;320.4500000;7240
TATN;5;20160725;115000;320.5500000;320.9500000;320.5500000;320.7500000;5710
TATN;5;20160725;115500;320.7500000;321.1000000;320.6000000;321.1000000;5110
TATN;5;20160725;120000;321.1000000;321.9500000;320.9000000;321.6500000;20890
TATN;5;20160725;120500;321.6500000;322.0000000;321.3000000;321.3000000;3410
TATN;5;20160725;121000;321.6500000;321.6500000;321.0500000;321.0500000;910
TATN;5;20160725;121500;320.9500000;320.9500000;320.5500000;320.5500000;1460
TATN;5;20160725;122000;320.6000000;320.6000000;320.6000000;320.6000000;660
TATN;5;20160725;122500;320.6000000;320.6000000;320.3000000;320.4500000;1420
TATN;5;20160725;123000;320.3000000;320.8000000;320.0000000;320.8000000;4080
TATN;5;20160725;123500;320.7500000;320.7500000;320.7500000;320.7500000;500
TATN;5;20160725;124000;321.2500000;321.4500000;321.1500000;321.4500000;1580
TATN;5;20160725;124500;321.4000000;321.4000000;321.2500000;321.2500000;510
TATN;5;20160725;125000;321.3500000;321.8500000;321.3500000;321.7000000;6380
TATN;5;20160725;125500;321.8000000;321.9500000;321.6500000;321.7500000;2780
TATN;5;20160725;130000;321.9500000;322.4500000;321.9500000;321.9500000;4460
TATN;5;20160725;130500;322.2000000;322.2500000;321.3000000;321.8000000;3110
TATN;5;20160725;131000;321.9000000;321.9000000;321.7000000;321.9000000;910
TATN;5;20160725;131500;321.9500000;322.4500000;321.9500000;322.1500000;3700
TATN;5;20160725;132000;322.4000000;322.4000000;322.0500000;322.4000000;3090
TATN;5;20160725;132500;322.4000000;322.4000000;321.8500000;322.4000000;5640
TATN;5;20160725;133000;322.2500000;322.5000000;322.0000000;322.4500000;8000
TATN;5;20160725;133500;322.4500000;322.7000000;322.2000000;322.6000000;3420
TATN;5;20160725;134000;322.7000000;322.7500000;322.3500000;322.3500000;2990
TATN;5;20160725;134500;322.0500000;322.5000000;321.9500000;322.1500000;2000
TATN;5;20160725;135000;322.1500000;322.1500000;321.6500000;321.9500000;5080
TATN;5;20160725;135500;321.9500000;322.3000000;321.6500000;321.9500000;6610
TATN;5;20160725;140000;322.3000000;322.4000000;322.3000000;322.3000000;1900
TATN;5;20160725;140500;322.3000000;322.3000000;322.2500000;322.2500000;2630
TATN;5;20160725;141000;322.3000000;322.3000000;321.9000000;322.2500000;7090
TATN;5;20160725;141500;321.9500000;321.9500000;321.6000000;321.6000000;2240
TATN;5;20160725;142000;321.9000000;321.9500000;321.7000000;321.9000000;2880
TATN;5;20160725;142500;321.8000000;322.3000000;321.7000000;322.0000000;53060
TATN;5;20160725;143000;321.9500000;322.3000000;321.6500000;321.6500000;5640
TATN;5;20160725;143500;321.6500000;322.2000000;321.6500000;322.0000000;8300
TATN;5;20160725;144000;321.9500000;322.2000000;321.5500000;322.1000000;5250
TATN;5;20160725;144500;322.0000000;322.2500000;321.8000000;322.0000000;4430
TATN;5;20160725;145000;321.9500000;322.0500000;321.7000000;322.0500000;2980
TATN;5;20160725;145500;322.0500000;322.3000000;321.8000000;321.9500000;8570
TATN;5;20160725;150000;322.0000000;322.0000000;321.8000000;321.8000000;3450
TATN;5;20160725;150500;322.0000000;322.8500000;321.7500000;322.8000000;42470
TATN;5;20160725;151000;322.8000000;322.8500000;322.2500000;322.5500000;6370
TATN;5;20160725;151500;322.5500000;322.6500000;322.3000000;322.6500000;2650
TATN;5;20160725;152000;322.6500000;322.6500000;322.3500000;322.5000000;2920
TATN;5;20160725;152500;322.4500000;322.8500000;322.4000000;322.8500000;10850
TATN;5;20160725;153000;322.7500000;322.8000000;322.5500000;322.6500000;3290
TATN;5;20160725;153500;322.7500000;322.8500000;322.7000000;322.8500000;3210
TATN;5;20160725;154000;322.7000000;322.8500000;322.5500000;322.8500000;8870
TATN;5;20160725;154500;322.9000000;322.9000000;322.5500000;322.6500000;5730
TATN;5;20160725;155000;322.7500000;322.8500000;322.7000000;322.8500000;2000
TATN;5;20160725;155500;322.8500000;323.0000000;322.8000000;322.9000000;22210
TATN;5;20160725;160000;322.9000000;322.9000000;322.4500000;322.5000000;9940
TATN;5;20160725;160500;322.4500000;323.0000000;322.3500000;322.9500000;16980
TATN;5;20160725;161000;322.8000000;322.8000000;322.7500000;322.7500000;2550
TATN;5;20160725;161500;322.7000000;322.7000000;322.5000000;322.5500000;2360
TATN;5;20160725;162000;322.8000000;322.9000000;322.7500000;322.9000000;520
TATN;5;20160725;162500;322.9000000;322.9000000;322.5500000;322.6000000;4950
TATN;5;20160725;163000;322.7500000;322.8000000;322.2500000;322.5500000;4880
TATN;5;20160725;163500;322.5500000;322.6000000;321.8000000;322.0000000;13070
TATN;5;20160725;164000;322.0500000;322.0500000;321.3000000;321.6000000;8640
TATN;5;20160725;164500;321.8000000;321.9500000;320.2000000;320.6000000;16190
TATN;5;20160725;165000;320.6000000;320.7000000;319.1000000;319.4500000;13820
TATN;5;20160725;165500;319.1500000;320.1500000;319.1000000;320.1500000;1130
TATN;5;20160725;170000;320.0500000;320.3000000;319.2500000;319.7500000;7130
TATN;5;20160725;170500;319.4500000;319.5500000;319.0500000;319.3500000;7480
TATN;5;20160725;171000;319.3500000;319.5500000;318.4000000;318.4000000;9460
TATN;5;20160725;171500;318.6500000;318.9000000;318.0500000;318.1000000;12910
TATN;5;20160725;172000;318.0500000;318.7500000;318.0500000;318.2000000;11400
TATN;5;20160725;172500;318.1500000;318.7500000;318.1500000;318.3500000;5610
TATN;5;20160725;173000;318.3500000;318.9000000;318.2000000;318.2000000;11560
TATN;5;20160725;173500;318.2500000;318.7500000;318.1000000;318.6500000;2300
TATN;5;20160725;174000;318.7000000;320.4000000;318.7000000;320.0000000;13460
TATN;5;20160725;174500;320.0000000;320.0000000;319.4000000;319.5000000;14280
TATN;5;20160725;175000;319.8500000;320.8500000;319.8500000;320.5000000;8570
TATN;5;20160725;175500;320.6000000;320.6500000;319.4500000;319.9500000;10330
TATN;5;20160725;180000;319.9500000;320.9000000;319.9500000;320.0000000;11500
TATN;5;20160725;180500;320.0000000;320.5000000;319.4000000;320.0500000;3350
TATN;5;20160725;181000;320.0500000;320.2500000;319.5000000;320.2500000;6440
TATN;5;20160725;181500;320.0500000;320.2500000;320.0500000;320.2500000;3380
TATN;5;20160725;182000;320.2000000;320.2500000;319.5000000;319.8500000;6120
TATN;5;20160725;182500;319.8500000;320.0000000;319.8500000;319.9500000;2790
TATN;5;20160725;183000;319.9500000;320.1000000;319.8000000;319.9000000;10010
TATN;5;20160725;183500;320.0000000;321.4500000;319.9000000;321.2000000;40170
TATN;5;20160725;184000;321.1500000;322.4500000;320.6000000;322.3000000;120160
TATN;5;20160725;185000;323.0000000;323.0000000;323.0000000;323.0000000;109260
TATN;5;20160726;100500;322.2500000;322.6500000;321.6000000;321.7000000;13570
TATN;5;20160726;101000;321.8500000;321.8500000;321.4500000;321.6500000;5900
TATN;5;20160726;101500;321.7500000;322.1500000;321.1500000;321.3000000;19410
TATN;5;20160726;102000;321.3000000;322.1500000;321.1500000;321.6000000;32310
TATN;5;20160726;102500;321.6000000;322.4500000;321.4000000;321.8500000;12280
TATN;5;20160726;103000;321.8000000;321.8000000;321.2000000;321.6000000;15130
TATN;5;20160726;103500;321.5500000;321.6000000;321.1500000;321.2000000;4360
TATN;5;20160726;104000;321.2000000;321.2500000;320.8500000;321.2500000;13990
TATN;5;20160726;104500;321.1000000;322.2000000;321.1000000;321.8000000;4960
TATN;5;20160726;105000;321.6000000;322.7000000;321.3500000;322.7000000;8970
TATN;5;20160726;105500;322.6000000;322.6500000;321.8500000;322.0000000;2750
TATN;5;20160726;110000;321.9500000;322.0500000;321.3000000;321.3000000;4710
TATN;5;20160726;110500;321.2500000;321.5000000;321.2500000;321.2500000;2860
TATN;5;20160726;111000;321.2500000;321.2500000;320.5500000;320.9000000;10040
TATN;5;20160726;111500;320.9500000;321.1000000;320.5500000;320.5500000;1900
TATN;5;20160726;112000;320.5500000;320.6500000;320.2500000;320.3000000;9040
TATN;5;20160726;112500;320.2500000;320.4500000;320.2500000;320.2500000;7530
TATN;5;20160726;113000;320.4000000;320.6500000;319.5500000;319.9000000;43010
TATN;5;20160726;113500;319.7000000;319.9500000;319.7000000;319.8500000;3190
TATN;5;20160726;114000;319.8500000;320.1000000;319.0500000;319.2000000;30590
TATN;5;20160726;114500;319.1000000;319.1500000;317.6000000;318.1000000;52370
TATN;5;20160726;115000;318.0500000;318.5000000;318.0000000;318.0500000;11380
TATN;5;20160726;115500;318.3000000;318.6500000;318.0500000;318.0500000;4880
TATN;5;20160726;120000;318.2000000;318.2000000;317.8000000;318.0000000;8900
TATN;5;20160726;120500;318.0500000;318.1500000;317.7000000;318.1500000;19840
TATN;5;20160726;121000;318.1500000;318.5000000;317.8000000;318.3500000;12100
TATN;5;20160726;121500;318.5000000;318.9500000;318.5000000;318.8500000;10720
TATN;5;20160726;122000;318.6500000;318.8500000;318.5000000;318.8500000;9380
TATN;5;20160726;122500;318.8500000;318.8500000;317.3500000;317.3500000;28430
TATN;5;20160726;123000;317.3000000;317.7000000;317.2000000;317.3000000;12480
TATN;5;20160726;123500;317.2000000;317.2500000;316.7000000;317.0500000;18710
TATN;5;20160726;124000;316.9500000;317.1000000;316.9500000;317.1000000;3820
TATN;5;20160726;124500;317.2500000;317.7000000;317.0500000;317.7000000;4450
TATN;5;20160726;125000;317.6000000;317.7500000;317.0000000;317.0000000;22520
TATN;5;20160726;125500;317.0000000;317.0000000;315.8500000;316.0500000;33080
TATN;5;20160726;130000;315.9000000;316.4500000;315.8000000;316.4500000;9460
TATN;5;20160726;130500;316.4500000;316.5000000;316.2500000;316.4500000;3720
TATN;5;20160726;131000;316.7000000;316.8000000;316.3500000;316.3500000;17280
TATN;5;20160726;131500;316.4500000;316.8500000;315.8000000;315.9000000;9200
TATN;5;20160726;132000;315.8500000;316.6000000;315.8500000;316.0000000;7560
TATN;5;20160726;132500;316.1000000;316.3500000;316.0000000;316.1000000;5800
TATN;5;20160726;133000;316.3000000;316.9000000;316.3000000;316.9000000;2940
TATN;5;20160726;133500;316.9000000;317.2500000;316.3500000;316.4500000;8030
TATN;5;20160726;134000;316.5500000;316.8500000;316.5500000;316.7500000;460
TATN;5;20160726;134500;316.5500000;316.5500000;316.1500000;316.4000000;5260
TATN;5;20160726;135000;316.2500000;316.3500000;316.0500000;316.0500000;6430
TATN;5;20160726;135500;316.1000000;316.3500000;315.9500000;316.0500000;22620
TATN;5;20160726;140000;316.1500000;316.1500000;315.8000000;315.9500000;5580
TATN;5;20160726;140500;315.9000000;316.3000000;315.7000000;316.1000000;13090
TATN;5;20160726;141000;315.9000000;316.2000000;315.8000000;315.9500000;10970
TATN;5;20160726;141500;315.9000000;316.1000000;315.8000000;315.8000000;5200
TATN;5;20160726;142000;315.8000000;316.1500000;315.8000000;315.9000000;5370
TATN;5;20160726;142500;315.9000000;316.2000000;315.9000000;316.0000000;6230
TATN;5;20160726;143000;316.0000000;316.0000000;315.5500000;315.5500000;27450
TATN;5;20160726;143500;315.5500000;315.7500000;315.5000000;315.7500000;6980
TATN;5;20160726;144000;315.7500000;315.7500000;315.3000000;315.5000000;7980
TATN;5;20160726;144500;315.3500000;315.6000000;315.3000000;315.5500000;5560
TATN;5;20160726;145000;315.7500000;315.8500000;315.7500000;315.8500000;520
TATN;5;20160726;145500;315.8500000;315.8500000;315.8500000;315.8500000;20
TATN;5;20160726;150000;315.8500000;316.3500000;315.8500000;316.1500000;7860
TATN;5;20160726;150500;316.1000000;316.7500000;316.1000000;316.7000000;8970
TATN;5;20160726;151000;316.7000000;316.9000000;316.2500000;316.5000000;10960
TATN;5;20160726;151500;316.5000000;316.8000000;316.4000000;316.6000000;5630
TATN;5;20160726;152000;316.5500000;316.7500000;316.2500000;316.3000000;23780
TATN;5;20160726;152500;316.5000000;316.6500000;316.3000000;316.4500000;11960
TATN;5;20160726;153000;316.4500000;316.5500000;315.7500000;315.8000000;10800
TATN;5;20160726;153500;316.0500000;316.2500000;315.5500000;315.7000000;9130
TATN;5;20160726;154000;315.8500000;315.9000000;315.6500000;315.7000000;6250
TATN;5;20160726;154500;315.7000000;316.0500000;315.5500000;316.0500000;7350
TATN;5;20160726;155000;316.1500000;316.4000000;315.7000000;316.4000000;10110
TATN;5;20160726;155500;316.4500000;316.9500000;316.1500000;316.1500000;11880
TATN;5;20160726;160000;316.3500000;317.0000000;316.1500000;316.8500000;37810
TATN;5;20160726;160500;316.8500000;317.2000000;316.6000000;316.6500000;10850
TATN;5;20160726;161000;316.6500000;317.1000000;316.5500000;316.8500000;5320
TATN;5;20160726;161500;316.9000000;317.2500000;316.6500000;316.9000000;8290
TATN;5;20160726;162000;316.9000000;316.9500000;315.8000000;316.0000000;13220
TATN;5;20160726;162500;316.0500000;316.4500000;316.0000000;316.4000000;5260
TATN;5;20160726;163000;316.4500000;316.6000000;316.1000000;316.2500000;6390
TATN;5;20160726;163500;316.3500000;316.3500000;315.9000000;315.9000000;6760
TATN;5;20160726;164000;315.8500000;316.1500000;315.8000000;315.8500000;15970
TATN;5;20160726;164500;316.0000000;316.1000000;315.5000000;315.6000000;47990
TATN;5;20160726;165000;315.6000000;315.8000000;315.3000000;315.6500000;48810
TATN;5;20160726;165500;315.6500000;315.9500000;315.4500000;315.9500000;18320
TATN;5;20160726;170000;315.9000000;316.1500000;315.8500000;315.8500000;9090
TATN;5;20160726;170500;316.0500000;316.2000000;315.7000000;315.7000000;8450
TATN;5;20160726;171000;315.7000000;315.8000000;315.4000000;315.4000000;13000
TATN;5;20160726;171500;315.4000000;315.7500000;315.3500000;315.5000000;28050
TATN;5;20160726;172000;315.5000000;315.7500000;315.5000000;315.6000000;3780
TATN;5;20160726;172500;315.6500000;315.8000000;315.3500000;315.3500000;16850
TATN;5;20160726;173000;315.4000000;316.1000000;315.3000000;315.8500000;73930
TATN;5;20160726;173500;316.0500000;316.7000000;316.0500000;316.7000000;20540
TATN;5;20160726;174000;316.6000000;316.7500000;316.6000000;316.6500000;2470
TATN;5;20160726;174500;316.6000000;316.6000000;315.5000000;315.7000000;40940
TATN;5;20160726;175000;315.7000000;315.7000000;315.6000000;315.7000000;16640
TATN;5;20160726;175500;315.6500000;315.7000000;315.5500000;315.5500000;14130
TATN;5;20160726;180000;315.6000000;315.7000000;315.6000000;315.6500000;9090
TATN;5;20160726;180500;315.6500000;315.6500000;315.6000000;315.6500000;9810
TATN;5;20160726;181000;315.6500000;315.6500000;315.6000000;315.6500000;20430
TATN;5;20160726;181500;315.6000000;315.6500000;315.6000000;315.6500000;10720
TATN;5;20160726;182000;315.6000000;315.6500000;315.6000000;315.6000000;3900
TATN;5;20160726;182500;315.5500000;315.6500000;315.5500000;315.6000000;6540
TATN;5;20160726;183000;315.5500000;315.6000000;315.4500000;315.5500000;13100
TATN;5;20160726;183500;315.4500000;315.7000000;315.4000000;315.7000000;14510
TATN;5;20160726;184000;315.7000000;316.7500000;315.3000000;316.7500000;89700
TATN;5;20160726;185000;317.7000000;317.7000000;317.7000000;317.7000000;125690
TATN;5;20160727;100500;317.3000000;317.6500000;316.5500000;316.9000000;17570
TATN;5;20160727;101000;316.8000000;317.0000000;316.5000000;316.9500000;5750
TATN;5;20160727;101500;316.8000000;317.1000000;316.7500000;316.9500000;5450
TATN;5;20160727;102000;316.7500000;317.1000000;315.5000000;315.5000000;26600
TATN;5;20160727;102500;315.5000000;315.9000000;315.1500000;315.6000000;54370
TATN;5;20160727;103000;315.5500000;316.2000000;315.5500000;316.0000000;9440
TATN;5;20160727;103500;316.0000000;316.0000000;315.7000000;315.7000000;4410
TATN;5;20160727;104000;315.8000000;316.1500000;315.6000000;316.1500000;10050
TATN;5;20160727;104500;315.9500000;316.0000000;315.2000000;315.6000000;18370
TATN;5;20160727;105000;315.7000000;316.1500000;315.4500000;316.0000000;6170
TATN;5;20160727;105500;315.9500000;316.5500000;315.6000000;315.8500000;23980
TATN;5;20160727;110000;315.9500000;316.2500000;315.4500000;315.7500000;26070
TATN;5;20160727;110500;316.0000000;316.1500000;315.4000000;315.6000000;13750
TATN;5;20160727;111000;315.6000000;315.8500000;315.3500000;315.7500000;9070
TATN;5;20160727;111500;315.7500000;316.0000000;315.4500000;315.6000000;7030
TATN;5;20160727;112000;315.5000000;315.6000000;315.4000000;315.4500000;3540
TATN;5;20160727;112500;315.4000000;315.4000000;315.1500000;315.2000000;11980
TATN;5;20160727;113000;315.1500000;315.5000000;315.1500000;315.5000000;10630
TATN;5;20160727;113500;315.5000000;315.5500000;315.2500000;315.5500000;5390
TATN;5;20160727;114000;315.7000000;315.7000000;315.2500000;315.2500000;2510
TATN;5;20160727;114500;315.2500000;315.3500000;315.1500000;315.1500000;18590
TATN;5;20160727;115000;315.1500000;315.4000000;315.0000000;315.2500000;18970
TATN;5;20160727;115500;315.1500000;315.5000000;315.0500000;315.0500000;3310
TATN;5;20160727;120000;315.0500000;315.3500000;315.0500000;315.3500000;2780
TATN;5;20160727;120500;315.1500000;315.7000000;314.9500000;315.7000000;8220
TATN;5;20160727;121000;315.4500000;315.7000000;315.0500000;315.2000000;5490
TATN;5;20160727;121500;315.2000000;315.6000000;315.0500000;315.3000000;4980
TATN;5;20160727;122000;315.3500000;315.9500000;315.2500000;315.6500000;6940
TATN;5;20160727;122500;315.7000000;316.1500000;315.7000000;316.0500000;33430
TATN;5;20160727;123000;315.8500000;316.1500000;315.8500000;315.9000000;2220
TATN;5;20160727;123500;316.0500000;316.1500000;315.8500000;316.1500000;5490
TATN;5;20160727;124000;316.2500000;316.5000000;316.1000000;316.5000000;6810
TATN;5;20160727;124500;316.5000000;317.0000000;316.4000000;316.6000000;13790
TATN;5;20160727;125000;316.6000000;316.7000000;316.5000000;316.5000000;1590
TATN;5;20160727;125500;316.6000000;316.8000000;316.3000000;316.5500000;11950
TATN;5;20160727;130000;316.8000000;316.9000000;316.8000000;316.9000000;4880
TATN;5;20160727;130500;316.7000000;316.9000000;316.6000000;316.6000000;1540
TATN;5;20160727;131000;316.6000000;316.6000000;316.3500000;316.5000000;7690
TATN;5;20160727;131500;316.3500000;316.3500000;315.9500000;316.0000000;1470
TATN;5;20160727;132000;315.9500000;316.3000000;315.9500000;316.0500000;1810
TATN;5;20160727;132500;316.3000000;316.3500000;316.0500000;316.0500000;1550
TATN;5;20160727;133000;316.0500000;316.6500000;316.0500000;316.6500000;3060
TATN;5;20160727;133500;316.6000000;316.6000000;316.4500000;316.5500000;970
TATN;5;20160727;134000;316.5500000;316.8500000;316.5500000;316.6000000;2920
TATN;5;20160727;134500;316.7500000;316.8500000;315.9000000;316.3000000;7380
TATN;5;20160727;135000;316.3000000;316.3500000;315.6500000;316.0500000;9330
TATN;5;20160727;135500;316.1500000;316.1500000;315.3500000;315.3500000;8020
TATN;5;20160727;140000;315.6000000;315.6000000;315.6000000;315.6000000;520
TATN;5;20160727;141000;315.6500000;315.6500000;315.5000000;315.6000000;2770
TATN;5;20160727;141500;315.6000000;316.0000000;315.5000000;315.8500000;1910
TATN;5;20160727;142000;315.8500000;316.1000000;315.5000000;316.1000000;3500
TATN;5;20160727;142500;316.1000000;316.8500000;316.1000000;316.4500000;7630
TATN;5;20160727;143000;316.5000000;316.8000000;316.4000000;316.7000000;3920
TATN;5;20160727;143500;316.8000000;316.8500000;316.0000000;316.2500000;6540
TATN;5;20160727;144000;316.1500000;316.1500000;315.5000000;315.5000000;3920
TATN;5;20160727;144500;315.5500000;316.0000000;315.5000000;315.7000000;4270
TATN;5;20160727;145000;315.6500000;315.8500000;315.6500000;315.8500000;1040
TATN;5;20160727;145500;315.7000000;315.9500000;315.4500000;315.6500000;4240
TATN;5;20160727;150000;315.8500000;316.0000000;315.8000000;316.0000000;5910
TATN;5;20160727;150500;316.0000000;316.0000000;315.6000000;315.6500000;5220
TATN;5;20160727;151000;315.5000000;315.5000000;315.5000000;315.5000000;1100
TATN;5;20160727;151500;315.5000000;315.6500000;315.4000000;315.6500000;28770
TATN;5;20160727;152000;315.6500000;315.7000000;315.4000000;315.4000000;3810
TATN;5;20160727;152500;315.4000000;315.5500000;315.2000000;315.3000000;6150
TATN;5;20160727;153000;315.3500000;315.6500000;315.2500000;315.2500000;5910
TATN;5;20160727;153500;315.4500000;315.4500000;315.0000000;315.2000000;35440
TATN;5;20160727;154000;315.1000000;315.3000000;315.0000000;315.3000000;6300
TATN;5;20160727;154500;315.0500000;315.4000000;314.7000000;314.7000000;31550
TATN;5;20160727;155000;314.7000000;314.9000000;314.5000000;314.7500000;9180
TATN;5;20160727;155500;314.8000000;314.9000000;314.3500000;314.4000000;18090
TATN;5;20160727;160000;314.5000000;314.6500000;314.3500000;314.3500000;6970
TATN;5;20160727;160500;314.4500000;314.7500000;314.3500000;314.4000000;5410
TATN;5;20160727;161000;314.4500000;314.5500000;314.3500000;314.5000000;10040
TATN;5;20160727;161500;314.3500000;314.6500000;314.1000000;314.3500000;12410
TATN;5;20160727;162000;314.3500000;314.7000000;314.3500000;314.7000000;2480
TATN;5;20160727;162500;314.7000000;315.1500000;314.7000000;315.0500000;2740
TATN;5;20160727;163000;314.9500000;315.3500000;314.9000000;315.3500000;4070
TATN;5;20160727;163500;315.1500000;316.5500000;315.0000000;316.5000000;44690
TATN;5;20160727;164000;316.5500000;316.8000000;316.0000000;316.3000000;17200
TATN;5;20160727;164500;316.3000000;316.7000000;315.7500000;316.3000000;7730
TATN;5;20160727;165000;316.3000000;316.4500000;315.6500000;315.8500000;3820
TATN;5;20160727;165500;315.8500000;316.0500000;315.3000000;315.7000000;6720
TATN;5;20160727;170000;315.6000000;315.8000000;315.4000000;315.8000000;4980
TATN;5;20160727;170500;315.8000000;316.5500000;315.8000000;316.4000000;17240
TATN;5;20160727;171000;316.1500000;316.7500000;315.7500000;316.2500000;29740
TATN;5;20160727;171500;316.3000000;316.7000000;315.7000000;316.5500000;27860
TATN;5;20160727;172000;316.2000000;316.7500000;316.1000000;316.7000000;17190
TATN;5;20160727;172500;316.7000000;316.7500000;316.2500000;316.7500000;21580
TATN;5;20160727;173000;316.7500000;316.9500000;316.6000000;316.8000000;14520
TATN;5;20160727;173500;316.6000000;317.0000000;315.9500000;315.9500000;11330
TATN;5;20160727;174000;316.0000000;316.0000000;315.6500000;315.7500000;4160
TATN;5;20160727;174500;315.6500000;315.7500000;315.0000000;315.3000000;17160
TATN;5;20160727;175000;315.1000000;315.4000000;315.0000000;315.4000000;11650
TATN;5;20160727;175500;315.2000000;315.4500000;315.1000000;315.1000000;1790
TATN;5;20160727;180000;315.3500000;315.3500000;315.1500000;315.2000000;1610
TATN;5;20160727;180500;315.1500000;315.2000000;314.8000000;314.8000000;10870
TATN;5;20160727;181000;314.9500000;314.9500000;314.7500000;314.8500000;7050
TATN;5;20160727;181500;314.8500000;315.4500000;314.8500000;315.2000000;3320
TATN;5;20160727;182000;315.2000000;315.4500000;315.1000000;315.2500000;3470
TATN;5;20160727;182500;315.2500000;315.3000000;314.7500000;314.7500000;6830
TATN;5;20160727;183000;314.8000000;316.1500000;314.8000000;315.9500000;27110
TATN;5;20160727;183500;315.9000000;317.2500000;315.9000000;317.2000000;67530
TATN;5;20160727;184000;317.2000000;317.4000000;315.5000000;316.5000000;76670
TATN;5;20160727;185000;319.8000000;319.8000000;319.8000000;319.8000000;256470
TATN;5;20160728;100500;318.2000000;318.4500000;316.0500000;316.7000000;129480
TATN;5;20160728;101000;316.7500000;316.8500000;316.6000000;316.6000000;3150
TATN;5;20160728;101500;316.6000000;316.9500000;316.4000000;316.6500000;8330
TATN;5;20160728;102000;316.6500000;316.7500000;315.9000000;316.2000000;21940
TATN;5;20160728;102500;316.2000000;316.4500000;315.5000000;316.2500000;19970
TATN;5;20160728;103000;316.1000000;317.0000000;316.1000000;317.0000000;27580
TATN;5;20160728;103500;317.0000000;317.4000000;316.6000000;317.4000000;23650
TATN;5;20160728;104000;317.1500000;317.2000000;316.7000000;317.2000000;10260
TATN;5;20160728;104500;317.0000000;317.1000000;316.5500000;316.8000000;10530
TATN;5;20160728;105000;316.9500000;317.2000000;316.7000000;317.0000000;10170
TATN;5;20160728;105500;317.0000000;317.1500000;316.9000000;317.1000000;2990
TATN;5;20160728;110000;317.0500000;317.3500000;316.9500000;317.1500000;9380
TATN;5;20160728;110500;317.2500000;318.2000000;317.2500000;318.0000000;17170
TATN;5;20160728;111000;317.9500000;317.9500000;316.9000000;317.1500000;12950
TATN;5;20160728;111500;317.5500000;317.6500000;317.2500000;317.6000000;800
TATN;5;20160728;112000;317.6000000;317.8500000;316.8000000;317.1000000;5990
TATN;5;20160728;112500;317.1000000;317.1000000;316.7500000;317.0000000;1080
TATN;5;20160728;113000;317.2500000;318.1000000;317.2500000;317.8500000;8780
TATN;5;20160728;113500;317.8500000;317.9000000;317.8500000;317.8500000;130
TATN;5;20160728;114000;317.8500000;318.0500000;317.2500000;317.2500000;9500
TATN;5;20160728;114500;317.5000000;317.7000000;316.9000000;316.9000000;3320
TATN;5;20160728;115000;316.8000000;317.4500000;316.5500000;317.4500000;9160
TATN;5;20160728;115500;317.4500000;317.9000000;317.4500000;317.8500000;4460
TATN;5;20160728;120000;317.9500000;317.9500000;317.7500000;317.8500000;1240
TATN;5;20160728;120500;317.8000000;317.9500000;317.8000000;317.9500000;1980
TATN;5;20160728;121000;318.0000000;318.0000000;317.6000000;317.8500000;3710
TATN;5;20160728;121500;317.7500000;317.7500000;317.6000000;317.6000000;1590
TATN;5;20160728;122000;317.6000000;317.8500000;317.4000000;317.4000000;4440
TATN;5;20160728;122500;317.5000000;317.5000000;316.7500000;316.9500000;7850
TATN;5;20160728;123000;316.9500000;317.3000000;316.9500000;317.0500000;2510
TATN;5;20160728;123500;317.1000000;317.5000000;317.1000000;317.5000000;1930
TATN;5;20160728;124000;317.7500000;317.8500000;317.5500000;317.6000000;1310
TATN;5;20160728;124500;317.7000000;317.8000000;317.6500000;317.6500000;170
TATN;5;20160728;125000;317.8500000;317.8500000;317.4000000;317.4000000;4450
TATN;5;20160728;125500;317.4500000;317.7500000;317.4500000;317.5000000;2710
TATN;5;20160728;130000;317.7000000;317.9000000;317.5000000;317.8500000;3140
TATN;5;20160728;130500;317.8000000;317.8000000;317.5000000;317.5000000;1050
TATN;5;20160728;131000;317.8500000;318.0000000;317.7500000;318.0000000;1990
TATN;5;20160728;131500;318.0000000;318.0000000;317.8500000;318.0000000;5930
TATN;5;20160728;132000;318.0500000;318.2500000;317.7000000;317.8500000;19260
TATN;5;20160728;132500;318.0000000;318.0000000;317.9500000;317.9500000;1180
TATN;5;20160728;133000;318.0000000;318.4000000;317.9500000;318.3500000;4090
TATN;5;20160728;133500;318.3500000;319.1000000;318.3000000;319.0000000;21780
TATN;5;20160728;134000;318.9000000;319.7000000;318.9000000;319.7000000;11160
TATN;5;20160728;134500;319.7000000;319.9000000;319.6500000;319.9000000;5700
TATN;5;20160728;135000;319.7000000;319.8000000;319.7000000;319.8000000;4440
TATN;5;20160728;135500;319.8500000;320.0000000;319.7500000;319.7500000;13450
TATN;5;20160728;140000;319.7000000;319.9000000;319.7000000;319.7500000;2400
TATN;5;20160728;140500;319.7000000;319.7000000;319.7000000;319.7000000;1550
TATN;5;20160728;141000;319.8000000;320.0000000;319.8000000;319.9500000;24940
TATN;5;20160728;141500;319.9500000;319.9500000;319.4000000;319.5000000;5240
TATN;5;20160728;142000;319.6000000;319.7500000;319.4000000;319.7500000;2420
TATN;5;20160728;142500;319.8000000;319.8500000;319.7000000;319.8500000;5950
TATN;5;20160728;143000;319.8500000;320.1000000;319.8000000;319.9000000;15350
TATN;5;20160728;143500;319.9000000;319.9000000;319.6500000;319.9000000;990
TATN;5;20160728;144000;319.8000000;320.0000000;319.8000000;319.8500000;5490
TATN;5;20160728;144500;319.9000000;320.0000000;319.7000000;319.8500000;5430
TATN;5;20160728;145000;319.8500000;319.8500000;319.7000000;319.7000000;1130
TATN;5;20160728;145500;319.8000000;320.0500000;319.4500000;320.0500000;6050
TATN;5;20160728;150000;319.9000000;320.0500000;319.5500000;320.0000000;5180
TATN;5;20160728;150500;320.0000000;320.8500000;319.7500000;320.2000000;40190
TATN;5;20160728;151000;320.2500000;320.7000000;319.7000000;320.4500000;19030
TATN;5;20160728;151500;320.5000000;321.2500000;320.1500000;320.4000000;18260
TATN;5;20160728;152000;320.5500000;321.2500000;320.5500000;321.2500000;10920
TATN;5;20160728;152500;321.2500000;321.4500000;320.5000000;320.7500000;8960
TATN;5;20160728;153000;320.7500000;321.0500000;320.7500000;321.0500000;7290
TATN;5;20160728;153500;320.8000000;321.1000000;320.3500000;320.4500000;12140
TATN;5;20160728;154000;320.8500000;321.4000000;320.4500000;321.4000000;13850
TATN;5;20160728;154500;321.3000000;321.5000000;321.0000000;321.0000000;4120
TATN;5;20160728;155000;321.0500000;322.0000000;320.6000000;321.6500000;22880
TATN;5;20160728;155500;321.8000000;321.9000000;320.8500000;320.8500000;5510
TATN;5;20160728;160000;321.0500000;321.2500000;321.0500000;321.2500000;1810
TATN;5;20160728;160500;321.2500000;321.2500000;320.5000000;320.8500000;7880
TATN;5;20160728;161000;320.8000000;320.8000000;320.8000000;320.8000000;320
TATN;5;20160728;161500;320.6000000;320.6000000;320.5000000;320.5000000;1170
TATN;5;20160728;162000;320.5000000;320.9000000;320.5000000;320.6500000;1630
TATN;5;20160728;162500;320.6500000;320.6500000;320.1500000;320.1500000;2000
TATN;5;20160728;163000;320.3000000;320.9500000;320.2500000;320.9500000;5810
TATN;5;20160728;163500;321.0000000;321.0000000;319.5500000;319.5500000;10440
TATN;5;20160728;164000;319.8000000;319.8000000;319.5500000;319.7000000;6450
TATN;5;20160728;164500;319.5500000;319.5500000;318.6500000;318.6500000;17280
TATN;5;20160728;165000;318.6500000;319.0000000;318.1000000;319.0000000;15610
TATN;5;20160728;165500;319.0000000;319.0000000;318.1000000;318.1500000;13370
TATN;5;20160728;170000;318.4000000;318.4500000;317.0500000;317.3000000;30120
TATN;5;20160728;170500;317.3000000;317.3000000;317.0500000;317.2500000;38380
TATN;5;20160728;171000;317.3000000;318.0500000;317.3000000;317.5500000;2710
TATN;5;20160728;171500;317.5500000;317.8000000;316.4500000;317.0000000;33520
TATN;5;20160728;172000;317.0000000;317.0500000;315.8000000;316.4500000;15490
TATN;5;20160728;172500;316.5000000;317.0500000;316.0500000;316.1000000;12640
TATN;5;20160728;173000;316.4500000;316.9500000;316.4500000;316.4500000;3600
TATN;5;20160728;173500;316.8500000;317.4500000;316.6000000;317.2000000;4910
TATN;5;20160728;174000;317.2000000;317.2000000;316.4500000;316.6000000;4510
TATN;5;20160728;174500;316.7000000;317.2000000;316.6500000;317.2000000;20210
TATN;5;20160728;175000;317.1000000;317.1000000;316.6500000;316.8500000;3430
TATN;5;20160728;175500;317.0500000;317.2000000;316.8000000;316.8000000;4880
TATN;5;20160728;180000;316.7500000;317.2500000;316.7000000;317.2000000;3060
TATN;5;20160728;180500;317.2500000;317.7000000;317.2500000;317.6500000;2160
TATN;5;20160728;181000;317.7000000;318.4000000;317.7000000;318.1000000;14530
TATN;5;20160728;181500;317.9000000;317.9000000;316.9500000;317.7500000;9370
TATN;5;20160728;182000;317.9500000;318.9000000;317.8500000;318.9000000;9430
TATN;5;20160728;182500;318.9000000;318.9500000;318.4500000;318.6500000;6850
TATN;5;20160728;183000;318.6500000;319.3500000;318.6500000;319.1000000;21920
TATN;5;20160728;183500;319.2000000;319.5500000;318.5500000;319.5500000;25590
TATN;5;20160728;184000;319.5000000;320.8000000;319.4000000;320.5000000;120910
TATN;5;20160728;185000;320.9500000;320.9500000;320.9500000;320.9500000;102990
TATN;5;20160729;100500;321.7000000;322.9000000;319.5500000;320.3000000;64590
TATN;5;20160729;101000;320.3000000;320.7500000;320.0500000;320.5500000;20200
TATN;5;20160729;101500;320.2500000;320.5500000;320.1000000;320.1000000;15780
TATN;5;20160729;102000;320.1500000;320.5000000;319.3000000;320.1000000;34190
TATN;5;20160729;102500;319.8000000;320.2000000;319.4500000;319.9500000;13400
TATN;5;20160729;103000;319.8500000;320.0000000;319.5000000;319.8000000;16630
TATN;5;20160729;103500;319.5500000;319.9000000;319.2000000;319.2500000;14370
TATN;5;20160729;104000;319.2500000;319.7500000;318.9000000;319.7500000;19080
TATN;5;20160729;104500;319.7500000;320.3000000;319.5500000;320.3000000;21110
TATN;5;20160729;105000;320.1500000;320.3500000;319.6000000;319.7000000;27070
TATN;5;20160729;105500;319.7000000;319.7000000;319.0500000;319.2500000;31540
TATN;5;20160729;110000;319.2500000;319.3500000;318.8000000;318.9000000;13810
TATN;5;20160729;110500;318.8000000;319.0000000;318.6500000;318.6500000;14250
TATN;5;20160729;111000;318.6000000;318.7000000;318.2500000;318.4500000;13560
TATN;5;20160729;111500;318.2500000;318.8000000;318.2500000;318.6500000;10740
TATN;5;20160729;112000;318.8000000;319.7500000;318.6500000;319.2000000;29710
TATN;5;20160729;112500;319.2000000;319.2000000;318.4000000;318.4000000;19770
TATN;5;20160729;113000;318.6000000;319.1000000;318.3500000;319.1000000;12920
TATN;5;20160729;113500;318.8500000;319.0000000;318.6000000;319.0000000;10220
TATN;5;20160729;114000;319.0000000;319.1000000;318.5500000;318.8000000;10490
TATN;5;20160729;114500;318.8000000;319.1000000;318.5500000;318.9000000;9710
TATN;5;20160729;115000;319.1000000;319.4500000;318.5500000;318.9000000;17140
TATN;5;20160729;115500;319.0500000;319.0500000;318.7000000;318.7000000;8730
TATN;5;20160729;120000;318.8000000;318.8500000;317.6000000;317.9500000;30170
TATN;5;20160729;120500;317.6500000;317.8500000;317.5000000;317.5000000;27160
TATN;5;20160729;121000;317.5000000;318.1000000;317.5000000;317.7500000;13760
TATN;5;20160729;121500;317.7000000;318.0000000;317.6000000;317.6000000;12910
TATN;5;20160729;122000;317.6000000;317.6000000;317.3000000;317.3000000;14420
TATN;5;20160729;122500;317.3000000;317.9500000;317.2500000;317.9500000;12960
TATN;5;20160729;123000;317.9500000;318.0000000;317.3500000;317.3500000;11510
TATN;5;20160729;123500;317.3500000;317.5000000;317.0500000;317.5000000;18150
TATN;5;20160729;124000;317.3000000;317.3000000;317.0500000;317.1000000;10570
TATN;5;20160729;124500;317.3000000;317.3000000;316.6500000;316.6500000;26800
TATN;5;20160729;125000;316.7000000;317.6000000;316.6500000;316.9500000;18560
TATN;5;20160729;125500;316.7500000;316.9500000;316.6500000;316.6500000;15840
TATN;5;20160729;130000;316.6500000;317.7500000;316.6500000;317.1500000;14050
TATN;5;20160729;130500;317.1500000;317.3000000;316.9000000;317.3000000;8770
TATN;5;20160729;131000;317.2000000;317.3000000;316.8000000;317.2000000;15850
TATN;5;20160729;131500;317.0000000;317.4000000;316.8500000;317.2000000;9630
TATN;5;20160729;132000;317.2000000;317.5000000;317.1000000;317.5000000;7010
TATN;5;20160729;132500;317.5000000;317.5000000;317.1000000;317.1500000;9820
TATN;5;20160729;133000;317.1500000;317.5500000;317.1500000;317.2000000;11180
TATN;5;20160729;133500;317.2500000;317.5500000;316.4000000;316.4500000;26470
TATN;5;20160729;134000;316.4500000;316.6000000;316.3500000;316.3500000;13510
TATN;5;20160729;134500;316.5000000;316.8000000;316.3500000;316.7000000;9180
TATN;5;20160729;135000;316.5500000;317.2000000;316.4500000;317.1500000;8820
TATN;5;20160729;135500;317.1500000;317.2000000;316.6000000;316.8000000;15670
TATN;5;20160729;140000;316.8000000;316.9000000;316.5500000;316.6500000;9770
TATN;5;20160729;140500;316.8000000;316.8500000;316.5500000;316.5500000;9580
TATN;5;20160729;141000;316.5500000;317.0000000;316.4500000;317.0000000;6500
TATN;5;20160729;141500;317.0000000;317.1000000;316.5000000;316.5500000;11110
TATN;5;20160729;142000;316.4500000;316.8500000;316.4500000;316.8500000;8680
TATN;5;20160729;142500;316.6000000;316.8500000;316.2000000;316.4000000;26650
TATN;5;20160729;143000;316.2500000;316.4000000;316.1000000;316.2500000;13620
TATN;5;20160729;143500;316.3000000;316.7000000;316.1500000;316.1500000;13940
TATN;5;20160729;144000;316.1500000;316.5000000;316.0500000;316.1500000;13880
TATN;5;20160729;144500;316.2500000;316.3500000;316.0500000;316.1500000;8400
TATN;5;20160729;145000;316.4000000;316.4000000;316.0000000;316.2000000;12550
TATN;5;20160729;145500;316.3500000;316.4000000;316.0000000;316.0000000;10420
TATN;5;20160729;150000;316.0500000;316.4000000;316.0500000;316.4000000;9240
TATN;5;20160729;150500;316.2000000;316.4000000;315.8000000;316.1000000;24200
TATN;5;20160729;151000;315.9000000;316.2000000;315.8500000;316.1000000;9610
TATN;5;20160729;151500;316.0500000;316.2000000;315.7500000;315.7500000;17610
TATN;5;20160729;152000;316.0000000;316.0500000;315.5000000;315.8000000;18250
TATN;5;20160729;152500;315.7000000;316.2500000;315.7000000;316.2500000;11070
TATN;5;20160729;153000;316.4000000;316.5000000;316.0500000;316.1500000;10050
TATN;5;20160729;153500;316.1500000;316.2500000;315.8000000;316.2500000;8320
TATN;5;20160729;154000;316.1000000;316.6000000;315.6000000;316.3500000;25480
TATN;5;20160729;154500;316.7000000;316.7000000;316.3500000;316.5500000;7560
TATN;5;20160729;155000;316.5000000;316.9000000;316.1000000;316.9000000;26840
TATN;5;20160729;155500;317.0000000;317.5000000;316.8000000;317.5000000;20030
TATN;5;20160729;160000;317.6000000;318.1500000;316.8500000;317.1500000;22290
TATN;5;20160729;160500;317.4500000;318.5500000;317.4500000;318.5000000;31480
TATN;5;20160729;161000;318.5000000;318.6500000;316.8500000;317.5500000;47910
TATN;5;20160729;161500;317.5000000;318.6000000;317.2500000;318.5000000;30380
TATN;5;20160729;162000;318.4000000;318.6500000;318.1500000;318.6500000;21990
TATN;5;20160729;162500;318.6500000;318.6500000;318.1500000;318.2000000;14380
TATN;5;20160729;163000;318.4500000;318.5500000;317.3000000;317.6500000;29420
TATN;5;20160729;163500;317.4500000;318.1500000;317.4000000;318.1500000;10640
TATN;5;20160729;164000;318.1500000;318.4500000;317.6000000;318.0000000;18810
TATN;5;20160729;164500;318.0000000;318.4000000;317.9500000;318.4000000;6270
TATN;5;20160729;165000;318.2000000;318.6500000;318.0500000;318.5000000;20480
TATN;5;20160729;165500;318.5500000;318.6500000;318.2000000;318.2000000;10290
TATN;5;20160729;170000;318.3000000;318.6500000;317.9000000;317.9500000;24850
TATN;5;20160729;170500;318.2000000;318.4000000;317.2500000;317.4000000;17440
TATN;5;20160729;171000;317.2000000;317.6000000;316.9000000;317.1500000;18900
TATN;5;20160729;171500;316.9000000;317.5000000;316.7500000;317.5000000;29380
TATN;5;20160729;172000;317.5000000;317.6000000;316.7500000;317.4000000;21370
TATN;5;20160729;172500;317.2500000;317.3000000;316.2500000;316.2500000;56990
TATN;5;20160729;173000;316.2500000;317.0000000;315.7500000;316.7000000;74910
TATN;5;20160729;173500;316.7500000;318.0000000;316.7000000;317.8000000;21540
TATN;5;20160729;174000;317.7000000;318.3500000;315.9500000;316.1500000;73480
TATN;5;20160729;174500;315.9500000;316.4000000;315.0500000;316.2500000;70130
TATN;5;20160729;175000;316.3500000;318.0500000;316.3500000;317.8500000;76610
TATN;5;20160729;175500;317.6500000;317.6500000;317.0000000;317.2500000;10960
TATN;5;20160729;180000;317.2000000;317.9000000;317.2000000;317.9000000;14510
TATN;5;20160729;180500;317.9000000;317.9500000;317.7000000;317.7000000;10970
TATN;5;20160729;181000;317.8000000;317.8500000;317.6000000;317.8000000;7540
TATN;5;20160729;181500;317.8000000;318.1500000;317.8000000;318.1500000;7630
TATN;5;20160729;182000;318.2500000;318.7500000;318.0000000;318.0000000;22760
TATN;5;20160729;182500;318.0000000;318.3500000;317.8500000;318.0500000;13430
TATN;5;20160729;183000;318.1000000;319.5500000;318.1000000;319.4500000;61960
TATN;5;20160729;183500;319.4500000;319.9000000;318.9000000;319.3500000;59610
TATN;5;20160729;184000;319.5500000;320.4500000;319.0000000;319.0500000;107310
TATN;5;20160729;185000;317.4500000;317.4500000;317.4500000;317.4500000;105370
TATN;5;20160801;100500;319.4500000;320.1500000;319.0500000;319.7000000;101080
TATN;5;20160801;101000;319.7000000;319.8000000;319.2000000;319.4000000;20470
TATN;5;20160801;101500;319.3000000;319.8500000;319.2000000;319.6500000;13580
TATN;5;20160801;102000;319.8000000;319.9500000;319.6000000;319.9000000;16790
TATN;5;20160801;102500;319.8500000;319.9500000;318.4000000;319.2000000;43080
TATN;5;20160801;103000;319.2000000;319.5500000;319.2000000;319.3500000;16800
TATN;5;20160801;103500;319.3500000;319.7000000;319.2000000;319.4500000;18170
TATN;5;20160801;104000;319.4500000;320.0500000;319.4500000;319.7500000;28690
TATN;5;20160801;104500;319.7500000;319.8000000;319.6000000;319.6500000;8620
TATN;5;20160801;105000;319.7500000;319.7500000;319.0000000;319.1000000;31960
TATN;5;20160801;105500;319.1000000;319.1500000;318.9000000;319.1000000;16300
TATN;5;20160801;110000;318.9500000;319.3500000;318.9500000;319.1500000;21030
TATN;5;20160801;110500;319.1500000;319.6000000;319.0000000;319.6000000;11240
TATN;5;20160801;111000;319.6000000;319.7500000;319.4500000;319.6000000;13810
TATN;5;20160801;111500;319.6000000;319.7000000;319.4000000;319.4500000;12250
TATN;5;20160801;112000;319.6500000;319.9000000;319.4500000;319.8500000;14470
TATN;5;20160801;112500;319.9500000;319.9500000;319.3000000;319.8000000;10270
TATN;5;20160801;113000;319.8000000;319.8500000;319.6500000;319.8000000;6850
TATN;5;20160801;113500;319.8000000;319.8500000;319.5500000;319.6500000;10840
TATN;5;20160801;114000;319.6500000;319.8500000;319.6500000;319.8500000;5900
TATN;5;20160801;114500;319.8500000;319.8500000;319.4500000;319.5000000;9780
TATN;5;20160801;115000;319.6000000;319.6500000;319.3000000;319.6000000;8900
TATN;5;20160801;115500;319.4000000;319.6500000;319.1000000;319.2500000;15450
TATN;5;20160801;120000;319.4000000;319.5500000;319.3000000;319.3500000;11120
TATN;5;20160801;120500;319.5500000;319.6500000;319.3000000;319.6500000;8610
TATN;5;20160801;121000;319.6500000;319.9500000;319.4500000;319.8500000;11110
TATN;5;20160801;121500;319.9000000;319.9500000;319.6000000;319.9500000;10360
TATN;5;20160801;122000;319.9500000;319.9500000;319.7000000;319.9000000;7000
TATN;5;20160801;122500;319.9000000;319.9500000;319.8000000;319.9000000;8570
TATN;5;20160801;123000;319.9000000;319.9500000;319.6000000;319.6500000;11030
TATN;5;20160801;123500;319.6500000;319.9000000;319.6500000;319.8500000;6200
TATN;5;20160801;124000;319.8500000;320.1000000;319.8000000;320.0500000;27000
TATN;5;20160801;124500;320.0500000;320.1000000;319.9000000;320.1000000;10640
TATN;5;20160801;125000;320.1000000;320.1000000;319.8500000;320.0000000;5340
TATN;5;20160801;125500;320.0000000;320.1000000;319.8500000;320.0500000;11080
TATN;5;20160801;130000;320.0500000;320.1000000;319.7000000;319.7000000;9320
TATN;5;20160801;130500;319.8500000;319.9500000;319.5000000;319.8500000;7590
TATN;5;20160801;131000;319.8500000;319.9000000;319.7000000;319.8500000;5780
TATN;5;20160801;131500;319.8500000;320.0500000;319.7000000;319.9500000;7260
TATN;5;20160801;132000;319.9500000;319.9500000;319.3000000;319.4500000;19910
TATN;5;20160801;132500;319.4500000;319.5000000;319.1000000;319.3500000;12030
TATN;5;20160801;133000;319.3500000;319.7500000;319.3000000;319.7500000;8420
TATN;5;20160801;133500;319.7500000;319.9500000;319.6000000;319.7500000;13000
TATN;5;20160801;134000;319.8000000;319.9000000;319.6500000;319.8000000;7020
TATN;5;20160801;134500;319.8000000;320.0000000;319.7000000;319.9000000;6840
TATN;5;20160801;135000;320.0000000;320.0500000;319.9000000;320.0500000;10070
TATN;5;20160801;135500;320.0500000;320.1500000;320.0000000;320.1500000;12520
TATN;5;20160801;140000;320.1500000;320.1500000;320.0000000;320.1000000;6140
TATN;5;20160801;140500;320.1000000;320.1500000;319.9500000;320.1500000;5700
TATN;5;20160801;141000;320.1500000;320.1500000;319.9000000;320.1000000;5730
TATN;5;20160801;141500;320.0500000;320.1000000;319.7000000;320.1000000;7730
TATN;5;20160801;142000;320.1000000;320.1500000;319.9000000;320.0500000;6640
TATN;5;20160801;142500;320.1000000;320.1500000;319.8500000;320.1500000;7190
TATN;5;20160801;143000;320.1500000;320.2000000;320.0500000;320.2000000;8860
TATN;5;20160801;143500;320.2000000;320.2500000;320.1000000;320.2000000;12150
TATN;5;20160801;144000;320.2500000;320.2500000;319.9500000;320.2500000;10800
TATN;5;20160801;144500;320.2500000;320.2500000;320.0500000;320.2500000;7220
TATN;5;20160801;145000;320.2500000;320.2500000;319.7000000;320.1000000;7900
TATN;5;20160801;145500;320.1000000;320.3000000;319.9000000;320.1500000;12500
TATN;5;20160801;150000;320.1500000;320.4000000;320.0000000;320.1500000;12450
TATN;5;20160801;150500;320.1500000;320.4000000;319.9000000;320.4000000;4240
TATN;5;20160801;151000;320.4000000;320.6500000;320.1500000;320.6500000;9960
TATN;5;20160801;151500;320.6500000;320.6500000;320.2500000;320.4000000;6360
TATN;5;20160801;152000;320.4000000;320.7000000;320.0500000;320.6000000;9210
TATN;5;20160801;152500;320.5500000;320.8500000;320.2000000;320.3500000;16410
TATN;5;20160801;153000;320.5000000;320.9000000;320.5000000;320.9000000;4200
TATN;5;20160801;153500;320.9000000;320.9500000;320.6000000;320.9500000;7710
TATN;5;20160801;154000;320.9500000;321.0000000;320.7500000;321.0000000;5370
TATN;5;20160801;154500;321.0000000;321.4500000;320.8500000;321.4500000;9860
TATN;5;20160801;155000;321.4500000;321.5000000;320.9000000;321.5000000;6970
TATN;5;20160801;155500;321.5000000;321.5000000;321.2000000;321.3500000;8320
TATN;5;20160801;160000;321.5000000;321.5000000;321.2000000;321.5000000;8380
TATN;5;20160801;160500;321.5000000;322.0000000;321.2500000;321.9500000;11470
TATN;5;20160801;161000;321.9500000;322.0000000;321.6000000;321.8500000;8140
TATN;5;20160801;161500;321.8500000;322.0000000;321.6000000;321.7500000;6480
TATN;5;20160801;162000;321.7500000;322.0000000;321.7500000;321.9500000;6060
TATN;5;20160801;162500;321.9500000;322.0000000;321.7500000;321.9000000;9720
TATN;5;20160801;163000;321.9000000;322.0000000;320.2000000;320.6000000;20820
TATN;5;20160801;163500;320.2500000;320.5000000;319.5500000;319.5500000;17720
TATN;5;20160801;164000;319.5500000;319.7500000;319.1500000;319.7500000;24850
TATN;5;20160801;164500;319.6000000;320.9000000;319.6000000;320.3500000;10350
TATN;5;20160801;165000;320.6000000;321.2000000;319.9000000;320.4500000;17050
TATN;5;20160801;165500;320.1000000;320.6000000;320.0000000;320.0500000;12090
TATN;5;20160801;170000;320.0500000;320.3000000;319.7000000;320.0000000;9550
TATN;5;20160801;170500;319.9500000;320.5500000;319.4500000;320.0000000;22400
TATN;5;20160801;171000;319.9000000;320.6000000;319.4000000;320.6000000;15120
TATN;5;20160801;171500;320.6000000;320.6000000;319.9500000;319.9500000;7860
TATN;5;20160801;172000;320.1500000;320.6000000;320.0500000;320.4500000;8480
TATN;5;20160801;172500;320.2500000;320.4500000;319.4000000;319.5500000;16940
TATN;5;20160801;173000;319.5500000;319.8000000;319.1500000;319.4000000;15930
TATN;5;20160801;173500;319.2000000;319.9500000;319.1500000;319.6000000;9340
TATN;5;20160801;174000;319.6000000;320.1500000;319.3500000;319.7500000;19460
TATN;5;20160801;174500;319.7500000;320.9000000;319.5000000;320.9000000;13050
TATN;5;20160801;175000;320.9000000;321.0000000;320.3500000;320.9000000;19610
TATN;5;20160801;175500;320.9000000;320.9500000;320.0000000;320.8000000;20030
TATN;5;20160801;180000;320.7500000;320.9500000;320.4000000;320.9500000;14050
TATN;5;20160801;180500;320.9000000;320.9500000;320.1000000;320.8000000;19690
TATN;5;20160801;181000;320.8500000;320.8500000;320.0000000;320.6000000;10700
TATN;5;20160801;181500;320.5000000;320.8000000;320.3500000;320.6500000;7910
TATN;5;20160801;182000;320.6500000;320.7000000;320.2000000;320.7000000;9370
TATN;5;20160801;182500;320.7000000;320.9000000;320.6000000;320.8500000;7190
TATN;5;20160801;183000;320.8500000;320.9000000;319.6000000;319.8000000;22150
TATN;5;20160801;183500;319.8000000;320.5000000;319.8000000;320.3500000;13440
TATN;5;20160801;184000;320.2000000;320.9500000;320.1500000;320.8500000;46140
TATN;5;20160801;185000;320.9000000;320.9000000;320.9000000;320.9000000;27280
TATN;5;20160802;100500;319.8500000;320.7500000;319.6500000;320.2000000;77700
TATN;5;20160802;101000;320.2000000;320.5000000;319.5500000;320.0500000;48890
TATN;5;20160802;101500;320.0000000;320.3000000;319.8000000;320.0500000;33630
TATN;5;20160802;102000;320.0500000;320.2500000;319.8000000;320.2000000;32580
TATN;5;20160802;102500;320.0000000;320.6500000;319.8500000;320.1000000;64600
TATN;5;20160802;103000;320.1500000;320.9000000;319.9000000;320.5500000;39230
TATN;5;20160802;103500;320.7500000;320.7500000;320.4000000;320.5500000;9050
TATN;5;20160802;104000;320.7500000;320.7500000;320.2500000;320.3500000;8810
TATN;5;20160802;104500;320.3500000;320.5000000;319.7000000;320.1000000;52690
TATN;5;20160802;105000;320.2500000;320.3000000;319.8500000;320.1500000;23880
TATN;5;20160802;105500;320.0000000;320.5500000;319.9000000;320.0500000;44050
TATN;5;20160802;110000;320.0500000;320.9000000;319.8500000;320.4500000;21030
TATN;5;20160802;110500;320.4500000;320.6500000;319.9500000;320.3500000;18990
TATN;5;20160802;111000;320.3500000;320.4500000;320.0500000;320.1500000;13210
TATN;5;20160802;111500;320.0500000;320.2500000;320.0500000;320.2000000;5650
TATN;5;20160802;112000;320.0500000;320.3000000;319.7000000;320.0000000;23430
TATN;5;20160802;112500;320.0000000;320.2000000;319.9000000;320.0000000;4560
TATN;5;20160802;113000;320.0000000;320.2500000;319.9000000;320.0000000;9060
TATN;5;20160802;113500;320.0000000;320.2000000;319.8000000;320.0500000;25000
TATN;5;20160802;114000;320.0500000;320.2500000;319.9500000;320.0000000;8320
TATN;5;20160802;114500;320.1500000;320.1500000;319.9000000;320.0000000;19800
TATN;5;20160802;115000;320.0000000;320.4500000;319.8000000;320.4500000;42190
TATN;5;20160802;115500;320.5500000;320.5500000;319.9000000;320.0500000;10090
TATN;5;20160802;120000;320.2000000;320.2000000;319.9000000;320.0000000;35830
TATN;5;20160802;120500;320.0000000;320.1500000;319.9000000;320.0000000;12060
TATN;5;20160802;121000;320.0000000;320.1500000;319.9000000;320.0500000;5720
TATN;5;20160802;121500;320.1000000;320.3000000;319.9500000;320.1500000;12200
TATN;5;20160802;122000;320.1500000;320.2000000;320.0000000;320.1000000;3810
TATN;5;20160802;122500;320.1000000;320.4000000;319.9000000;320.1500000;15940
TATN;5;20160802;123000;320.0000000;320.1500000;319.8500000;320.0000000;19430
TATN;5;20160802;123500;320.0500000;320.1500000;319.9000000;320.0000000;28600
TATN;5;20160802;124000;320.0000000;320.5000000;319.9000000;320.4500000;23480
TATN;5;20160802;124500;320.3500000;320.5000000;320.2500000;320.2500000;7020
TATN;5;20160802;125000;320.2500000;320.5000000;320.0000000;320.0000000;21480
TATN;5;20160802;125500;320.0000000;320.4500000;319.9000000;320.1500000;22770
TATN;5;20160802;130000;320.1000000;320.2500000;319.9500000;320.1000000;13220
TATN;5;20160802;130500;320.0000000;320.4000000;319.7000000;320.1000000;32770
TATN;5;20160802;131000;320.1500000;320.2500000;319.9500000;320.0500000;4730
TATN;5;20160802;131500;320.0500000;320.2500000;318.1500000;318.3000000;27770
TATN;5;20160802;132000;318.4000000;318.7000000;318.2500000;318.5000000;4940
TATN;5;20160802;132500;318.5000000;318.5500000;318.1500000;318.2000000;3970
TATN;5;20160802;133000;318.2000000;318.3500000;318.1500000;318.2000000;3950
TATN;5;20160802;133500;318.2000000;318.4500000;318.1500000;318.2500000;13940
TATN;5;20160802;134000;318.4000000;318.4000000;318.1500000;318.1500000;3790
TATN;5;20160802;134500;318.1500000;318.9000000;318.1500000;318.9000000;9350
TATN;5;20160802;135000;318.7000000;318.8000000;318.2000000;318.3500000;3810
TATN;5;20160802;135500;318.3500000;318.5500000;318.1500000;318.1500000;5780
TATN;5;20160802;140000;318.1500000;318.3500000;318.1500000;318.1500000;8370
TATN;5;20160802;140500;318.1500000;318.2000000;318.1500000;318.1500000;8750
TATN;5;20160802;141000;318.2000000;318.3000000;318.1500000;318.2000000;20590
TATN;5;20160802;141500;318.2000000;318.4500000;318.1500000;318.1500000;5570
TATN;5;20160802;142000;318.1500000;318.2500000;317.8000000;317.8500000;11520
TATN;5;20160802;142500;317.8500000;318.1000000;317.8000000;317.8000000;5270
TATN;5;20160802;143000;317.8000000;317.9000000;317.7000000;317.7500000;1270
TATN;5;20160802;143500;317.7500000;318.0500000;317.7000000;317.7000000;3420
TATN;5;20160802;144000;317.8500000;317.9500000;317.7000000;317.7500000;1040
TATN;5;20160802;144500;317.7500000;318.1500000;317.7000000;317.9000000;6580
TATN;5;20160802;145000;317.9000000;317.9500000;317.2500000;317.2500000;11670
TATN;5;20160802;145500;317.2500000;317.5000000;317.2500000;317.4000000;1540
TATN;5;20160802;150000;317.4000000;317.5000000;316.4500000;316.4500000;13330
TATN;5;20160802;150500;316.7000000;316.7000000;316.4500000;316.4500000;7020
TATN;5;20160802;151000;316.4500000;316.5500000;316.3500000;316.4000000;3180
TATN;5;20160802;151500;316.6500000;316.7500000;316.3500000;316.5000000;7200
TATN;5;20160802;152000;316.3500000;316.5000000;316.3000000;316.3000000;4650
TATN;5;20160802;152500;316.3000000;316.4500000;316.1000000;316.2000000;5270
TATN;5;20160802;153000;316.2000000;316.3000000;316.1000000;316.2000000;470
TATN;5;20160802;153500;316.1500000;316.1500000;315.7000000;315.7500000;13600
TATN;5;20160802;154000;315.7500000;315.9500000;315.6000000;315.6000000;7080
TATN;5;20160802;154500;315.6500000;315.8500000;315.5000000;315.6000000;9630
TATN;5;20160802;155000;315.8000000;315.9500000;315.6000000;315.6000000;6030
TATN;5;20160802;155500;315.6500000;315.9000000;315.6500000;315.7500000;3820
TATN;5;20160802;160000;315.7500000;316.3500000;315.7500000;316.2000000;7690
TATN;5;20160802;160500;316.2000000;316.2000000;315.7500000;315.7500000;4930
TATN;5;20160802;161000;315.7500000;316.0500000;315.5500000;315.7000000;9620
TATN;5;20160802;161500;315.6500000;315.8500000;315.4000000;315.4500000;15000
TATN;5;20160802;162000;315.4500000;315.8500000;315.3000000;315.5500000;10210
TATN;5;20160802;162500;315.7500000;316.7000000;315.6500000;316.5500000;6430
TATN;5;20160802;163000;316.5000000;316.9500000;315.2500000;315.4000000;26910
TATN;5;20160802;163500;315.4000000;316.2000000;315.4000000;315.7000000;4330
TATN;5;20160802;164000;315.7000000;315.9000000;315.1500000;315.2000000;10270
TATN;5;20160802;164500;315.2000000;316.0000000;315.0000000;315.9500000;20440
TATN;5;20160802;165000;316.0500000;316.4000000;315.5000000;315.7000000;4710
TATN;5;20160802;165500;315.5500000;315.5500000;315.1000000;315.2500000;7380
TATN;5;20160802;170000;315.2500000;315.6000000;315.2500000;315.3500000;6270
TATN;5;20160802;170500;315.4000000;315.6000000;315.1500000;315.2000000;6680
TATN;5;20160802;171000;315.3500000;315.6000000;315.0500000;315.6000000;16950
TATN;5;20160802;171500;315.6000000;315.8500000;315.0500000;315.3000000;15620
TATN;5;20160802;172000;315.3000000;315.3000000;314.5500000;314.6500000;21180
TATN;5;20160802;172500;314.6500000;314.8000000;314.5500000;314.6500000;7650
TATN;5;20160802;173000;314.6500000;315.0000000;314.5000000;314.9000000;15450
TATN;5;20160802;173500;314.6500000;314.8500000;314.5500000;314.5500000;3490
TATN;5;20160802;174000;314.5500000;314.5500000;314.2500000;314.2500000;11080
TATN;5;20160802;174500;314.2500000;314.4000000;311.0000000;312.4500000;120240
TATN;5;20160802;175000;312.4500000;312.5000000;311.5000000;311.7000000;15960
TATN;5;20160802;175500;311.7000000;312.1000000;311.5000000;311.5000000;8050
TATN;5;20160802;180000;311.5000000;311.8000000;311.4500000;311.5000000;32470
TATN;5;20160802;180500;311.5000000;312.4500000;311.3500000;312.2500000;36220
TATN;5;20160802;181000;312.3500000;313.2500000;312.3500000;313.0500000;16510
TATN;5;20160802;181500;312.8000000;313.6500000;312.7000000;313.4500000;20950
TATN;5;20160802;182000;313.6500000;313.8000000;313.4500000;313.5500000;6630
TATN;5;20160802;182500;313.5500000;314.4000000;313.2000000;314.4000000;7570
TATN;5;20160802;183000;314.3000000;314.4500000;313.5000000;313.5500000;13380
TATN;5;20160802;183500;313.7000000;314.5000000;313.3500000;313.9000000;28110
TATN;5;20160802;184000;313.9500000;314.0000000;313.3000000;313.4500000;72200
TATN;5;20160802;185000;314.4500000;314.4500000;314.4500000;314.4500000;47830
TATN;5;20160803;100500;314.4500000;314.8000000;314.1000000;314.6000000;13350
TATN;5;20160803;101000;314.4000000;314.6000000;313.4000000;314.2500000;52390
TATN;5;20160803;101500;314.2500000;314.5000000;313.6000000;314.3500000;12090
TATN;5;20160803;102000;314.4500000;314.5000000;313.8500000;314.4500000;24320
TATN;5;20160803;102500;314.2500000;314.6000000;313.1000000;313.4500000;16320
TATN;5;20160803;103000;313.1500000;313.9000000;313.0500000;313.9000000;9490
TATN;5;20160803;103500;313.9000000;314.5000000;313.9000000;314.2500000;21730
TATN;5;20160803;104000;314.0500000;314.2500000;313.5000000;313.9500000;11040
TATN;5;20160803;104500;313.7500000;313.9500000;313.6500000;313.9000000;3370
TATN;5;20160803;105000;313.8500000;314.2000000;313.4500000;314.2000000;8590
TATN;5;20160803;105500;314.2500000;314.2500000;313.4000000;313.5500000;10730
TATN;5;20160803;110000;313.4500000;314.2000000;313.3000000;314.2000000;2760
TATN;5;20160803;110500;314.2000000;314.2500000;313.5500000;313.7500000;5420
TATN;5;20160803;111000;313.5000000;313.8000000;313.2000000;313.7500000;7660
TATN;5;20160803;111500;313.6000000;313.8500000;312.5000000;312.8000000;21340
TATN;5;20160803;112000;312.8000000;313.6000000;312.6000000;313.5000000;16760
TATN;5;20160803;112500;313.5000000;313.8500000;313.2500000;313.5000000;5650
TATN;5;20160803;113000;313.5000000;314.2000000;313.5000000;314.2000000;7290
TATN;5;20160803;113500;314.0500000;314.3500000;313.9000000;314.3000000;19360
TATN;5;20160803;114000;314.0500000;314.7500000;314.0000000;314.7500000;21320
TATN;5;20160803;114500;314.6500000;314.8500000;314.0000000;314.1000000;16290
TATN;5;20160803;115000;314.1500000;314.4500000;313.9500000;313.9500000;4140
TATN;5;20160803;115500;314.0500000;314.6000000;313.9500000;314.3000000;4460
TATN;5;20160803;120000;314.5500000;314.5500000;314.1500000;314.1500000;1480
TATN;5;20160803;120500;314.2000000;314.6000000;313.9000000;314.4000000;10440
TATN;5;20160803;121000;314.4000000;314.4500000;313.9000000;313.9000000;5260
TATN;5;20160803;121500;313.9000000;313.9500000;313.2500000;313.2500000;4700
TATN;5;20160803;122000;313.2000000;313.8000000;313.1500000;313.6500000;8110
TATN;5;20160803;122500;313.8500000;314.5000000;313.8500000;314.4500000;20810
TATN;5;20160803;123000;314.4500000;314.4500000;314.0500000;314.1500000;2790
TATN;5;20160803;123500;314.2500000;314.5000000;314.0000000;314.1500000;8030
TATN;5;20160803;124000;314.3500000;314.5000000;314.1500000;314.3000000;9400
TATN;5;20160803;124500;314.3000000;314.3000000;314.0000000;314.0000000;1930
TATN;5;20160803;125000;314.0000000;314.0000000;313.7000000;313.7000000;290
TATN;5;20160803;125500;313.8500000;313.8500000;313.6000000;313.6000000;2240
TATN;5;20160803;130000;313.6000000;313.7500000;313.4000000;313.7000000;730
TATN;5;20160803;130500;313.8000000;314.0000000;313.6500000;313.6500000;4660
TATN;5;20160803;131000;313.8000000;314.1500000;313.8000000;313.8000000;330
TATN;5;20160803;131500;313.8000000;314.6000000;313.7000000;314.6000000;6600
TATN;5;20160803;132000;314.2500000;314.4500000;313.9500000;314.1000000;750
TATN;5;20160803;132500;314.5500000;314.6000000;314.2500000;314.5000000;4880
TATN;5;20160803;133000;314.5500000;314.5500000;314.0500000;314.3000000;840
TATN;5;20160803;133500;314.0500000;314.4000000;313.8000000;313.9500000;9210
TATN;5;20160803;134000;313.9500000;314.2000000;313.8000000;314.1000000;2990
TATN;5;20160803;134500;314.1000000;314.3000000;313.7500000;313.8000000;5110
TATN;5;20160803;135000;313.8000000;313.9500000;313.6000000;313.7500000;3630
TATN;5;20160803;135500;313.7500000;313.9500000;313.5500000;313.9500000;370
TATN;5;20160803;140000;313.7500000;313.9500000;313.5500000;313.8500000;5050
TATN;5;20160803;140500;313.8000000;314.5000000;313.5000000;313.9000000;19000
TATN;5;20160803;141000;313.9000000;314.0500000;313.2000000;313.9500000;13340
TATN;5;20160803;141500;313.6500000;313.8000000;313.6000000;313.6000000;1210
TATN;5;20160803;142000;313.6500000;313.7500000;312.6500000;312.7000000;7530
TATN;5;20160803;142500;313.0500000;313.2000000;312.8000000;312.9500000;1150
TATN;5;20160803;143000;312.8500000;313.9000000;312.8000000;313.0500000;19430
TATN;5;20160803;143500;313.4000000;313.6500000;313.3500000;313.6000000;1310
TATN;5;20160803;144000;313.8500000;313.8500000;313.5500000;313.5500000;290
TATN;5;20160803;144500;313.8500000;314.0500000;313.8500000;313.9500000;3120
TATN;5;20160803;145000;313.8500000;313.8500000;313.8000000;313.8000000;1050
TATN;5;20160803;145500;313.7500000;313.7500000;313.1500000;313.1500000;2210
TATN;5;20160803;150000;313.1500000;313.3500000;313.0000000;313.1000000;2820
TATN;5;20160803;150500;313.0000000;313.0000000;312.9000000;312.9500000;880
TATN;5;20160803;151000;313.1500000;313.2000000;312.8000000;312.8000000;1150
TATN;5;20160803;151500;312.8500000;313.2000000;312.8500000;313.0000000;1490
TATN;5;20160803;152000;313.0000000;313.1500000;312.8000000;313.0500000;1450
TATN;5;20160803;152500;312.8000000;312.9500000;312.8000000;312.8000000;1740
TATN;5;20160803;153000;313.0500000;313.0500000;312.7000000;312.7000000;2520
TATN;5;20160803;153500;312.7000000;312.8000000;312.4500000;312.4500000;4540
TATN;5;20160803;154000;312.6500000;312.8500000;312.2500000;312.3000000;3200
TATN;5;20160803;154500;312.3000000;312.7000000;312.2500000;312.3500000;4390
TATN;5;20160803;155000;312.3500000;312.5000000;312.2500000;312.2500000;1750
TATN;5;20160803;155500;312.4500000;312.4500000;312.0500000;312.1000000;8030
TATN;5;20160803;160000;312.1000000;312.3500000;312.0000000;312.3500000;3180
TATN;5;20160803;160500;312.4000000;312.5500000;312.1000000;312.2500000;770
TATN;5;20160803;161000;312.1000000;312.1000000;311.9000000;311.9000000;4470
TATN;5;20160803;161500;311.9000000;311.9500000;311.5500000;311.6500000;5430
TATN;5;20160803;162000;311.6000000;312.2000000;311.5000000;312.2000000;6850
TATN;5;20160803;162500;311.9500000;311.9500000;311.6000000;311.7000000;9960
TATN;5;20160803;163000;311.6500000;311.7500000;311.5500000;311.6000000;4570
TATN;5;20160803;163500;311.6500000;311.6500000;311.2500000;311.3500000;13190
TATN;5;20160803;164000;311.4000000;311.8000000;311.2500000;311.7500000;5890
TATN;5;20160803;164500;311.6000000;312.0500000;311.5500000;311.6000000;7610
TATN;5;20160803;165000;311.8500000;312.1000000;311.5500000;311.9000000;12890
TATN;5;20160803;165500;311.9500000;312.5000000;311.8000000;312.2000000;5770
TATN;5;20160803;170000;312.3000000;312.4500000;312.0000000;312.4500000;4230
TATN;5;20160803;170500;312.7500000;313.4500000;312.6000000;312.9500000;19700
TATN;5;20160803;171000;313.2500000;313.2500000;312.6500000;313.2500000;4140
TATN;5;20160803;171500;312.9500000;313.0500000;312.2000000;312.2000000;9080
TATN;5;20160803;172000;312.5000000;312.7000000;312.2000000;312.3500000;7040
TATN;5;20160803;172500;312.3500000;312.6500000;312.3000000;312.5500000;840
TATN;5;20160803;173000;312.7500000;313.0000000;312.7500000;312.9500000;4180
TATN;5;20160803;173500;312.8500000;313.4000000;312.0500000;313.4000000;18910
TATN;5;20160803;174000;313.3500000;313.4000000;312.8000000;313.0000000;14950
TATN;5;20160803;174500;312.9000000;313.5500000;312.6000000;313.5500000;9670
TATN;5;20160803;175000;313.6000000;313.9000000;313.5500000;313.9000000;6820
TATN;5;20160803;175500;313.9000000;314.0000000;313.6500000;313.7500000;17240
TATN;5;20160803;180000;313.7500000;313.9500000;313.7500000;313.9500000;20
TATN;5;20160803;180500;314.0000000;314.3500000;313.5500000;313.8500000;9450
TATN;5;20160803;181000;313.7500000;314.0000000;313.7500000;313.9000000;1610
TATN;5;20160803;181500;314.0000000;314.5000000;314.0000000;314.5000000;4240
TATN;5;20160803;182000;314.5000000;314.5500000;314.4500000;314.5000000;5550
TATN;5;20160803;182500;314.5500000;315.5000000;314.5500000;315.2000000;24530
TATN;5;20160803;183000;315.2000000;315.4000000;315.0000000;315.0000000;10120
TATN;5;20160803;183500;315.0000000;315.1500000;314.6500000;315.0000000;9740
TATN;5;20160803;184000;315.0000000;315.1000000;313.5000000;313.5000000;20620
TATN;5;20160803;185000;314.0500000;314.0500000;314.0500000;314.0500000;28700
TATN;5;20160804;100500;315.5000000;316.6000000;315.5000000;315.9500000;48840
TATN;5;20160804;101000;315.9500000;316.8000000;315.3500000;316.7500000;20010
TATN;5;20160804;101500;316.5000000;316.9500000;316.5000000;316.8500000;11410
TATN;5;20160804;102000;316.8500000;317.0000000;316.3000000;316.9000000;28410
TATN;5;20160804;102500;316.8500000;318.3500000;316.8500000;318.0500000;27020
TATN;5;20160804;103000;318.0500000;318.3500000;317.6000000;317.7000000;15010
TATN;5;20160804;103500;317.9500000;318.1000000;317.3500000;317.6500000;8090
TATN;5;20160804;104000;317.8000000;318.2000000;317.6500000;317.9000000;3410
TATN;5;20160804;104500;317.9000000;318.0500000;317.4000000;317.4000000;5800
TATN;5;20160804;105000;317.4000000;318.1500000;317.4000000;317.9000000;4740
TATN;5;20160804;105500;317.9000000;318.4500000;317.9000000;318.4000000;11510
TATN;5;20160804;110000;318.4000000;318.5500000;318.2000000;318.5500000;12220
TATN;5;20160804;110500;318.5500000;318.8500000;318.1500000;318.8500000;27250
TATN;5;20160804;111000;318.6500000;319.2500000;318.6500000;318.8000000;18910
TATN;5;20160804;111500;319.0500000;319.2500000;318.8500000;318.9500000;12240
TATN;5;20160804;112000;318.9500000;319.2500000;318.8000000;318.9000000;14770
TATN;5;20160804;112500;318.9000000;319.0000000;318.5000000;318.6500000;27610
TATN;5;20160804;113000;318.6500000;319.0000000;318.5000000;318.5500000;26120
TATN;5;20160804;113500;318.5500000;318.9500000;318.5000000;318.7500000;4780
TATN;5;20160804;114000;318.8500000;318.9000000;317.8000000;317.8500000;18200
TATN;5;20160804;114500;317.8500000;318.0000000;317.8000000;318.0000000;3440
TATN;5;20160804;115000;318.0000000;318.0000000;317.5000000;317.9000000;24430
TATN;5;20160804;115500;318.0000000;318.0000000;317.6000000;317.8000000;4460
TATN;5;20160804;120000;317.8500000;318.0000000;317.5500000;317.7000000;7830
TATN;5;20160804;120500;317.6000000;318.0000000;317.6000000;317.8000000;14860
TATN;5;20160804;121000;317.9500000;318.0000000;316.6000000;316.9500000;53950
TATN;5;20160804;121500;316.9000000;317.7000000;316.9000000;317.5500000;7640
TATN;5;20160804;122000;317.3500000;317.7000000;317.2500000;317.7000000;3760
TATN;5;20160804;122500;317.4500000;317.7500000;317.3500000;317.5000000;4030
TATN;5;20160804;123000;317.5000000;318.2500000;317.3000000;318.0000000;19900
TATN;5;20160804;123500;318.0000000;318.2500000;317.9500000;318.2000000;2750
TATN;5;20160804;124000;318.1000000;318.1000000;317.5000000;317.8500000;5510
TATN;5;20160804;124500;317.8500000;317.8500000;317.7500000;317.8500000;970
TATN;5;20160804;125000;317.8500000;318.9500000;317.8500000;318.9000000;10230
TATN;5;20160804;125500;318.9500000;318.9500000;318.6000000;318.6500000;3490
TATN;5;20160804;130000;318.6500000;318.9500000;318.4500000;318.9500000;2950
TATN;5;20160804;130500;318.9000000;318.9500000;318.5500000;318.5500000;2400
TATN;5;20160804;131000;318.7000000;318.7500000;318.3500000;318.7000000;680
TATN;5;20160804;131500;318.7000000;318.9000000;318.4000000;318.7000000;7000
TATN;5;20160804;132000;318.7000000;318.7500000;318.5500000;318.7000000;880
TATN;5;20160804;132500;318.6000000;318.9500000;318.6000000;318.8500000;10570
TATN;5;20160804;133000;318.8500000;318.8500000;318.4500000;318.5500000;6850
TATN;5;20160804;133500;318.7500000;318.8500000;318.5500000;318.8500000;13520
TATN;5;20160804;134000;318.8500000;318.8500000;318.7500000;318.8000000;1730
TATN;5;20160804;134500;318.7000000;318.8500000;318.6500000;318.8500000;180
TATN;5;20160804;135000;318.8500000;318.8500000;318.7500000;318.8000000;2930
TATN;5;20160804;135500;318.8000000;318.8500000;318.6500000;318.8000000;230
TATN;5;20160804;140000;318.8000000;318.8000000;318.6500000;318.8000000;1520
TATN;5;20160804;140500;318.8000000;318.8500000;318.7500000;318.8500000;8400
TATN;5;20160804;141000;318.8500000;319.0000000;318.8500000;319.0000000;23760
TATN;5;20160804;141500;319.0000000;319.2500000;318.8000000;319.2500000;12030
TATN;5;20160804;142000;319.2500000;319.2500000;318.8500000;319.0500000;7990
TATN;5;20160804;142500;319.0500000;319.3500000;318.8500000;319.2500000;25600
TATN;5;20160804;143000;319.2500000;319.3500000;318.9500000;319.1000000;6130
TATN;5;20160804;143500;319.1000000;319.1500000;318.4000000;318.4500000;9220
TATN;5;20160804;144000;318.8000000;318.8000000;318.2500000;318.5000000;3200
TATN;5;20160804;144500;318.5000000;318.6000000;318.3000000;318.6000000;640
TATN;5;20160804;145000;318.6500000;318.8500000;318.5000000;318.8000000;2880
TATN;5;20160804;145500;318.8000000;318.8000000;318.4500000;318.7000000;1060
TATN;5;20160804;150000;318.7000000;318.9000000;318.5000000;318.9000000;660
TATN;5;20160804;150500;318.7500000;319.0000000;318.7500000;319.0000000;30840
TATN;5;20160804;151000;319.0000000;319.3500000;319.0000000;319.3500000;10940
TATN;5;20160804;151500;319.3000000;319.3500000;319.0500000;319.2000000;3360
TATN;5;20160804;152000;319.2500000;319.3500000;319.0500000;319.1000000;4410
TATN;5;20160804;152500;319.3000000;319.3000000;318.8000000;318.8000000;4230
TATN;5;20160804;153000;318.9500000;319.2000000;318.8000000;319.2000000;1570
TATN;5;20160804;153500;319.2500000;319.4000000;319.1000000;319.4000000;7500
TATN;5;20160804;154000;319.4000000;319.5000000;319.0000000;319.0000000;3760
TATN;5;20160804;154500;319.2000000;319.2000000;318.4000000;318.4500000;8150
TATN;5;20160804;155000;318.5500000;318.8500000;318.2500000;318.3000000;12930
TATN;5;20160804;155500;318.2500000;318.6500000;318.2000000;318.6500000;1950
TATN;5;20160804;160000;318.6500000;318.6500000;318.2000000;318.2000000;10510
TATN;5;20160804;160500;318.2000000;319.3000000;318.2000000;319.2500000;18490
TATN;5;20160804;161000;319.0000000;319.4500000;319.0000000;319.0000000;12140
TATN;5;20160804;161500;319.2000000;319.4000000;319.1000000;319.3000000;1900
TATN;5;20160804;162000;319.3000000;319.5500000;319.1500000;319.2500000;11180
TATN;5;20160804;162500;319.5000000;319.5500000;319.1000000;319.4000000;5470
TATN;5;20160804;163000;319.0000000;319.5000000;318.8000000;319.1000000;30960
TATN;5;20160804;163500;319.1000000;319.6000000;319.1000000;319.5500000;10640
TATN;5;20160804;164000;319.5500000;319.6500000;319.0000000;319.6000000;16500
TATN;5;20160804;164500;319.6000000;319.6500000;319.3000000;319.3500000;2580
TATN;5;20160804;165000;319.5500000;319.5500000;319.3000000;319.5000000;930
TATN;5;20160804;165500;319.5500000;319.5500000;319.3000000;319.5500000;80
TATN;5;20160804;170000;319.4000000;319.6500000;319.4000000;319.4000000;6160
TATN;5;20160804;170500;319.6000000;319.6500000;319.4500000;319.6500000;2960
TATN;5;20160804;171000;319.6500000;319.8500000;319.5000000;319.6000000;34400
TATN;5;20160804;171500;319.7500000;320.2500000;319.7000000;320.0500000;17400
TATN;5;20160804;172000;320.1500000;321.5500000;320.0000000;321.5500000;60970
TATN;5;20160804;172500;321.5500000;321.7000000;320.8000000;321.6000000;19060
TATN;5;20160804;173000;321.6500000;322.9000000;321.6000000;322.8000000;69920
TATN;5;20160804;173500;322.7500000;322.9000000;322.2000000;322.4500000;13370
TATN;5;20160804;174000;322.4500000;324.3000000;322.4000000;323.9000000;129370
TATN;5;20160804;174500;323.9000000;323.9000000;322.7000000;323.2500000;25570
TATN;5;20160804;175000;323.2500000;323.3000000;323.1500000;323.3000000;27780
TATN;5;20160804;175500;323.3000000;323.3000000;322.9500000;323.1000000;6160
TATN;5;20160804;180000;323.2000000;323.3000000;323.1500000;323.3000000;16400
TATN;5;20160804;180500;323.3000000;323.3000000;323.0500000;323.1500000;30410
TATN;5;20160804;181000;323.2500000;323.9000000;323.1500000;323.7500000;12350
TATN;5;20160804;181500;323.9000000;324.8500000;323.8500000;324.7000000;30830
TATN;5;20160804;182000;324.8000000;324.8500000;324.5500000;324.8000000;7680
TATN;5;20160804;182500;324.8000000;325.3500000;324.8000000;325.1000000;20570
TATN;5;20160804;183000;325.1000000;325.2000000;324.9500000;325.2000000;7930
TATN;5;20160804;183500;325.1500000;326.2500000;325.0000000;326.2000000;82480
TATN;5;20160804;184000;326.2000000;326.9000000;326.2000000;326.8500000;91180
TATN;5;20160804;185000;328.0000000;328.0000000;328.0000000;328.0000000;69070
TATN;5;20160805;100500;326.6500000;326.9500000;325.4000000;326.2500000;37870
TATN;5;20160805;101000;326.2000000;326.5000000;325.5500000;326.4500000;12510
TATN;5;20160805;101500;326.4500000;327.8000000;326.3000000;327.8000000;16550
TATN;5;20160805;102000;327.8000000;328.4000000;326.2500000;328.3000000;30320
TATN;5;20160805;102500;328.1000000;328.6000000;327.2500000;328.5500000;46900
TATN;5;20160805;103000;328.3500000;328.6000000;327.7500000;328.0000000;34060
TATN;5;20160805;103500;328.0000000;328.6000000;327.8500000;328.5500000;16140
TATN;5;20160805;104000;328.5500000;328.5500000;326.0000000;326.3500000;38400
TATN;5;20160805;104500;326.5000000;327.3500000;325.7500000;327.1000000;20890
TATN;5;20160805;105000;327.1000000;327.5500000;326.7000000;327.5000000;5930
TATN;5;20160805;105500;327.5000000;327.5500000;326.0000000;326.5000000;18570
TATN;5;20160805;110000;326.2500000;326.5500000;325.7000000;325.7500000;31170
TATN;5;20160805;110500;326.0000000;326.1500000;325.2500000;325.4000000;24030
TATN;5;20160805;111000;325.2500000;325.7500000;324.3000000;325.7500000;21400
TATN;5;20160805;111500;325.7500000;326.8500000;325.3500000;326.5000000;31910
TATN;5;20160805;112000;326.5500000;326.6000000;325.9500000;326.1000000;2870
TATN;5;20160805;112500;326.1000000;327.3000000;325.8500000;327.2500000;11770
TATN;5;20160805;113000;326.9500000;327.3500000;326.6500000;327.3500000;6680
TATN;5;20160805;113500;327.0500000;327.4000000;326.8500000;327.0500000;4280
TATN;5;20160805;114000;326.8500000;327.3000000;326.3000000;326.3000000;5070
TATN;5;20160805;114500;326.5500000;327.1500000;326.3000000;327.1500000;14030
TATN;5;20160805;115000;326.9000000;327.4000000;326.4000000;326.6500000;8020
TATN;5;20160805;115500;326.6500000;327.1500000;326.5000000;327.1500000;2430
TATN;5;20160805;120000;326.9500000;327.1500000;326.9500000;327.1000000;3100
TATN;5;20160805;120500;326.9500000;327.1000000;326.3000000;326.5000000;2520
TATN;5;20160805;121000;326.4000000;327.0000000;326.4000000;326.9000000;170
TATN;5;20160805;121500;326.9500000;327.1000000;326.6500000;327.0000000;4480
TATN;5;20160805;122000;326.7500000;327.6000000;326.7500000;327.5500000;12300
TATN;5;20160805;122500;327.5500000;327.8000000;327.1000000;327.4500000;21170
TATN;5;20160805;123000;327.7000000;327.7500000;327.0500000;327.2500000;6370
TATN;5;20160805;123500;327.1500000;327.3500000;327.0500000;327.3000000;1530
TATN;5;20160805;124000;327.2000000;327.4500000;327.2000000;327.2000000;1780
TATN;5;20160805;124500;327.2000000;327.4500000;326.2500000;326.2500000;4320
TATN;5;20160805;125000;326.2500000;326.4000000;326.1000000;326.3000000;750
TATN;5;20160805;125500;326.4000000;326.5000000;326.1500000;326.2500000;1020
TATN;5;20160805;130000;326.2500000;326.6500000;326.2500000;326.6500000;1930
TATN;5;20160805;130500;326.4000000;326.6000000;326.0500000;326.0500000;3070
TATN;5;20160805;131000;326.0500000;326.0500000;325.4500000;325.5500000;1800
TATN;5;20160805;131500;325.5500000;326.1500000;325.5500000;326.0500000;450
TATN;5;20160805;132000;326.0500000;326.1000000;325.3000000;325.4000000;4950
TATN;5;20160805;132500;325.4000000;325.7000000;325.4000000;325.7000000;5220
TATN;5;20160805;133000;325.5500000;325.8000000;325.5500000;325.6000000;1380
TATN;5;20160805;133500;325.6000000;325.8000000;325.4500000;325.5000000;2690
TATN;5;20160805;134000;325.5000000;325.7000000;325.2000000;325.2500000;4480
TATN;5;20160805;134500;325.2500000;325.7500000;325.2500000;325.3500000;3430
TATN;5;20160805;135000;325.3500000;325.3500000;325.2500000;325.2500000;640
TATN;5;20160805;135500;325.2500000;325.7000000;325.2500000;325.7000000;1090
TATN;5;20160805;140000;325.7000000;326.3500000;325.7000000;326.3500000;8130
TATN;5;20160805;140500;326.3500000;326.3500000;325.4000000;325.8500000;5450
TATN;5;20160805;141000;325.8500000;326.0000000;325.7500000;325.7500000;1160
TATN;5;20160805;141500;325.7500000;325.7500000;325.5500000;325.6000000;1100
TATN;5;20160805;142000;325.6000000;325.7000000;325.4500000;325.4500000;2280
TATN;5;20160805;142500;325.5000000;325.5000000;325.5000000;325.5000000;500
TATN;5;20160805;143000;325.5500000;325.8000000;325.4500000;325.5000000;2430
TATN;5;20160805;143500;325.5000000;326.0500000;325.5000000;325.7000000;1910
TATN;5;20160805;144000;325.7500000;326.0000000;325.7500000;325.8000000;1210
TATN;5;20160805;144500;325.7500000;326.1500000;325.7500000;326.1500000;260
TATN;5;20160805;145000;326.2500000;326.4000000;326.1500000;326.3500000;2010
TATN;5;20160805;145500;326.2000000;326.3500000;326.2000000;326.2000000;650
TATN;5;20160805;150000;326.2000000;326.3500000;325.4500000;325.5000000;4150
TATN;5;20160805;150500;325.5000000;325.5000000;325.5000000;325.5000000;180
TATN;5;20160805;151000;325.6000000;326.3000000;325.6000000;326.0000000;3630
TATN;5;20160805;151500;326.2000000;327.0000000;326.0000000;326.8500000;25240
TATN;5;20160805;152000;327.2000000;327.2000000;326.4500000;326.4500000;4390
TATN;5;20160805;152500;326.4500000;326.4500000;325.7500000;325.8500000;7800
TATN;5;20160805;153000;325.8500000;326.5500000;325.8500000;326.2000000;3800
TATN;5;20160805;153500;326.2500000;326.5500000;324.6000000;325.5500000;30240
TATN;5;20160805;154000;325.7500000;326.0000000;325.5500000;325.7500000;3080
TATN;5;20160805;154500;326.0000000;326.0000000;325.5500000;325.5500000;9890
TATN;5;20160805;155000;325.6000000;325.6000000;324.1500000;324.1500000;25770
TATN;5;20160805;155500;324.1500000;324.5000000;323.4000000;323.7000000;31390
TATN;5;20160805;160000;323.7500000;324.3000000;323.2500000;324.1000000;54230
TATN;5;20160805;160500;324.1000000;324.5500000;323.3500000;323.3500000;17140
TATN;5;20160805;161000;323.4000000;323.7500000;323.3500000;323.4000000;5210
TATN;5;20160805;161500;323.8000000;324.3000000;323.4500000;323.7500000;15200
TATN;5;20160805;162000;323.7500000;323.9000000;323.3500000;323.3500000;7610
TATN;5;20160805;162500;323.4000000;323.4000000;323.2000000;323.2500000;4340
TATN;5;20160805;163000;323.7500000;324.0000000;323.4500000;323.8000000;4830
TATN;5;20160805;163500;323.9000000;324.7000000;323.8500000;324.7000000;13370
TATN;5;20160805;164000;324.7500000;324.8500000;324.4500000;324.6000000;3290
TATN;5;20160805;164500;324.7000000;325.2000000;324.7000000;325.2000000;3050
TATN;5;20160805;165000;325.1000000;325.1000000;324.3000000;324.6000000;7180
TATN;5;20160805;165500;324.5500000;324.8500000;324.2000000;324.2000000;9310
TATN;5;20160805;170000;324.3000000;324.4500000;324.3000000;324.4500000;1040
TATN;5;20160805;170500;324.4500000;324.6500000;324.2500000;324.4500000;4620
TATN;5;20160805;171000;324.6000000;324.6000000;324.0500000;324.3000000;5060
TATN;5;20160805;171500;324.3500000;324.6000000;323.8000000;323.8500000;6090
TATN;5;20160805;172000;324.3000000;324.3000000;323.8000000;324.0500000;3380
TATN;5;20160805;172500;324.2000000;324.4000000;324.0500000;324.3000000;3490
TATN;5;20160805;173000;324.3500000;324.5500000;324.0500000;324.3500000;9610
TATN;5;20160805;173500;324.1500000;324.1500000;323.6500000;323.6500000;7780
TATN;5;20160805;174000;323.7000000;323.8000000;323.6500000;323.7000000;980
TATN;5;20160805;174500;323.8500000;325.1000000;323.8500000;325.1000000;10090
TATN;5;20160805;175000;325.1000000;325.1000000;324.7500000;324.7500000;2620
TATN;5;20160805;175500;324.8500000;326.0500000;324.8500000;325.8000000;3590
TATN;5;20160805;180000;325.9000000;326.0500000;325.8000000;326.0500000;2620
TATN;5;20160805;180500;326.0000000;326.5000000;326.0000000;326.4000000;3740
TATN;5;20160805;181000;326.5000000;327.4500000;326.5000000;327.2500000;18260
TATN;5;20160805;181500;327.4000000;327.4000000;326.3500000;327.3000000;5850
TATN;5;20160805;182000;327.3000000;327.4000000;326.6500000;327.2500000;2750
TATN;5;20160805;182500;327.2500000;327.4000000;327.2500000;327.4000000;2220
TATN;5;20160805;183000;327.4000000;327.9000000;327.2500000;327.7500000;27900
TATN;5;20160805;183500;327.9000000;328.8000000;327.7500000;328.7000000;54940
TATN;5;20160805;184000;328.8000000;329.2000000;328.2000000;328.7000000;62480
TATN;5;20160805;185000;328.5000000;328.5000000;328.5000000;328.5000000;11350
TATN;5;20160808;100500;329.3500000;330.3000000;327.6500000;329.0500000;91240
TATN;5;20160808;101000;329.0000000;329.7500000;328.4500000;328.9000000;25710
TATN;5;20160808;101500;328.7000000;329.1000000;328.3500000;329.1000000;4490
TATN;5;20160808;102000;329.3500000;329.6000000;329.0000000;329.2000000;11500
TATN;5;20160808;102500;329.4500000;329.6500000;328.9000000;329.4500000;24840
TATN;5;20160808;103000;329.4500000;329.9000000;329.3500000;329.9000000;29660
TATN;5;20160808;103500;329.9000000;330.0000000;329.3500000;329.5500000;20740
TATN;5;20160808;104000;329.8500000;330.0000000;329.3500000;329.8000000;9470
TATN;5;20160808;104500;329.9500000;330.0000000;329.7000000;329.9000000;4790
TATN;5;20160808;105000;329.9500000;330.0000000;329.6500000;329.6500000;4600
TATN;5;20160808;105500;329.8500000;329.9500000;329.8000000;329.8000000;2660
TATN;5;20160808;110000;329.9000000;329.9500000;329.7000000;329.8000000;2970
TATN;5;20160808;110500;329.9000000;329.9500000;329.5500000;329.8500000;3930
TATN;5;20160808;111000;329.9000000;329.9000000;329.4000000;329.4000000;4260
TATN;5;20160808;111500;329.3000000;329.3000000;329.2500000;329.2500000;5670
TATN;5;20160808;112000;329.1000000;329.4500000;329.1000000;329.4500000;1650
TATN;5;20160808;112500;329.3000000;329.7500000;329.3000000;329.4000000;5520
TATN;5;20160808;113000;329.6500000;329.6500000;329.3500000;329.5000000;4520
TATN;5;20160808;113500;329.7500000;329.8500000;329.6000000;329.8500000;1740
TATN;5;20160808;114000;329.8500000;330.0000000;329.6500000;330.0000000;7530
TATN;5;20160808;114500;329.9500000;330.0000000;329.7500000;330.0000000;6980
TATN;5;20160808;115000;330.0000000;330.0000000;329.7500000;330.0000000;2740
TATN;5;20160808;115500;330.0000000;330.0000000;329.8000000;329.9500000;2450
TATN;5;20160808;120000;330.0000000;330.0000000;329.9000000;329.9500000;11930
TATN;5;20160808;120500;329.9500000;330.2500000;329.8000000;329.9500000;18600
TATN;5;20160808;121000;329.9500000;330.0000000;329.8000000;329.9000000;1480
TATN;5;20160808;121500;329.9000000;330.0000000;329.7000000;329.9500000;1890
TATN;5;20160808;122000;329.9500000;330.0000000;329.6000000;329.6000000;1670
TATN;5;20160808;122500;329.7500000;329.8500000;329.6500000;329.7500000;2510
TATN;5;20160808;123000;329.7500000;330.0000000;329.5000000;329.9500000;9620
TATN;5;20160808;123500;329.9500000;330.0000000;329.7000000;330.0000000;3980
TATN;5;20160808;124000;330.0000000;330.0000000;329.9500000;330.0000000;7290
TATN;5;20160808;124500;330.0000000;330.0000000;329.9000000;330.0000000;400
TATN;5;20160808;125000;330.0000000;330.0000000;329.8000000;329.8500000;1740
TATN;5;20160808;125500;329.8500000;329.8500000;329.8000000;329.8500000;270
TATN;5;20160808;130000;329.8500000;329.9500000;329.8000000;329.9500000;2000
TATN;5;20160808;130500;329.9500000;329.9500000;329.8000000;329.9000000;180
TATN;5;20160808;131000;329.9000000;329.9000000;329.9000000;329.9000000;150
TATN;5;20160808;131500;329.9000000;329.9500000;329.6500000;329.6500000;4330
TATN;5;20160808;132000;329.7500000;329.9500000;329.7500000;329.9000000;930
TATN;5;20160808;132500;329.9000000;330.1000000;329.9000000;330.0500000;4640
TATN;5;20160808;133000;330.0500000;330.1000000;330.0000000;330.1000000;1430
TATN;5;20160808;133500;330.1000000;330.1000000;330.0000000;330.1000000;160
TATN;5;20160808;134000;330.1000000;330.1000000;330.1000000;330.1000000;100
TATN;5;20160808;134500;330.1000000;330.1000000;330.1000000;330.1000000;300
TATN;5;20160808;135000;330.1000000;330.1000000;329.9000000;329.9500000;1620
TATN;5;20160808;135500;329.9500000;329.9500000;329.7000000;329.9500000;2080
TATN;5;20160808;140000;329.9500000;329.9500000;329.6000000;329.8500000;2810
TATN;5;20160808;140500;329.8500000;329.8500000;329.6000000;329.8500000;1680
TATN;5;20160808;141000;329.6500000;329.8500000;329.5500000;329.7500000;1310
TATN;5;20160808;141500;329.7500000;329.9000000;329.7500000;329.8500000;2100
TATN;5;20160808;142000;329.8500000;329.9500000;329.6500000;329.9500000;440
TATN;5;20160808;142500;329.9500000;329.9500000;329.5000000;329.8500000;4990
TATN;5;20160808;143000;329.8500000;329.8500000;329.5000000;329.6500000;440
TATN;5;20160808;143500;329.7000000;329.9000000;329.7000000;329.8500000;3040
TATN;5;20160808;144000;329.8500000;329.8500000;329.4500000;329.7500000;3740
TATN;5;20160808;144500;329.5000000;329.8000000;329.5000000;329.7500000;2390
TATN;5;20160808;145000;329.5500000;329.5500000;329.1500000;329.3000000;3010
TATN;5;20160808;145500;329.0500000;329.2500000;329.0000000;329.0000000;6830
TATN;5;20160808;150000;329.2000000;329.3000000;329.0500000;329.0500000;260
TATN;5;20160808;150500;329.1000000;329.9000000;329.1000000;329.5000000;7640
TATN;5;20160808;151000;329.2500000;329.2500000;328.3000000;328.6000000;20110
TATN;5;20160808;151500;328.5000000;328.5000000;328.0500000;328.0500000;790
TATN;5;20160808;152000;328.1500000;328.2000000;328.1500000;328.2000000;4370
TATN;5;20160808;152500;328.2000000;328.3500000;328.1500000;328.3500000;3940
TATN;5;20160808;153000;328.2000000;328.2000000;328.2000000;328.2000000;500
TATN;5;20160808;153500;328.1500000;328.3000000;328.1500000;328.1500000;3610
TATN;5;20160808;154000;328.2000000;328.3500000;328.1500000;328.1500000;890
TATN;5;20160808;154500;328.3500000;328.5000000;328.1500000;328.3000000;2020
TATN;5;20160808;155000;328.4500000;328.4500000;328.2000000;328.3500000;660
TATN;5;20160808;155500;328.3500000;328.3500000;328.2000000;328.3000000;3070
TATN;5;20160808;160000;328.2500000;328.2500000;328.1500000;328.1500000;12160
TATN;5;20160808;160500;328.1500000;328.2000000;328.1500000;328.2000000;10490
TATN;5;20160808;161000;328.1500000;328.1500000;328.1500000;328.1500000;1200
TATN;5;20160808;161500;328.3500000;328.4500000;328.3500000;328.4500000;970
TATN;5;20160808;162000;328.4500000;329.1000000;328.4000000;328.6000000;6110
TATN;5;20160808;162500;328.8000000;328.8500000;328.2500000;328.5500000;2870
TATN;5;20160808;163000;328.3500000;328.9500000;328.3500000;328.8500000;3360
TATN;5;20160808;163500;328.6000000;328.9000000;328.4500000;328.9000000;3580
TATN;5;20160808;164000;328.9000000;329.0000000;328.1500000;328.7500000;31940
TATN;5;20160808;164500;328.7500000;328.8500000;328.4000000;328.6500000;43340
TATN;5;20160808;165000;328.8500000;329.0000000;328.6500000;328.6500000;4910
TATN;5;20160808;165500;328.8000000;329.0500000;328.6500000;328.7000000;8690
TATN;5;20160808;170000;329.0500000;329.0500000;327.6000000;328.0500000;96260
TATN;5;20160808;170500;328.1000000;328.1000000;327.2500000;327.6500000;8250
TATN;5;20160808;171000;327.6000000;327.8000000;327.3500000;327.3500000;2880
TATN;5;20160808;171500;327.3500000;327.4000000;327.0500000;327.0500000;3510
TATN;5;20160808;172000;327.1500000;327.4000000;326.5500000;326.6000000;6810
TATN;5;20160808;172500;326.6000000;326.9500000;326.6000000;326.6500000;11610
TATN;5;20160808;173000;326.6500000;327.0000000;325.9500000;326.0000000;22570
TATN;5;20160808;173500;326.0000000;326.5000000;326.0000000;326.4500000;5610
TATN;5;20160808;174000;326.7500000;327.0500000;326.5500000;326.5500000;14040
TATN;5;20160808;174500;326.3500000;326.3500000;325.6500000;325.7000000;18980
TATN;5;20160808;175000;325.7000000;325.7500000;325.5500000;325.7500000;3090
TATN;5;20160808;175500;325.7500000;325.7500000;325.4000000;325.7000000;4150
TATN;5;20160808;180000;325.7500000;326.0000000;325.7500000;326.0000000;7270
TATN;5;20160808;180500;326.0000000;326.0000000;325.9500000;326.0000000;3750
TATN;5;20160808;181000;326.0000000;326.0000000;325.8000000;326.0000000;5990
TATN;5;20160808;181500;325.9500000;326.0000000;325.7000000;325.7000000;1260
TATN;5;20160808;182000;325.9500000;325.9500000;325.7000000;325.7000000;900
TATN;5;20160808;182500;325.9500000;326.0000000;325.8000000;325.8500000;2800
TATN;5;20160808;183000;326.0000000;326.9000000;326.0000000;326.6500000;4740
TATN;5;20160808;183500;326.8500000;328.3500000;326.7000000;327.6500000;20670
TATN;5;20160808;184000;327.4500000;329.8500000;327.4000000;329.8500000;181240
TATN;5;20160808;185000;330.0000000;330.0000000;330.0000000;330.0000000;103450
TATN;5;20160809;100500;329.3000000;329.4500000;326.2500000;326.9000000;70320
TATN;5;20160809;101000;326.9000000;327.0000000;326.2000000;326.6000000;36440
TATN;5;20160809;101500;326.5000000;326.9500000;326.2500000;326.4000000;33910
TATN;5;20160809;102000;326.4000000;326.7000000;326.3500000;326.5500000;9970
TATN;5;20160809;102500;326.5500000;326.5500000;326.2500000;326.5500000;6870
TATN;5;20160809;103000;326.5000000;326.6500000;326.3000000;326.4000000;5180
TATN;5;20160809;103500;326.5500000;326.6500000;326.3000000;326.3000000;4280
TATN;5;20160809;104000;326.3000000;326.3500000;326.0000000;326.1500000;16060
TATN;5;20160809;104500;326.0500000;326.7000000;326.0500000;326.7000000;7430
TATN;5;20160809;105000;326.7000000;327.2500000;326.4500000;327.0000000;31850
TATN;5;20160809;105500;327.0000000;327.1500000;326.7500000;327.0500000;9770
TATN;5;20160809;110000;327.0500000;328.3000000;326.8500000;328.1000000;20440
TATN;5;20160809;110500;328.2500000;328.4000000;328.2000000;328.2000000;7780
TATN;5;20160809;111000;328.2000000;328.3500000;327.1500000;327.1500000;22040
TATN;5;20160809;111500;327.0500000;327.3000000;326.9500000;327.3000000;3590
TATN;5;20160809;112000;327.1500000;327.4000000;327.1000000;327.1500000;5690
TATN;5;20160809;112500;327.1000000;327.9500000;327.0000000;327.6000000;40620
TATN;5;20160809;113000;327.6000000;327.6000000;327.1500000;327.2000000;5400
TATN;5;20160809;113500;327.2000000;327.2000000;326.6000000;326.6000000;8140
TATN;5;20160809;114000;326.7500000;326.7500000;326.3500000;326.3500000;10890
TATN;5;20160809;114500;326.3500000;326.5500000;326.2500000;326.3000000;7680
TATN;5;20160809;115000;326.3000000;326.5000000;326.1000000;326.1000000;24730
TATN;5;20160809;115500;326.1000000;326.3000000;325.4500000;325.5000000;24440
TATN;5;20160809;120000;325.5500000;325.9500000;325.5500000;325.7500000;3590
TATN;5;20160809;120500;325.7500000;326.0000000;325.7000000;326.0000000;3930
TATN;5;20160809;121000;325.9000000;326.1000000;325.9000000;326.1000000;3860
TATN;5;20160809;121500;326.2500000;326.5000000;326.0000000;326.2000000;9920
TATN;5;20160809;122000;326.2500000;326.2500000;325.9000000;325.9000000;3600
TATN;5;20160809;122500;325.9000000;325.9500000;325.9000000;325.9000000;1620
TATN;5;20160809;123000;325.9000000;326.0000000;325.8000000;325.8000000;2160
TATN;5;20160809;123500;325.8000000;325.9000000;325.7000000;325.7000000;2540
TATN;5;20160809;124000;325.7000000;325.9500000;325.4500000;325.8500000;7110
TATN;5;20160809;124500;325.9500000;326.1500000;325.6000000;326.0500000;6190
TATN;5;20160809;125000;325.9000000;326.0500000;325.7500000;325.7500000;2620
TATN;5;20160809;125500;325.9500000;325.9500000;325.6000000;325.6500000;2270
TATN;5;20160809;130000;325.6000000;325.7500000;325.5000000;325.6500000;7680
TATN;5;20160809;130500;325.6500000;325.7500000;325.5000000;325.5000000;5030
TATN;5;20160809;131000;325.5000000;325.6000000;325.4500000;325.4500000;5670
TATN;5;20160809;131500;325.4000000;325.4500000;325.4000000;325.4000000;1680
TATN;5;20160809;132000;325.4500000;325.4500000;325.4000000;325.4000000;1550
TATN;5;20160809;132500;325.4000000;325.7000000;325.3500000;325.3500000;2660
TATN;5;20160809;133000;325.3500000;325.4500000;325.3500000;325.4000000;3740
TATN;5;20160809;133500;325.4000000;325.5500000;325.4000000;325.4000000;7440
TATN;5;20160809;134000;325.5000000;325.6000000;325.4000000;325.4500000;2090
TATN;5;20160809;134500;325.5000000;325.6000000;325.4000000;325.4000000;1720
TATN;5;20160809;135000;325.4500000;325.5000000;325.2500000;325.3000000;11380
TATN;5;20160809;135500;325.5000000;325.5000000;325.3500000;325.3500000;1860
TATN;5;20160809;140000;325.4500000;325.4500000;325.0000000;325.1500000;12420
TATN;5;20160809;140500;325.1500000;325.1500000;325.0000000;325.0000000;7850
TATN;5;20160809;141000;325.1000000;325.1500000;324.5000000;324.6000000;34610
TATN;5;20160809;141500;324.8500000;324.8500000;324.5500000;324.5500000;2580
TATN;5;20160809;142000;324.6000000;324.7500000;324.5500000;324.7500000;3560
TATN;5;20160809;142500;324.7000000;325.0500000;324.7000000;324.9000000;7120
TATN;5;20160809;143000;324.9000000;325.1500000;324.7500000;325.1000000;6400
TATN;5;20160809;143500;325.1000000;325.2000000;325.0000000;325.0500000;3640
TATN;5;20160809;144000;325.0000000;325.1500000;324.5500000;325.0500000;21430
TATN;5;20160809;144500;325.0500000;325.0500000;324.8000000;324.8000000;4040
TATN;5;20160809;145000;324.8000000;324.8500000;324.6000000;324.7000000;3990
TATN;5;20160809;145500;324.6500000;325.0000000;324.6000000;325.0000000;7290
TATN;5;20160809;150000;325.1500000;325.1500000;325.0500000;325.1500000;940
TATN;5;20160809;150500;325.1000000;325.1000000;324.7000000;324.9000000;6690
TATN;5;20160809;151000;324.9000000;325.4500000;324.9000000;325.4500000;2680
TATN;5;20160809;151500;325.4500000;325.8000000;325.4500000;325.5500000;6280
TATN;5;20160809;152000;325.6000000;325.8000000;325.5000000;325.5500000;5850
TATN;5;20160809;152500;325.5500000;325.5500000;324.6000000;324.8000000;42050
TATN;5;20160809;153000;324.7000000;324.8500000;324.2500000;324.3500000;19900
TATN;5;20160809;153500;324.3000000;324.4500000;324.1500000;324.3000000;12070
TATN;5;20160809;154000;324.3500000;325.0000000;324.3000000;324.9500000;12500
TATN;5;20160809;154500;324.9500000;325.1000000;324.9500000;324.9500000;910
TATN;5;20160809;155000;324.9500000;325.1000000;324.9500000;325.0000000;1950
TATN;5;20160809;155500;325.0500000;325.0500000;324.7500000;324.8000000;4840
TATN;5;20160809;160000;324.8000000;324.8000000;324.5000000;324.5000000;14540
TATN;5;20160809;160500;324.5000000;325.2000000;324.4500000;324.9500000;11420
TATN;5;20160809;161000;324.9000000;324.9500000;324.5500000;324.7500000;7480
TATN;5;20160809;161500;324.8000000;324.8000000;324.6000000;324.8000000;5530
TATN;5;20160809;162000;324.8000000;324.8000000;324.6000000;324.6500000;8820
TATN;5;20160809;162500;324.6500000;325.1000000;324.5500000;325.1000000;13050
TATN;5;20160809;163000;324.8500000;324.9000000;324.6500000;324.8000000;5560
TATN;5;20160809;163500;324.9000000;324.9000000;324.6000000;324.7000000;13920
TATN;5;20160809;164000;324.7000000;324.9500000;324.6000000;324.8500000;9250
TATN;5;20160809;164500;324.9000000;325.1500000;324.5500000;325.1500000;13340
TATN;5;20160809;165000;325.1500000;325.6000000;325.1500000;325.6000000;7590
TATN;5;20160809;165500;325.6000000;325.6000000;324.7000000;324.7000000;6420
TATN;5;20160809;170000;324.7500000;325.4000000;324.7500000;325.2000000;9590
TATN;5;20160809;170500;325.2000000;325.4500000;325.0000000;325.1000000;7700
TATN;5;20160809;171000;325.1000000;325.2500000;324.8000000;324.8500000;18210
TATN;5;20160809;171500;324.8000000;325.9500000;324.8000000;325.9500000;32620
TATN;5;20160809;172000;325.8000000;325.9000000;325.0000000;325.3000000;19870
TATN;5;20160809;172500;325.3000000;325.9500000;324.8500000;325.9500000;26430
TATN;5;20160809;173000;325.9000000;325.9000000;325.0000000;325.2000000;15220
TATN;5;20160809;173500;325.2000000;325.6000000;325.1500000;325.6000000;5240
TATN;5;20160809;174000;325.6000000;325.6000000;325.2500000;325.5000000;7830
TATN;5;20160809;174500;325.5000000;325.8000000;325.4000000;325.6000000;11380
TATN;5;20160809;175000;325.4000000;325.5500000;325.2000000;325.4500000;6300
TATN;5;20160809;175500;325.4000000;325.5000000;325.2500000;325.2500000;540
TATN;5;20160809;180000;325.5000000;325.5000000;325.1000000;325.1500000;3180
TATN;5;20160809;180500;325.2000000;325.2000000;325.1000000;325.1500000;1300
TATN;5;20160809;181000;325.1000000;325.4000000;325.1000000;325.3500000;5830
TATN;5;20160809;181500;325.3000000;326.7000000;325.3000000;326.5500000;26560
TATN;5;20160809;182000;326.5500000;326.9500000;326.5500000;326.9000000;12480
TATN;5;20160809;182500;326.8500000;326.8500000;326.3000000;326.3000000;20250
TATN;5;20160809;183000;326.2500000;327.3500000;326.0500000;327.2500000;29240
TATN;5;20160809;183500;327.3500000;327.5000000;326.4000000;326.5000000;25320
TATN;5;20160809;184000;326.3500000;327.4000000;326.3000000;326.8000000;84330
TATN;5;20160809;185000;326.7500000;326.7500000;326.7500000;326.7500000;37500
TATN;5;20160810;100500;325.2500000;326.3500000;324.6000000;324.8000000;30440
TATN;5;20160810;101000;325.0000000;325.1500000;324.6000000;324.7000000;5150
TATN;5;20160810;101500;324.7000000;324.8000000;324.3500000;324.4000000;14780
TATN;5;20160810;102000;324.4000000;324.4000000;323.9000000;324.1500000;23060
TATN;5;20160810;102500;324.3000000;325.1500000;324.1500000;325.1500000;3990
TATN;5;20160810;103000;325.1500000;325.2000000;324.2500000;324.2500000;4600
TATN;5;20160810;103500;324.4500000;324.6500000;324.0500000;324.1000000;5370
TATN;5;20160810;104000;324.2000000;324.5000000;323.8500000;324.5000000;4190
TATN;5;20160810;104500;324.5500000;324.5500000;323.6000000;323.6500000;9110
TATN;5;20160810;105000;323.7000000;324.0000000;323.7000000;323.9000000;2760
TATN;5;20160810;105500;324.0000000;324.1500000;323.7500000;323.8000000;5200
TATN;5;20160810;110000;323.7500000;324.3500000;323.7500000;324.3500000;6250
TATN;5;20160810;110500;324.2500000;324.9000000;323.9500000;324.6500000;10230
TATN;5;20160810;111000;324.6500000;325.0500000;324.3000000;324.3000000;5670
TATN;5;20160810;111500;324.3000000;324.7000000;324.3000000;324.7000000;290
TATN;5;20160810;112000;324.5500000;324.7500000;324.4000000;324.5500000;4610
TATN;5;20160810;112500;324.6000000;324.7500000;324.2000000;324.3000000;3430
TATN;5;20160810;113000;324.3000000;324.7000000;324.1500000;324.1500000;3010
TATN;5;20160810;113500;324.2000000;324.3000000;324.0000000;324.1000000;2230
TATN;5;20160810;114000;324.4000000;324.5000000;324.3000000;324.4500000;1320
TATN;5;20160810;114500;324.4500000;324.7500000;324.4500000;324.7500000;1060
TATN;5;20160810;115000;324.6000000;324.8500000;324.0000000;324.0000000;7220
TATN;5;20160810;115500;324.0000000;324.2000000;324.0000000;324.1000000;1560
TATN;5;20160810;120000;324.1000000;324.2000000;324.0000000;324.0000000;9980
TATN;5;20160810;120500;324.0000000;325.0500000;323.9000000;324.9500000;3630
TATN;5;20160810;121000;324.9500000;325.4500000;324.3500000;324.5500000;14850
TATN;5;20160810;121500;324.4000000;324.6500000;324.2500000;324.3500000;5840
TATN;5;20160810;122000;324.6500000;325.2000000;324.5000000;324.9500000;12820
TATN;5;20160810;122500;324.9500000;325.2000000;324.7500000;324.7500000;2270
TATN;5;20160810;123000;324.8000000;324.9000000;324.6000000;324.6500000;2120
TATN;5;20160810;123500;324.9000000;324.9000000;324.1500000;324.5000000;7110
TATN;5;20160810;124000;324.2000000;324.5000000;324.1500000;324.2500000;4560
TATN;5;20160810;124500;324.2500000;324.5000000;324.1000000;324.1000000;5130
TATN;5;20160810;125000;324.1000000;324.3000000;324.1000000;324.1500000;3750
TATN;5;20160810;125500;324.1500000;324.2500000;323.8000000;323.9500000;12240
TATN;5;20160810;130000;324.0500000;324.4000000;324.0500000;324.3000000;1480
TATN;5;20160810;130500;324.4000000;324.4500000;324.0500000;324.0500000;9070
TATN;5;20160810;131000;324.0500000;324.3000000;324.0500000;324.3000000;1900
TATN;5;20160810;131500;324.0500000;324.3000000;323.9500000;324.3000000;6400
TATN;5;20160810;132000;324.1000000;324.2000000;323.8000000;324.2000000;7280
TATN;5;20160810;132500;324.1000000;324.1000000;323.7500000;323.9000000;4130
TATN;5;20160810;133000;323.9000000;324.0000000;323.6000000;323.8000000;10540
TATN;5;20160810;133500;324.0500000;324.1000000;323.8500000;323.9000000;2180
TATN;5;20160810;134000;323.9500000;324.3000000;323.8500000;324.2500000;820
TATN;5;20160810;134500;324.1000000;324.2000000;323.7000000;323.7000000;7440
TATN;5;20160810;135000;323.7500000;323.9500000;323.7000000;323.7500000;3280
TATN;5;20160810;135500;323.7000000;323.8000000;323.6500000;323.7500000;1360
TATN;5;20160810;140000;323.7500000;323.7500000;323.5500000;323.7500000;2130
TATN;5;20160810;140500;323.5500000;323.6000000;323.3500000;323.4000000;10470
TATN;5;20160810;141000;323.5500000;324.3500000;323.4000000;324.3500000;9070
TATN;5;20160810;141500;324.1000000;324.5000000;324.1000000;324.4500000;4050
TATN;5;20160810;142000;324.2000000;324.3500000;323.9500000;323.9500000;6160
TATN;5;20160810;142500;323.9000000;324.2500000;323.7000000;323.9500000;12490
TATN;5;20160810;143000;324.0500000;324.3000000;324.0500000;324.2500000;4110
TATN;5;20160810;143500;324.2000000;324.3000000;324.0000000;324.0500000;6720
TATN;5;20160810;144000;324.0500000;324.3500000;323.7000000;323.7000000;11890
TATN;5;20160810;144500;323.7000000;323.8000000;323.5500000;323.7500000;4710
TATN;5;20160810;145000;323.5000000;323.8500000;323.5000000;323.6500000;1970
TATN;5;20160810;145500;323.8500000;323.8500000;323.5500000;323.6500000;3770
TATN;5;20160810;150000;323.5500000;323.6500000;323.1000000;323.1500000;10240
TATN;5;20160810;150500;323.3500000;323.3500000;323.0500000;323.1000000;6140
TATN;5;20160810;151000;323.1000000;323.2500000;323.0000000;323.0500000;6000
TATN;5;20160810;151500;323.0500000;323.2500000;323.0500000;323.1500000;470
TATN;5;20160810;152000;323.1500000;323.3500000;322.9500000;323.1500000;9930
TATN;5;20160810;152500;322.9500000;323.1500000;322.8500000;322.9000000;6820
TATN;5;20160810;153000;322.9000000;322.9500000;322.5000000;322.5000000;30870
TATN;5;20160810;153500;322.5000000;323.0500000;322.4000000;322.7000000;16410
TATN;5;20160810;154000;322.7500000;323.1000000;322.6500000;322.8500000;1840
TATN;5;20160810;154500;322.8500000;323.0000000;322.7500000;322.8000000;3350
TATN;5;20160810;155000;322.8500000;323.4500000;322.8500000;323.1500000;9340
TATN;5;20160810;155500;323.0500000;323.2500000;323.0000000;323.0000000;3390
TATN;5;20160810;160000;323.0000000;323.2000000;322.8000000;322.8500000;5160
TATN;5;20160810;160500;322.8500000;323.2000000;322.5500000;322.5500000;12380
TATN;5;20160810;161000;322.5500000;322.6000000;322.5500000;322.6000000;660
TATN;5;20160810;161500;322.6000000;322.7500000;322.3500000;322.6500000;17670
TATN;5;20160810;162000;322.4000000;322.8000000;322.3500000;322.3500000;8880
TATN;5;20160810;162500;322.3500000;322.6500000;322.3500000;322.6000000;5260
TATN;5;20160810;163000;322.4500000;322.6500000;322.4000000;322.4500000;11610
TATN;5;20160810;163500;322.5000000;322.5500000;322.4000000;322.4500000;13690
TATN;5;20160810;164000;322.4500000;322.4500000;322.2500000;322.2500000;36750
TATN;5;20160810;164500;322.2500000;322.3500000;322.0500000;322.0500000;17740
TATN;5;20160810;165000;322.1000000;322.3000000;322.0000000;322.1000000;10410
TATN;5;20160810;165500;322.1000000;322.1500000;322.0000000;322.0500000;3970
TATN;5;20160810;170000;322.0500000;322.2500000;322.0000000;322.0500000;13320
TATN;5;20160810;170500;322.0500000;322.0500000;321.9000000;321.9000000;12110
TATN;5;20160810;171000;321.9000000;322.1000000;321.8500000;322.0500000;7650
TATN;5;20160810;171500;322.0500000;322.1000000;321.4000000;321.4500000;26530
TATN;5;20160810;172000;321.4500000;321.6500000;321.0000000;321.0000000;23730
TATN;5;20160810;172500;320.8500000;321.0500000;320.7500000;321.0000000;19220
TATN;5;20160810;173000;321.0000000;321.4500000;320.8500000;320.9000000;16680
TATN;5;20160810;173500;320.8500000;322.2500000;320.7500000;322.2000000;19660
TATN;5;20160810;174000;322.2000000;322.3500000;321.9500000;321.9500000;11440
TATN;5;20160810;174500;321.9500000;321.9500000;320.3500000;320.7000000;37880
TATN;5;20160810;175000;320.6500000;320.9000000;320.3000000;320.8000000;20350
TATN;5;20160810;175500;320.8000000;321.1000000;320.6000000;320.7500000;9040
TATN;5;20160810;180000;320.7500000;320.7500000;320.0500000;320.5000000;17250
TATN;5;20160810;180500;320.6000000;322.8500000;320.6000000;322.8000000;49090
TATN;5;20160810;181000;322.8000000;323.9000000;322.4000000;323.3000000;74250
TATN;5;20160810;181500;323.3500000;323.9000000;323.2000000;323.8500000;42920
TATN;5;20160810;182000;323.8500000;324.6500000;323.5500000;324.4500000;61700
TATN;5;20160810;182500;324.4500000;324.8000000;323.5500000;323.9000000;59170
TATN;5;20160810;183000;324.1500000;324.7000000;323.8500000;324.5500000;90490
TATN;5;20160810;183500;324.5500000;324.9500000;324.3000000;324.7000000;87070
TATN;5;20160810;184000;324.7500000;325.5000000;324.4500000;325.5000000;168230
TATN;5;20160810;185000;325.3000000;325.3000000;325.3000000;325.3000000;79550
TATN;5;20160811;100500;323.9500000;325.3000000;323.6000000;324.1500000;59370
TATN;5;20160811;101000;324.2500000;324.5000000;324.0000000;324.0500000;21310
TATN;5;20160811;101500;324.2000000;324.2000000;323.5500000;324.0000000;40440
TATN;5;20160811;102000;324.2000000;324.9000000;324.1000000;324.7000000;19550
TATN;5;20160811;102500;324.7500000;324.9500000;324.3000000;324.3000000;15990
TATN;5;20160811;103000;324.3000000;324.4000000;323.1000000;323.2000000;30680
TATN;5;20160811;103500;323.3000000;323.3000000;322.0500000;322.9500000;16250
TATN;5;20160811;104000;323.0000000;323.1500000;322.2000000;323.1500000;18540
TATN;5;20160811;104500;322.8500000;323.7000000;322.7500000;323.0000000;12410
TATN;5;20160811;105000;323.1500000;323.6500000;323.1500000;323.5500000;5360
TATN;5;20160811;105500;323.6500000;323.6500000;323.3000000;323.6000000;4790
TATN;5;20160811;110000;323.6000000;323.6000000;323.2500000;323.3500000;4920
TATN;5;20160811;110500;323.4000000;323.4000000;323.1500000;323.1500000;1980
TATN;5;20160811;111000;323.4000000;323.9000000;323.3500000;323.9000000;6790
TATN;5;20160811;111500;323.9500000;324.3000000;323.8500000;323.9500000;6190
TATN;5;20160811;112000;323.9000000;323.9000000;323.1000000;323.1000000;8380
TATN;5;20160811;112500;323.1500000;323.1500000;323.0000000;323.0500000;6590
TATN;5;20160811;113000;323.1000000;323.2000000;322.7000000;322.7500000;4370
TATN;5;20160811;113500;322.8000000;323.2000000;322.7000000;323.0500000;2050
TATN;5;20160811;114000;323.2000000;323.9500000;323.2000000;323.8500000;3170
TATN;5;20160811;114500;323.7500000;324.2500000;323.5500000;324.2500000;5780
TATN;5;20160811;115000;324.2500000;324.4000000;323.8000000;323.8000000;3470
TATN;5;20160811;115500;324.1000000;324.1500000;323.5000000;323.8500000;4820
TATN;5;20160811;120000;324.0000000;324.4500000;324.0000000;324.4500000;2670
TATN;5;20160811;120500;324.4500000;324.6000000;323.5500000;323.5500000;13590
TATN;5;20160811;121000;323.8000000;324.1500000;323.5000000;324.1000000;1380
TATN;5;20160811;121500;324.0500000;324.4000000;323.8000000;324.4000000;3110
TATN;5;20160811;122000;324.1500000;324.4500000;324.0500000;324.2000000;2290
TATN;5;20160811;122500;324.2500000;324.2500000;323.5000000;323.5500000;11470
TATN;5;20160811;123000;323.5500000;323.9000000;323.1000000;323.9000000;4850
TATN;5;20160811;123500;323.9000000;323.9000000;322.6500000;322.9500000;9540
TATN;5;20160811;124000;322.9500000;323.8000000;322.9500000;323.8000000;1330
TATN;5;20160811;124500;323.8000000;324.0000000;323.7500000;323.7500000;2580
TATN;5;20160811;125000;323.8500000;324.3000000;323.6500000;324.0000000;3230
TATN;5;20160811;125500;324.1500000;324.2000000;323.8500000;324.1500000;1270
TATN;5;20160811;130000;324.2500000;324.4500000;324.0000000;324.3000000;4030
TATN;5;20160811;130500;324.3500000;324.3500000;324.3500000;324.3500000;780
TATN;5;20160811;131000;324.3500000;324.3500000;324.1000000;324.1000000;710
TATN;5;20160811;131500;324.1500000;324.2500000;323.2500000;323.2500000;9430
TATN;5;20160811;132000;323.3500000;323.5000000;323.3500000;323.3500000;120
TATN;5;20160811;132500;323.4000000;323.5000000;323.2500000;323.2500000;540
TATN;5;20160811;133000;323.2000000;323.2000000;323.0000000;323.1000000;1880
TATN;5;20160811;133500;323.1000000;323.4000000;322.7500000;323.0000000;11690
TATN;5;20160811;134000;323.1000000;323.1000000;323.1000000;323.1000000;20
TATN;5;20160811;134500;323.1500000;323.6000000;323.1500000;323.6000000;2220
TATN;5;20160811;135000;323.8500000;323.8500000;323.8500000;323.8500000;40
TATN;5;20160811;135500;323.5500000;324.0500000;323.5500000;324.0500000;1950
TATN;5;20160811;140000;324.1500000;324.3500000;323.4500000;323.7000000;7610
TATN;5;20160811;141000;323.7500000;323.8500000;323.4500000;323.8500000;120
TATN;5;20160811;141500;323.8500000;323.8500000;323.6500000;323.6500000;260
TATN;5;20160811;142000;323.6500000;323.6500000;322.9000000;323.3500000;4610
TATN;5;20160811;142500;323.1500000;323.1500000;322.6000000;322.6000000;5090
TATN;5;20160811;143000;322.8500000;322.8500000;322.5000000;322.7500000;230
TATN;5;20160811;144000;323.0500000;323.0500000;322.5000000;322.5000000;7950
TATN;5;20160811;144500;322.5000000;322.5000000;322.0000000;322.1000000;8660
TATN;5;20160811;145000;322.1000000;322.1000000;321.8000000;322.0000000;4100
TATN;5;20160811;145500;321.8000000;322.5500000;321.7000000;321.8000000;14690
TATN;5;20160811;150000;322.0500000;322.0500000;321.1000000;321.2000000;9350
TATN;5;20160811;150500;321.5000000;321.8000000;321.2000000;321.4000000;4260
TATN;5;20160811;151000;321.2500000;321.5000000;321.0000000;321.4500000;12490
TATN;5;20160811;151500;321.4500000;321.9500000;321.4500000;321.7000000;2830
TATN;5;20160811;152000;321.6000000;321.7000000;321.4000000;321.4500000;6160
TATN;5;20160811;152500;321.4500000;322.1000000;321.4500000;321.8500000;10210
TATN;5;20160811;153000;321.7000000;321.7000000;321.4500000;321.5500000;1190
TATN;5;20160811;153500;321.6000000;322.3500000;321.6000000;322.2500000;6320
TATN;5;20160811;154000;322.2500000;322.4000000;322.2500000;322.4000000;1050
TATN;5;20160811;154500;322.4000000;322.5000000;322.1000000;322.1500000;3130
TATN;5;20160811;155000;322.1500000;322.9500000;322.0500000;322.9500000;14000
TATN;5;20160811;155500;322.7500000;322.9000000;322.3500000;322.5500000;4500
TATN;5;20160811;160000;322.5500000;322.7500000;322.5000000;322.5000000;1340
TATN;5;20160811;160500;322.4000000;323.7500000;322.4000000;323.0000000;10140
TATN;5;20160811;161000;323.2500000;323.2500000;323.2500000;323.2500000;20
TATN;5;20160811;161500;323.2000000;323.4000000;323.1500000;323.4000000;100
TATN;5;20160811;162000;323.5000000;323.6500000;323.3500000;323.6000000;1680
TATN;5;20160811;162500;323.3500000;323.4000000;323.0000000;323.0000000;3120
TATN;5;20160811;163000;323.0500000;323.0500000;323.0500000;323.0500000;10
TATN;5;20160811;163500;323.0500000;323.0500000;322.2000000;322.4000000;15550
TATN;5;20160811;164000;322.4000000;323.0000000;322.2500000;323.0000000;2150
TATN;5;20160811;164500;323.2000000;323.6500000;322.7000000;323.2500000;14770
TATN;5;20160811;165000;323.0500000;323.3000000;322.7500000;323.1000000;13370
TATN;5;20160811;165500;322.9000000;323.3000000;322.8500000;323.3000000;10860
TATN;5;20160811;170000;323.3500000;323.6000000;323.0000000;323.0000000;16080
TATN;5;20160811;170500;323.2500000;323.8000000;323.2500000;323.8000000;2960
TATN;5;20160811;171000;323.6500000;323.8000000;323.4500000;323.4500000;7260
TATN;5;20160811;171500;323.7500000;323.8000000;323.5000000;323.8000000;3220
TATN;5;20160811;172000;323.7000000;323.7500000;323.1000000;323.4500000;12680
TATN;5;20160811;172500;323.7000000;323.7000000;322.7500000;323.1000000;26040
TATN;5;20160811;173000;323.1000000;323.6500000;322.8500000;323.0500000;27180
TATN;5;20160811;173500;323.3000000;324.2500000;323.3000000;323.8500000;10390
TATN;5;20160811;174000;324.1000000;324.5500000;323.9000000;324.5500000;6550
TATN;5;20160811;174500;324.5500000;324.7500000;324.2000000;324.6500000;19300
TATN;5;20160811;175000;324.8000000;324.9000000;324.5500000;324.5500000;9390
TATN;5;20160811;175500;324.7000000;325.3000000;324.6000000;325.0500000;21780
TATN;5;20160811;180000;325.3000000;325.8000000;324.6500000;325.1000000;27210
TATN;5;20160811;180500;325.1500000;325.2500000;323.8500000;324.1500000;14120
TATN;5;20160811;181000;324.2000000;324.4500000;323.9000000;324.1500000;8930
TATN;5;20160811;181500;324.3000000;324.7000000;323.8500000;324.4500000;12580
TATN;5;20160811;182000;324.4500000;324.5500000;324.1500000;324.4500000;3820
TATN;5;20160811;182500;324.6500000;325.5500000;324.6500000;325.5500000;9800
TATN;5;20160811;183000;325.4000000;326.1000000;325.4000000;326.0500000;23720
TATN;5;20160811;183500;326.0500000;326.8500000;325.7500000;326.6000000;57570
TATN;5;20160811;184000;326.5500000;326.9000000;326.0500000;326.9000000;68380
TATN;5;20160811;185000;326.5000000;326.5000000;326.5000000;326.5000000;62110
TATN;5;20160812;100500;326.6500000;327.2500000;326.4500000;327.2500000;44190
TATN;5;20160812;101000;327.2500000;328.5000000;326.6000000;328.5000000;48350
TATN;5;20160812;101500;328.3500000;329.4000000;328.3500000;329.4000000;41000
TATN;5;20160812;102000;329.4500000;329.8000000;329.2000000;329.6500000;32470
TATN;5;20160812;102500;329.6000000;329.8500000;329.4000000;329.8000000;14530
TATN;5;20160812;103000;329.8000000;329.8500000;329.4500000;329.4500000;17790
TATN;5;20160812;103500;329.5000000;329.5500000;328.9000000;329.2500000;19840
TATN;5;20160812;104000;329.2500000;329.6000000;328.8500000;329.4000000;16810
TATN;5;20160812;104500;329.5500000;329.9000000;329.4000000;329.8500000;22810
TATN;5;20160812;105000;329.8000000;330.3500000;329.3500000;329.9000000;87870
TATN;5;20160812;105500;329.9000000;330.0000000;329.7500000;329.9000000;16150
TATN;5;20160812;110000;329.9500000;330.0000000;329.7000000;330.0000000;21550
TATN;5;20160812;110500;330.0000000;330.2000000;329.7500000;329.9500000;24810
TATN;5;20160812;111000;329.9500000;330.8500000;329.8500000;330.8000000;41700
TATN;5;20160812;111500;330.8500000;331.3500000;330.6500000;331.3000000;25190
TATN;5;20160812;112000;331.3000000;331.8000000;331.1500000;331.8000000;16870
TATN;5;20160812;112500;331.7000000;331.9500000;329.6500000;331.8500000;251350
TATN;5;20160812;113000;331.8000000;332.0000000;331.5000000;331.8500000;23640
TATN;5;20160812;113500;331.8500000;332.0000000;331.5000000;331.6000000;16580
TATN;5;20160812;114000;331.6000000;331.6000000;331.1500000;331.5000000;4260
TATN;5;20160812;114500;331.5500000;331.7000000;331.3500000;331.6500000;5910
TATN;5;20160812;115000;331.6500000;332.0000000;331.6500000;331.8500000;18320
TATN;5;20160812;115500;331.8500000;331.9000000;331.5500000;331.8500000;6490
TATN;5;20160812;120000;331.5500000;331.8000000;331.4000000;331.5000000;9260
TATN;5;20160812;120500;331.5000000;331.6000000;331.1500000;331.3500000;8900
TATN;5;20160812;121000;331.3000000;331.3000000;331.0500000;331.1500000;3790
TATN;5;20160812;121500;331.1500000;331.1500000;330.8500000;330.9000000;9260
TATN;5;20160812;122000;331.0000000;331.3500000;331.0000000;331.2500000;7250
TATN;5;20160812;122500;331.2500000;331.3500000;331.2500000;331.3000000;7710
TATN;5;20160812;123000;331.3000000;331.6500000;331.3000000;331.6500000;9040
TATN;5;20160812;123500;331.6500000;331.7000000;331.5000000;331.6000000;7240
TATN;5;20160812;124000;331.6000000;331.6000000;331.5000000;331.6000000;1840
TATN;5;20160812;124500;331.6000000;331.7000000;331.5500000;331.6500000;5170
TATN;5;20160812;125000;331.6500000;331.9000000;331.6000000;331.9000000;9860
TATN;5;20160812;125500;331.9000000;331.9000000;331.6000000;331.7500000;6490
TATN;5;20160812;130000;331.7500000;331.7500000;331.6000000;331.6500000;4030
TATN;5;20160812;130500;331.6500000;331.7000000;331.5500000;331.6500000;3290
TATN;5;20160812;131000;331.6500000;331.6500000;331.3000000;331.4000000;980
TATN;5;20160812;131500;331.4000000;331.7000000;331.3500000;331.7000000;3690
TATN;5;20160812;132000;331.7000000;331.8000000;331.3500000;331.3500000;5840
TATN;5;20160812;132500;331.5500000;331.5500000;331.3500000;331.4500000;2180
TATN;5;20160812;133000;331.4500000;331.7500000;331.2500000;331.4500000;7760
TATN;5;20160812;133500;331.4500000;331.4500000;331.1500000;331.2500000;3180
TATN;5;20160812;134000;331.3500000;331.4500000;331.1000000;331.4500000;380
TATN;5;20160812;134500;331.3500000;331.4500000;331.2000000;331.3500000;3570
TATN;5;20160812;135000;331.2000000;331.3500000;331.0000000;331.1500000;6220
TATN;5;20160812;135500;331.1500000;331.1500000;331.0500000;331.1500000;4190
TATN;5;20160812;140000;331.1500000;331.1500000;330.9500000;330.9500000;2460
TATN;5;20160812;140500;331.0500000;331.0500000;330.9000000;330.9500000;1300
TATN;5;20160812;141000;331.0000000;331.1500000;330.9000000;330.9000000;5220
TATN;5;20160812;141500;330.9000000;331.4000000;330.8000000;331.3500000;19500
TATN;5;20160812;142000;331.3500000;331.3500000;330.8500000;331.2000000;40310
TATN;5;20160812;142500;331.2000000;331.3000000;330.9000000;331.2000000;7780
TATN;5;20160812;143000;331.2000000;331.2000000;330.9500000;331.1000000;3900
TATN;5;20160812;143500;331.1000000;331.1000000;330.8000000;330.9000000;4140
TATN;5;20160812;144000;330.9000000;331.0000000;330.5000000;330.5000000;9920
TATN;5;20160812;144500;330.7500000;330.7500000;330.5000000;330.7000000;350
TATN;5;20160812;145000;330.7000000;330.8000000;330.5500000;330.8000000;1750
TATN;5;20160812;145500;330.8000000;330.9500000;330.6000000;330.9500000;5710
TATN;5;20160812;150000;331.0000000;331.0000000;330.8500000;331.0000000;1400
TATN;5;20160812;150500;330.9500000;331.2500000;330.7000000;331.2500000;29970
TATN;5;20160812;151000;331.2500000;331.3500000;331.2500000;331.3000000;3200
TATN;5;20160812;151500;331.3000000;331.3000000;331.0500000;331.0500000;220
TATN;5;20160812;152000;331.2000000;331.2000000;330.8500000;330.8500000;4830
TATN;5;20160812;152500;330.8000000;330.8000000;330.6000000;330.8000000;3470
TATN;5;20160812;153000;331.0000000;331.0000000;330.9500000;330.9500000;1670
TATN;5;20160812;153500;330.9000000;330.9500000;330.7000000;330.7000000;1600
TATN;5;20160812;154000;330.7000000;330.8000000;330.7000000;330.7500000;2080
TATN;5;20160812;154500;330.6000000;330.8000000;330.5500000;330.6000000;2010
TATN;5;20160812;155000;330.6500000;330.7000000;330.2000000;330.2000000;7350
TATN;5;20160812;155500;330.2500000;330.8000000;330.2500000;330.5000000;9680
TATN;5;20160812;160000;330.5000000;330.7500000;329.9000000;330.7000000;90670
TATN;5;20160812;160500;330.7500000;330.9500000;330.7500000;330.8000000;8670
TATN;5;20160812;161000;330.8000000;330.8000000;330.6000000;330.7500000;2670
TATN;5;20160812;161500;330.7500000;330.7500000;330.1500000;330.1500000;11640
TATN;5;20160812;162000;330.1500000;330.6500000;329.9000000;330.6000000;7730
TATN;5;20160812;162500;330.3500000;330.6000000;330.3500000;330.6000000;50
TATN;5;20160812;163000;330.6500000;331.0000000;330.6500000;331.0000000;7980
TATN;5;20160812;163500;331.0000000;331.0000000;330.6500000;330.8000000;8970
TATN;5;20160812;164000;330.9000000;330.9000000;330.6500000;330.7500000;2840
TATN;5;20160812;164500;330.8500000;331.0000000;330.7000000;330.7000000;9420
TATN;5;20160812;165000;330.7000000;330.8000000;330.4500000;330.6000000;4780
TATN;5;20160812;165500;330.7000000;331.0000000;330.7000000;330.8500000;12620
TATN;5;20160812;170000;330.9500000;331.2000000;330.8500000;331.2000000;4470
TATN;5;20160812;170500;331.2000000;331.2000000;330.8500000;330.8500000;11300
TATN;5;20160812;171000;330.9000000;331.3000000;330.8500000;331.1000000;13570
TATN;5;20160812;171500;331.3000000;332.3000000;331.3000000;332.1500000;78260
TATN;5;20160812;172000;332.2000000;332.3000000;331.7000000;331.7000000;11880
TATN;5;20160812;172500;331.7000000;332.3000000;331.7000000;332.3000000;16330
TATN;5;20160812;173000;332.3000000;332.5000000;332.0500000;332.5000000;17590
TATN;5;20160812;173500;332.5000000;332.7000000;332.2500000;332.4000000;12110
TATN;5;20160812;174000;332.4000000;332.4000000;331.9500000;332.1500000;3510
TATN;5;20160812;174500;332.1500000;332.5000000;332.1500000;332.4500000;4740
TATN;5;20160812;175000;332.5500000;332.7000000;332.5500000;332.6500000;15210
TATN;5;20160812;175500;332.7000000;332.8500000;332.6500000;332.8500000;10130
TATN;5;20160812;180000;332.9000000;332.9500000;331.0000000;332.2000000;60180
TATN;5;20160812;180500;332.3000000;332.5000000;331.0000000;331.5500000;31580
TATN;5;20160812;181000;331.6000000;332.3500000;331.4500000;332.3000000;14420
TATN;5;20160812;181500;332.3000000;332.4500000;332.3000000;332.4000000;2990
TATN;5;20160812;182000;332.4000000;332.5000000;332.3500000;332.4500000;8160
TATN;5;20160812;182500;332.4500000;332.7000000;332.4500000;332.5000000;11380
TATN;5;20160812;183000;332.5000000;332.8500000;332.5000000;332.8500000;12860
TATN;5;20160812;183500;332.8000000;333.1000000;332.7500000;333.0000000;30050
TATN;5;20160812;184000;332.9000000;332.9500000;331.8000000;332.1000000;48390
TATN;5;20160812;185000;332.0000000;332.0000000;332.0000000;332.0000000;84940
TATN;5;20160815;100500;332.1000000;332.1000000;330.8500000;331.6000000;34170
TATN;5;20160815;101000;331.6000000;332.1500000;331.5000000;332.1000000;16380
TATN;5;20160815;101500;331.9000000;332.7000000;331.8500000;332.2500000;31870
TATN;5;20160815;102000;332.2500000;332.2500000;331.5000000;331.5500000;13950
TATN;5;20160815;102500;331.5500000;331.5500000;331.3500000;331.4500000;11020
TATN;5;20160815;103000;331.4500000;331.5000000;331.1000000;331.1500000;5250
TATN;5;20160815;103500;331.1000000;331.7500000;331.0000000;331.7500000;11720
TATN;5;20160815;104000;331.4500000;332.3000000;331.4500000;331.9500000;8730
TATN;5;20160815;104500;331.9000000;332.3000000;331.9000000;332.0000000;1800
TATN;5;20160815;105000;332.0000000;332.7000000;332.0000000;332.7000000;7270
TATN;5;20160815;105500;332.5500000;332.5500000;331.9000000;331.9000000;6500
TATN;5;20160815;110000;331.9000000;331.9000000;331.7000000;331.7000000;1390
TATN;5;20160815;110500;331.7000000;332.1000000;331.7000000;332.1000000;180
TATN;5;20160815;111000;332.1000000;332.2000000;332.1000000;332.1500000;1300
TATN;5;20160815;111500;332.0500000;332.4000000;331.7500000;331.7500000;7060
TATN;5;20160815;112000;332.0000000;332.1500000;331.7500000;332.1500000;7280
TATN;5;20160815;112500;331.9000000;332.4000000;331.8500000;332.3500000;3710
TATN;5;20160815;113000;332.1000000;332.1000000;332.0000000;332.0000000;7960
TATN;5;20160815;113500;331.9500000;331.9500000;331.8000000;331.8000000;1680
TATN;5;20160815;114000;331.8000000;331.8000000;331.5500000;331.5500000;2550
TATN;5;20160815;114500;331.7000000;332.1500000;331.6000000;331.7000000;4620
TATN;5;20160815;115000;332.0000000;332.3000000;331.6500000;332.3000000;4330
TATN;5;20160815;115500;332.3000000;332.3000000;332.0000000;332.0000000;260
TATN;5;20160815;120000;332.0500000;332.4000000;332.0000000;332.1000000;1540
TATN;5;20160815;120500;331.8500000;332.3500000;331.8500000;332.2500000;3750
TATN;5;20160815;121000;332.3000000;332.7000000;332.3000000;332.7000000;16050
TATN;5;20160815;121500;332.7000000;332.7000000;332.1000000;332.3000000;4280
TATN;5;20160815;122000;332.3000000;332.3000000;331.7000000;331.7500000;11160
TATN;5;20160815;122500;331.7500000;331.7500000;331.7500000;331.7500000;630
TATN;5;20160815;123000;331.8000000;331.9500000;331.5000000;331.5000000;4210
TATN;5;20160815;123500;331.3500000;331.4000000;331.1500000;331.1500000;2450
TATN;5;20160815;124000;331.1500000;331.1500000;331.0500000;331.0500000;1350
TATN;5;20160815;124500;331.1500000;331.3000000;331.1500000;331.3000000;1360
TATN;5;20160815;125000;331.5000000;331.6500000;331.5000000;331.6500000;1090
TATN;5;20160815;125500;331.3500000;331.5500000;331.2000000;331.2000000;830
TATN;5;20160815;130000;331.2500000;331.7500000;331.2000000;331.7500000;8600
TATN;5;20160815;130500;331.7500000;331.9000000;331.7500000;331.9000000;5780
TATN;5;20160815;131000;331.9000000;331.9500000;331.9000000;331.9500000;5580
TATN;5;20160815;131500;331.9000000;331.9500000;331.9000000;331.9500000;1900
TATN;5;20160815;132000;331.7500000;331.9500000;331.7500000;331.8500000;180
TATN;5;20160815;132500;331.9500000;331.9500000;331.9500000;331.9500000;940
TATN;5;20160815;133000;331.9000000;332.1500000;331.9000000;332.1500000;5940
TATN;5;20160815;133500;332.1500000;332.1500000;331.8500000;331.8500000;610
TATN;5;20160815;134000;332.1000000;332.4000000;332.1000000;332.3000000;7520
TATN;5;20160815;134500;332.4000000;332.7000000;332.1500000;332.7000000;3260
TATN;5;20160815;135000;332.6500000;332.8000000;332.4500000;332.6000000;1460
TATN;5;20160815;135500;332.6500000;332.8500000;332.5500000;332.5500000;2210
TATN;5;20160815;140000;332.8000000;332.9000000;332.6500000;332.6500000;3040
TATN;5;20160815;140500;332.5500000;332.5500000;332.5000000;332.5000000;1120
TATN;5;20160815;141000;332.7500000;332.9000000;332.5500000;332.7500000;1200
TATN;5;20160815;141500;332.7500000;332.9500000;332.6000000;332.6000000;4470
TATN;5;20160815;142000;332.7000000;332.8000000;332.5000000;332.5500000;1020
TATN;5;20160815;142500;332.7000000;332.9500000;332.6500000;332.6500000;5840
TATN;5;20160815;143000;332.3500000;332.3500000;332.3500000;332.3500000;400
TATN;5;20160815;143500;332.3500000;332.3500000;332.3500000;332.3500000;10
TATN;5;20160815;144000;332.4500000;332.6500000;332.4500000;332.6500000;2400
TATN;5;20160815;144500;332.6500000;332.8500000;332.5000000;332.8500000;1920
TATN;5;20160815;145000;332.6000000;332.9500000;332.6000000;332.9000000;3040
TATN;5;20160815;145500;332.7000000;332.7000000;332.6000000;332.7000000;1820
TATN;5;20160815;150000;332.7000000;332.7000000;332.5000000;332.5000000;420
TATN;5;20160815;150500;332.6000000;332.8500000;332.6000000;332.8500000;620
TATN;5;20160815;151000;332.8500000;332.9500000;332.8500000;332.9500000;690
TATN;5;20160815;151500;332.9000000;332.9000000;332.9000000;332.9000000;120
TATN;5;20160815;152000;332.9500000;333.0000000;332.9000000;332.9000000;3560
TATN;5;20160815;152500;332.9000000;333.0000000;332.7500000;333.0000000;1190
TATN;5;20160815;153000;332.8000000;333.1500000;332.7500000;333.1500000;10580
TATN;5;20160815;153500;333.1000000;333.1500000;333.1000000;333.1000000;2010
TATN;5;20160815;154000;333.1000000;333.1000000;333.1000000;333.1000000;700
TATN;5;20160815;154500;333.1000000;333.1000000;332.6500000;332.6500000;1400
TATN;5;20160815;155000;332.9000000;332.9000000;332.5500000;332.5500000;2090
TATN;5;20160815;155500;332.5000000;332.6000000;331.8500000;332.1000000;4850
TATN;5;20160815;160000;331.8500000;332.0000000;331.4500000;331.4500000;9100
TATN;5;20160815;160500;331.6000000;332.6000000;331.6000000;332.5000000;3920
TATN;5;20160815;161000;332.6500000;332.9500000;332.6500000;332.9500000;4050
TATN;5;20160815;161500;332.8500000;333.1000000;332.8000000;332.8000000;2260
TATN;5;20160815;162000;333.0500000;333.0500000;333.0500000;333.0500000;180
TATN;5;20160815;162500;332.9000000;333.3500000;332.9000000;333.2500000;30870
TATN;5;20160815;163000;333.1500000;333.3000000;333.0000000;333.1500000;1740
TATN;5;20160815;163500;333.2000000;333.3000000;333.0000000;333.1000000;2780
TATN;5;20160815;164000;333.2500000;333.8500000;333.2500000;333.8500000;37500
TATN;5;20160815;164500;333.8500000;334.2000000;333.3500000;334.0500000;21010
TATN;5;20160815;165000;333.9000000;334.2000000;333.6500000;334.0000000;16060
TATN;5;20160815;165500;334.0000000;334.2500000;333.9500000;334.2500000;10380
TATN;5;20160815;170000;334.2000000;334.5000000;334.1000000;334.4500000;5050
TATN;5;20160815;170500;334.4500000;334.6500000;333.9000000;334.4500000;10480
TATN;5;20160815;171000;334.2500000;334.6000000;334.1500000;334.4500000;4780
TATN;5;20160815;171500;334.4500000;334.6500000;333.8000000;333.9500000;7730
TATN;5;20160815;172000;333.9500000;333.9500000;333.3500000;333.6500000;6390
TATN;5;20160815;172500;333.8500000;334.6500000;333.8000000;334.6000000;8740
TATN;5;20160815;173000;334.6000000;334.6500000;334.5000000;334.5000000;5190
TATN;5;20160815;173500;334.6500000;334.6500000;334.4000000;334.4000000;1590
TATN;5;20160815;174000;334.4000000;334.6500000;334.0000000;334.6500000;4340
TATN;5;20160815;174500;334.6500000;334.6500000;334.5000000;334.6500000;4900
TATN;5;20160815;175000;334.6500000;334.8000000;334.5500000;334.7500000;9050
TATN;5;20160815;175500;334.8000000;334.9000000;334.8000000;334.9000000;2380
TATN;5;20160815;180000;334.9000000;334.9000000;334.7500000;334.7500000;1780
TATN;5;20160815;180500;334.7500000;334.9500000;334.6500000;334.6500000;4640
TATN;5;20160815;181000;334.6500000;334.7500000;334.5000000;334.6000000;1200
TATN;5;20160815;181500;334.5000000;334.5500000;334.3500000;334.4500000;2040
TATN;5;20160815;182000;334.3500000;335.0000000;334.3500000;334.9000000;7430
TATN;5;20160815;182500;334.9500000;335.2500000;334.9000000;335.2000000;33890
TATN;5;20160815;183000;335.0500000;335.4500000;335.0000000;335.4000000;22450
TATN;5;20160815;183500;335.4000000;335.8500000;333.6500000;333.9000000;114810
TATN;5;20160815;184000;333.8500000;334.1500000;332.2000000;332.4500000;99360
TATN;5;20160815;185000;332.6000000;332.6000000;332.6000000;332.6000000;19770
TATN;5;20160816;100500;332.0500000;333.1000000;331.5000000;332.6500000;10780
TATN;5;20160816;101000;332.4500000;332.6000000;331.4500000;332.5000000;18040
TATN;5;20160816;101500;332.5500000;333.0000000;331.9500000;332.0500000;14640
TATN;5;20160816;102000;331.9000000;332.0000000;331.5500000;331.6000000;4560
TATN;5;20160816;102500;331.6000000;332.6500000;331.5500000;332.5000000;9790
TATN;5;20160816;103000;332.6500000;333.4500000;332.5000000;333.4500000;17490
TATN;5;20160816;103500;333.4500000;333.6500000;333.2000000;333.6500000;12570
TATN;5;20160816;104000;333.7000000;334.0000000;333.7000000;334.0000000;10580
TATN;5;20160816;104500;334.0000000;334.6000000;333.5000000;334.4000000;11910
TATN;5;20160816;105000;334.5500000;334.5500000;334.1000000;334.3500000;6570
TATN;5;20160816;105500;334.3500000;334.9000000;334.3000000;334.8500000;10220
TATN;5;20160816;110000;334.9000000;335.6500000;334.8500000;335.3500000;21640
TATN;5;20160816;110500;335.3000000;335.5000000;334.2000000;334.3500000;9800
TATN;5;20160816;111000;334.5000000;335.0000000;334.5000000;334.5000000;5880
TATN;5;20160816;111500;334.5500000;334.5500000;333.5000000;333.5000000;6700
TATN;5;20160816;112000;333.5000000;333.7500000;333.5000000;333.7500000;2120
TATN;5;20160816;112500;333.7500000;333.7500000;333.1500000;333.4500000;29540
TATN;5;20160816;113000;333.4500000;333.7000000;333.2000000;333.6000000;9640
TATN;5;20160816;113500;333.7000000;333.8500000;333.5000000;333.6500000;5180
TATN;5;20160816;114000;333.6000000;334.4000000;333.6000000;334.3000000;1390
TATN;5;20160816;114500;334.4000000;335.6000000;334.4000000;335.6000000;15250
TATN;5;20160816;115000;335.6000000;335.6000000;334.5000000;335.0500000;9700
TATN;5;20160816;115500;335.1500000;335.1500000;334.2000000;334.9500000;8670
TATN;5;20160816;120000;335.0000000;335.8000000;334.7000000;335.6500000;5290
TATN;5;20160816;120500;335.6500000;335.8500000;335.6500000;335.8500000;9610
TATN;5;20160816;121000;335.8500000;336.0500000;335.8500000;336.0000000;13490
TATN;5;20160816;121500;336.0500000;336.0500000;336.0000000;336.0500000;7510
TATN;5;20160816;122000;336.0500000;336.3500000;335.8000000;336.0500000;14850
TATN;5;20160816;122500;335.9500000;335.9500000;335.1500000;335.4500000;4130
TATN;5;20160816;123000;335.4500000;335.8000000;335.2500000;335.7000000;37100
TATN;5;20160816;123500;335.3500000;335.8000000;335.3000000;335.5500000;15220
TATN;5;20160816;124000;335.5500000;335.8000000;335.4000000;335.8000000;4730
TATN;5;20160816;124500;335.8000000;335.8000000;335.4000000;335.4000000;6090
TATN;5;20160816;125000;335.4500000;335.4500000;335.0500000;335.2000000;7100
TATN;5;20160816;125500;335.2000000;335.3000000;334.9500000;334.9500000;4760
TATN;5;20160816;130000;335.3000000;335.3000000;334.8000000;334.8000000;6620
TATN;5;20160816;130500;334.7000000;334.9500000;334.5000000;334.8000000;4330
TATN;5;20160816;131000;334.8000000;335.0000000;334.5000000;334.5500000;6520
TATN;5;20160816;131500;334.6500000;334.9500000;334.3500000;334.6000000;2800
TATN;5;20160816;132000;334.6500000;335.0000000;334.4000000;334.9500000;1060
TATN;5;20160816;132500;334.9500000;335.0500000;334.6500000;335.0500000;4490
TATN;5;20160816;133000;335.0500000;335.0500000;334.8000000;334.9000000;1960
TATN;5;20160816;133500;335.0000000;335.0000000;334.5000000;334.8000000;5920
TATN;5;20160816;134000;334.8000000;334.8000000;334.6000000;334.7500000;1620
TATN;5;20160816;134500;334.8000000;334.8000000;334.0500000;334.0500000;4940
TATN;5;20160816;135000;334.0500000;334.3500000;334.0500000;334.3500000;120
TATN;5;20160816;135500;334.3500000;334.4000000;333.7000000;333.9000000;7710
TATN;5;20160816;140000;333.9000000;333.9000000;333.6000000;333.9000000;4340
TATN;5;20160816;140500;333.9000000;333.9000000;333.9000000;333.9000000;110
TATN;5;20160816;141000;333.6500000;334.1500000;333.6500000;334.1500000;1460
TATN;5;20160816;141500;334.1500000;334.3500000;333.9000000;334.1500000;3350
TATN;5;20160816;142000;334.1500000;334.2000000;333.8500000;334.0500000;1760
TATN;5;20160816;142500;334.0500000;334.6000000;334.0500000;334.4000000;24310
TATN;5;20160816;143000;334.2000000;334.8500000;334.1500000;334.8500000;2370
TATN;5;20160816;143500;334.8000000;334.9000000;334.6000000;334.8500000;3500
TATN;5;20160816;144000;334.8500000;334.9000000;334.6000000;334.8500000;210
TATN;5;20160816;144500;334.8500000;335.2500000;334.6000000;335.2500000;5330
TATN;5;20160816;145000;335.3000000;335.3000000;334.9000000;335.2500000;2260
TATN;5;20160816;145500;335.2500000;335.2500000;334.9500000;335.2500000;2160
TATN;5;20160816;150000;335.0000000;335.0000000;334.0000000;334.7500000;2130
TATN;5;20160816;150500;334.9000000;335.0000000;334.7000000;334.9000000;620
TATN;5;20160816;151000;334.9000000;334.9000000;334.5000000;334.5000000;3760
TATN;5;20160816;151500;334.5000000;334.8500000;334.5000000;334.7000000;450
TATN;5;20160816;152000;334.8500000;335.1000000;334.6000000;335.1000000;1380
TATN;5;20160816;152500;335.1000000;335.2500000;335.1000000;335.2500000;1300
TATN;5;20160816;153000;335.2500000;335.2500000;335.1000000;335.2000000;810
TATN;5;20160816;153500;335.2000000;335.2000000;334.6000000;335.0000000;6270
TATN;5;20160816;154000;335.1000000;335.1000000;334.3000000;334.5000000;5770
TATN;5;20160816;154500;334.3500000;334.8000000;333.7500000;334.7000000;8730
TATN;5;20160816;155000;334.7000000;334.8500000;333.6500000;334.0000000;16750
TATN;5;20160816;155500;333.9000000;334.0000000;333.5500000;333.9500000;34310
TATN;5;20160816;160000;334.0000000;334.0000000;333.7500000;334.0000000;4820
TATN;5;20160816;160500;334.0000000;334.5000000;333.4500000;334.4000000;8430
TATN;5;20160816;161000;334.4000000;334.4000000;334.2000000;334.4000000;770
TATN;5;20160816;161500;334.4000000;334.9500000;334.4000000;334.9500000;2350
TATN;5;20160816;162000;335.0000000;335.4000000;334.8500000;335.3500000;7240
TATN;5;20160816;162500;335.2000000;335.4000000;335.2000000;335.4000000;3380
TATN;5;20160816;163000;335.4000000;335.5000000;334.8000000;335.0500000;6330
TATN;5;20160816;163500;335.0500000;335.7000000;334.6500000;334.8500000;8550
TATN;5;20160816;164000;334.7000000;335.3500000;334.2000000;335.3500000;9070
TATN;5;20160816;164500;335.1000000;335.4000000;334.8000000;335.3500000;4870
TATN;5;20160816;165000;335.1500000;335.5000000;335.1500000;335.5000000;2340
TATN;5;20160816;165500;335.5000000;335.8000000;335.4000000;335.7500000;8700
TATN;5;20160816;170000;335.8000000;335.9500000;335.6500000;335.9500000;5040
TATN;5;20160816;170500;335.9000000;335.9000000;335.5000000;335.9000000;4570
TATN;5;20160816;171000;335.9000000;335.9000000;335.8500000;335.9000000;3210
TATN;5;20160816;171500;335.9000000;335.9500000;335.4000000;335.6500000;6650
TATN;5;20160816;172000;335.7500000;335.8000000;335.1500000;335.2000000;10080
TATN;5;20160816;172500;335.4000000;335.4000000;335.2500000;335.3500000;210
TATN;5;20160816;173000;335.4000000;335.4000000;334.5000000;334.9000000;12170
TATN;5;20160816;173500;334.9000000;334.9000000;334.5500000;334.5500000;4580
TATN;5;20160816;174000;334.4000000;334.4500000;334.1500000;334.4500000;3760
TATN;5;20160816;174500;334.5500000;334.7000000;334.4000000;334.7000000;1260
TATN;5;20160816;175000;334.7500000;334.9000000;334.5000000;334.8500000;8770
TATN;5;20160816;175500;334.6500000;334.9000000;334.4500000;334.9000000;5130
TATN;5;20160816;180000;334.8000000;334.8500000;334.6000000;334.8500000;3630
TATN;5;20160816;180500;334.8500000;334.9000000;334.7500000;334.8500000;2840
TATN;5;20160816;181000;334.9000000;335.0000000;334.8500000;334.9500000;3500
TATN;5;20160816;181500;335.0000000;335.0000000;334.9500000;335.0000000;11950
TATN;5;20160816;182000;335.0000000;335.0000000;334.9500000;335.0000000;7120
TATN;5;20160816;182500;335.0000000;335.5000000;334.5500000;334.8500000;41540
TATN;5;20160816;183000;334.8500000;335.9000000;334.6500000;335.8000000;32870
TATN;5;20160816;183500;335.8000000;336.2000000;335.3500000;336.1500000;30330
TATN;5;20160816;184000;336.1500000;337.5000000;335.6000000;337.4000000;122050
TATN;5;20160816;185000;337.8500000;337.8500000;337.8500000;337.8500000;91090
TATN;5;20160817;100500;337.8500000;337.8500000;334.8000000;335.9000000;29610
TATN;5;20160817;101000;336.0500000;336.4500000;335.5500000;335.7000000;6560
TATN;5;20160817;101500;335.7000000;335.8500000;335.6500000;335.7000000;4990
TATN;5;20160817;102000;335.7000000;336.3000000;335.7000000;336.1500000;7930
TATN;5;20160817;102500;336.1500000;336.3000000;336.0500000;336.2500000;4170
TATN;5;20160817;103000;336.2500000;336.6500000;336.1000000;336.6500000;7850
TATN;5;20160817;103500;336.5500000;336.7500000;336.3000000;336.4500000;7650
TATN;5;20160817;104000;336.6000000;336.6500000;336.0500000;336.1000000;6170
TATN;5;20160817;104500;336.1000000;336.3500000;336.1000000;336.1500000;3620
TATN;5;20160817;105000;336.1500000;336.3000000;336.0500000;336.0500000;2450
TATN;5;20160817;105500;336.0500000;336.3500000;335.5500000;335.6000000;7310
TATN;5;20160817;110000;335.6000000;335.9000000;335.5000000;335.8500000;1260
TATN;5;20160817;110500;335.8500000;336.0000000;335.1500000;335.2000000;5330
TATN;5;20160817;111000;335.2000000;335.6000000;335.2000000;335.6000000;1010
TATN;5;20160817;111500;335.6000000;336.0000000;335.6000000;336.0000000;520
TATN;5;20160817;112000;336.0000000;336.0000000;335.4500000;335.4500000;4050
TATN;5;20160817;112500;335.4500000;335.4500000;334.6000000;334.6500000;24190
TATN;5;20160817;113000;334.6500000;335.2000000;334.6500000;334.9500000;230
TATN;5;20160817;113500;335.0000000;335.3500000;335.0000000;335.1000000;1010
TATN;5;20160817;114000;335.1000000;335.4500000;335.0500000;335.1000000;300
TATN;5;20160817;114500;335.1000000;335.3500000;335.1000000;335.2000000;760
TATN;5;20160817;115000;335.0500000;335.2500000;334.7500000;334.8500000;3080
TATN;5;20160817;115500;334.8500000;334.9500000;334.8500000;334.9500000;950
TATN;5;20160817;120000;335.0500000;335.1500000;334.9000000;334.9000000;820
TATN;5;20160817;120500;334.9000000;335.4000000;334.8000000;335.2500000;12570
TATN;5;20160817;121000;335.2500000;335.4000000;335.2500000;335.3500000;3070
TATN;5;20160817;121500;335.3500000;335.4000000;335.1500000;335.1500000;2860
TATN;5;20160817;122000;335.1500000;335.4000000;335.1500000;335.3000000;870
TATN;5;20160817;122500;335.3000000;335.3500000;335.0000000;335.0500000;1170
TATN;5;20160817;123000;335.0000000;335.5500000;335.0000000;335.4500000;13250
TATN;5;20160817;123500;335.4500000;335.8500000;335.4500000;335.8000000;2930
TATN;5;20160817;124000;335.5500000;335.7000000;335.2000000;335.2000000;730
TATN;5;20160817;124500;335.5000000;335.5000000;334.1500000;334.1500000;23700
TATN;5;20160817;125000;334.2000000;334.6000000;334.1500000;334.2000000;2480
TATN;5;20160817;125500;334.2000000;334.9500000;334.2000000;334.5000000;6200
TATN;5;20160817;130000;334.6000000;334.7500000;334.5000000;334.5000000;1410
TATN;5;20160817;130500;334.5500000;334.7500000;334.1000000;334.1000000;6320
TATN;5;20160817;131000;334.1000000;334.1000000;332.4500000;332.5000000;20190
TATN;5;20160817;131500;332.5000000;332.8500000;332.4500000;332.6000000;3510
TATN;5;20160817;132000;332.8500000;333.0500000;332.6000000;332.7500000;2240
TATN;5;20160817;132500;332.7500000;332.8000000;332.7500000;332.8000000;1420
TATN;5;20160817;133000;332.7500000;332.9500000;332.7500000;332.8000000;800
TATN;5;20160817;133500;332.8000000;333.3500000;332.8000000;332.9500000;3760
TATN;5;20160817;134000;332.9500000;333.0500000;332.9500000;333.0500000;240
TATN;5;20160817;134500;333.0500000;333.3500000;333.0500000;333.2000000;510
TATN;5;20160817;135000;333.0000000;333.2000000;333.0000000;333.0000000;180
TATN;5;20160817;135500;333.0000000;333.0500000;332.7500000;332.7500000;3500
TATN;5;20160817;140000;332.7500000;332.7500000;332.6000000;332.6000000;4470
TATN;5;20160817;140500;332.6000000;332.6000000;332.5000000;332.5500000;5350
TATN;5;20160817;141000;332.6000000;332.7500000;332.6000000;332.6500000;240
TATN;5;20160817;141500;332.6500000;333.3500000;332.6500000;332.8500000;2940
TATN;5;20160817;142000;332.7000000;332.8500000;332.7000000;332.8000000;120
TATN;5;20160817;142500;332.8000000;334.2500000;332.8000000;334.1500000;9100
TATN;5;20160817;143000;334.2500000;335.1000000;333.9500000;334.7000000;13560
TATN;5;20160817;143500;334.7000000;334.9000000;333.8000000;333.8000000;14590
TATN;5;20160817;144000;333.9000000;334.8500000;333.7500000;334.3500000;26380
TATN;5;20160817;144500;334.3500000;335.1000000;334.3500000;334.9500000;17200
TATN;5;20160817;145000;335.0000000;335.1500000;334.6500000;334.8000000;8650
TATN;5;20160817;145500;334.8000000;335.0500000;334.7000000;334.8000000;12520
TATN;5;20160817;150000;335.0000000;335.1500000;334.6500000;334.6500000;5070
TATN;5;20160817;150500;334.6500000;335.3500000;333.6500000;333.8500000;25340
TATN;5;20160817;151000;333.8500000;333.8500000;333.7000000;333.7500000;340
TATN;5;20160817;151500;333.7500000;333.9500000;333.6500000;333.6500000;1370
TATN;5;20160817;152000;333.6500000;334.2500000;333.6500000;333.7000000;3360
TATN;5;20160817;152500;333.7000000;334.5500000;333.7000000;334.5500000;4440
TATN;5;20160817;153000;334.5500000;334.5500000;333.8000000;333.8500000;2920
TATN;5;20160817;153500;333.7500000;334.1000000;333.7000000;334.1000000;1100
TATN;5;20160817;154000;333.8000000;334.2500000;333.7000000;333.8500000;2830
TATN;5;20160817;154500;334.1000000;334.8000000;334.1000000;334.8000000;5690
TATN;5;20160817;155000;334.5000000;334.8000000;334.0000000;334.0000000;7630
TATN;5;20160817;155500;334.0000000;334.2000000;334.0000000;334.2000000;120
TATN;5;20160817;160000;334.3000000;334.8000000;334.2500000;334.3500000;4520
TATN;5;20160817;160500;334.7000000;334.8000000;334.0000000;334.0000000;6910
TATN;5;20160817;161000;334.0000000;334.0500000;333.9000000;334.0000000;4550
TATN;5;20160817;161500;334.0500000;334.0500000;333.5000000;333.5500000;33100
TATN;5;20160817;162000;333.5500000;333.5500000;333.5000000;333.5500000;1330
TATN;5;20160817;162500;333.5500000;333.5500000;333.1000000;333.2500000;4120
TATN;5;20160817;163000;333.2500000;333.3500000;333.1000000;333.1500000;3340
TATN;5;20160817;163500;333.2000000;333.2000000;333.1500000;333.1500000;1930
TATN;5;20160817;164000;333.1500000;333.2000000;333.1500000;333.2000000;1320
TATN;5;20160817;164500;333.2500000;333.8500000;333.2500000;333.8000000;2720
TATN;5;20160817;165000;333.8000000;333.9500000;333.6000000;333.9500000;2680
TATN;5;20160817;165500;333.8000000;334.0500000;333.2000000;333.5500000;7850
TATN;5;20160817;170000;333.3000000;333.6500000;332.8000000;332.8000000;12160
TATN;5;20160817;170500;332.8000000;333.1000000;332.5000000;332.5000000;37230
TATN;5;20160817;171000;332.5000000;332.6000000;332.0500000;332.0500000;14980
TATN;5;20160817;171500;332.1000000;332.6000000;332.0500000;332.4000000;3460
TATN;5;20160817;172000;332.5000000;333.3500000;332.4500000;332.9500000;2930
TATN;5;20160817;172500;332.9500000;333.3500000;332.9500000;333.1000000;4890
TATN;5;20160817;173000;333.1000000;333.3500000;332.7500000;332.7500000;4560
TATN;5;20160817;173500;333.1500000;334.4500000;332.7500000;334.4500000;7920
TATN;5;20160817;174000;334.4500000;335.5000000;334.4500000;334.9500000;7600
TATN;5;20160817;174500;334.7500000;334.7500000;332.4000000;332.5500000;21910
TATN;5;20160817;175000;332.4500000;333.7500000;332.4500000;333.4500000;4500
TATN;5;20160817;175500;333.8000000;334.0000000;333.5000000;333.8500000;4120
TATN;5;20160817;180000;334.0000000;335.0000000;334.0000000;334.7000000;8190
TATN;5;20160817;180500;334.5000000;335.0000000;334.5000000;335.0000000;2990
TATN;5;20160817;181000;334.7500000;335.1000000;334.7000000;335.0500000;5320
TATN;5;20160817;181500;335.0500000;335.2000000;334.9000000;335.2000000;6300
TATN;5;20160817;182000;335.2000000;335.3000000;335.0000000;335.3000000;7740
TATN;5;20160817;182500;335.3000000;335.3000000;334.7000000;335.0000000;5960
TATN;5;20160817;183000;335.1000000;335.1500000;333.9000000;333.9000000;11830
TATN;5;20160817;183500;333.9500000;334.6000000;333.5000000;333.7500000;15230
TATN;5;20160817;184000;333.7500000;333.7500000;332.0000000;332.0000000;85240
TATN;5;20160817;185000;334.6000000;334.6000000;334.6000000;334.6000000;122590
TATN;5;20160818;100500;335.2000000;335.5000000;333.7000000;333.7500000;9080
TATN;5;20160818;101000;333.9500000;335.0500000;333.9500000;335.0500000;6920
TATN;5;20160818;101500;335.0000000;335.0000000;334.0500000;334.0500000;4200
TATN;5;20160818;102000;334.0500000;334.2000000;333.9000000;333.9000000;2770
TATN;5;20160818;102500;333.8500000;334.2500000;333.8500000;333.9000000;6400
TATN;5;20160818;103000;334.1000000;334.5000000;334.0000000;334.1000000;5580
TATN;5;20160818;103500;334.3500000;334.5000000;334.3500000;334.5000000;3260
TATN;5;20160818;104000;334.5000000;334.5000000;334.4500000;334.5000000;4800
TATN;5;20160818;104500;334.5000000;334.5000000;334.2000000;334.2000000;3380
TATN;5;20160818;105000;334.1000000;334.5000000;334.1000000;334.3500000;7480
TATN;5;20160818;105500;334.3500000;334.5000000;334.3500000;334.4500000;960
TATN;5;20160818;110000;334.4500000;334.4500000;334.3000000;334.3000000;2710
TATN;5;20160818;110500;334.3000000;334.5000000;334.2500000;334.5000000;2300
TATN;5;20160818;111000;334.3000000;334.5000000;334.1000000;334.4000000;3330
TATN;5;20160818;111500;334.4000000;334.5000000;334.3500000;334.5000000;1900
TATN;5;20160818;112000;334.4500000;334.9000000;334.4500000;334.9000000;21360
TATN;5;20160818;112500;334.8000000;335.1000000;334.8000000;335.0000000;2860
TATN;5;20160818;113000;334.9000000;335.1000000;334.9000000;335.0500000;5480
TATN;5;20160818;113500;334.6500000;335.1000000;334.0500000;334.2000000;4460
TATN;5;20160818;114000;334.2000000;334.4000000;334.1000000;334.4000000;2580
TATN;5;20160818;114500;334.4000000;334.6000000;334.1500000;334.4000000;2540
TATN;5;20160818;115000;334.5500000;334.9000000;334.5500000;334.9000000;1410
TATN;5;20160818;115500;334.8000000;334.8500000;333.9500000;334.3000000;3310
TATN;5;20160818;120000;334.5500000;334.6000000;334.2000000;334.2000000;2170
TATN;5;20160818;120500;334.3500000;334.4000000;334.3000000;334.4000000;1310
TATN;5;20160818;121000;334.4500000;334.5500000;334.0000000;334.0000000;2680
TATN;5;20160818;121500;334.1000000;334.2000000;333.9000000;334.2000000;250
TATN;5;20160818;122000;333.9500000;333.9500000;333.7000000;333.7000000;1950
TATN;5;20160818;122500;333.6500000;334.5000000;333.6000000;334.5000000;3750
TATN;5;20160818;123000;334.5000000;334.6000000;334.5000000;334.6000000;290
TATN;5;20160818;123500;334.6000000;334.6500000;334.6000000;334.6500000;130
TATN;5;20160818;124000;334.6500000;335.0500000;334.6500000;335.0500000;1660
TATN;5;20160818;124500;334.9500000;335.0500000;334.4500000;334.4500000;4170
TATN;5;20160818;125000;334.4500000;334.7500000;334.4000000;334.5000000;800
TATN;5;20160818;130000;334.7500000;334.7500000;334.6500000;334.6500000;540
TATN;5;20160818;131500;334.4000000;334.4000000;334.3000000;334.3000000;2650
TATN;5;20160818;132000;334.3000000;334.3000000;334.3000000;334.3000000;350
TATN;5;20160818;132500;334.1000000;334.1000000;334.1000000;334.1000000;310
TATN;5;20160818;133000;334.1000000;334.1000000;334.0000000;334.0000000;70
TATN;5;20160818;133500;333.9000000;333.9000000;333.9000000;333.9000000;10
TATN;5;20160818;134000;333.9000000;334.2500000;333.9000000;334.2500000;230
TATN;5;20160818;134500;333.9500000;333.9500000;333.4000000;333.4000000;5180
TATN;5;20160818;135000;333.3500000;333.3500000;333.3000000;333.3000000;340
TATN;5;20160818;135500;333.3500000;333.3500000;333.3000000;333.3000000;110
TATN;5;20160818;141000;333.4500000;333.6500000;333.4500000;333.6500000;1050
TATN;5;20160818;141500;333.7500000;334.2500000;333.7500000;334.2500000;1480
TATN;5;20160818;142000;334.0500000;334.0500000;333.7000000;333.7000000;1750
TATN;5;20160818;142500;333.7500000;333.9500000;333.6000000;333.9500000;420
TATN;5;20160818;143000;334.0000000;334.2000000;334.0000000;334.2000000;970
TATN;5;20160818;143500;334.3000000;334.5500000;334.3000000;334.4500000;1290
TATN;5;20160818;144000;334.3500000;334.3500000;334.3500000;334.3500000;120
TATN;5;20160818;145500;334.3500000;334.4000000;334.1500000;334.4000000;590
TATN;5;20160818;150000;334.3500000;334.9000000;334.2000000;334.3500000;7140
TATN;5;20160818;150500;334.3000000;334.7000000;334.3000000;334.7000000;560
TATN;5;20160818;151000;334.5500000;334.5500000;334.1500000;334.2000000;2390
TATN;5;20160818;151500;334.6500000;334.7000000;334.4000000;334.7000000;840
TATN;5;20160818;152000;334.5000000;334.8000000;334.3000000;334.3000000;660
TATN;5;20160818;152500;334.3500000;334.3500000;334.3500000;334.3500000;20
TATN;5;20160818;153000;334.3500000;334.4500000;334.1000000;334.4500000;1160
TATN;5;20160818;153500;334.5000000;334.6500000;334.5000000;334.5000000;290
TATN;5;20160818;154000;334.7000000;334.7000000;333.5500000;334.6000000;14980
TATN;5;20160818;154500;334.2500000;334.4500000;334.2500000;334.4500000;210
TATN;5;20160818;155000;334.4000000;334.4500000;334.0500000;334.0500000;2560
TATN;5;20160818;155500;334.3000000;334.9000000;334.3000000;334.9000000;4070
TATN;5;20160818;160000;334.9000000;334.9000000;334.3000000;334.3000000;730
TATN;5;20160818;160500;334.2500000;334.2500000;333.6000000;334.0500000;3080
TATN;5;20160818;161000;334.0500000;334.6000000;334.0500000;334.6000000;3990
TATN;5;20160818;161500;334.6000000;334.6000000;334.2000000;334.5000000;850
TATN;5;20160818;162000;334.4000000;334.5500000;334.2000000;334.2000000;6140
TATN;5;20160818;162500;334.2000000;334.2000000;333.7000000;333.7000000;2640
TATN;5;20160818;163000;333.9500000;334.2500000;333.7500000;333.7500000;8500
TATN;5;20160818;163500;333.9500000;334.0000000;333.6500000;333.6500000;3180
TATN;5;20160818;164000;333.6500000;333.7000000;333.4500000;333.6000000;2890
TATN;5;20160818;164500;333.5000000;333.5000000;332.3000000;332.3000000;34950
TATN;5;20160818;165000;332.3000000;332.4500000;332.1000000;332.3000000;8790
TATN;5;20160818;165500;332.1500000;332.5000000;332.1500000;332.2000000;1810
TATN;5;20160818;170000;332.3500000;332.5000000;332.3500000;332.3500000;250
TATN;5;20160818;170500;332.3500000;333.1000000;332.2000000;333.1000000;2670
TATN;5;20160818;171000;333.1000000;333.1000000;332.1500000;332.3500000;3130
TATN;5;20160818;171500;332.1500000;332.4500000;332.1500000;332.4500000;4080
TATN;5;20160818;172000;332.3500000;332.5500000;332.3500000;332.3500000;3870
TATN;5;20160818;172500;332.3500000;332.5000000;332.1000000;332.2500000;15360
TATN;5;20160818;173000;332.3000000;332.5500000;332.1500000;332.2500000;4440
TATN;5;20160818;173500;332.4500000;333.9500000;332.4500000;333.5500000;7730
TATN;5;20160818;174000;333.2500000;333.9000000;333.0500000;333.0500000;4350
TATN;5;20160818;174500;333.0500000;333.3500000;332.3000000;333.1500000;17640
TATN;5;20160818;175000;332.9500000;333.2500000;332.9500000;333.0500000;570
TATN;5;20160818;175500;333.2500000;333.2500000;333.0000000;333.0000000;2410
TATN;5;20160818;180000;333.1500000;333.7500000;333.0000000;333.7500000;8140
TATN;5;20160818;180500;333.5000000;333.9500000;333.5000000;333.9500000;6800
TATN;5;20160818;181000;333.8000000;333.9500000;333.8000000;333.9500000;1490
TATN;5;20160818;181500;333.8500000;334.2000000;333.5000000;334.0500000;2550
TATN;5;20160818;182000;333.9000000;334.2000000;333.9000000;334.0000000;4140
TATN;5;20160818;182500;334.0000000;334.1000000;333.8500000;334.1000000;630
TATN;5;20160818;183000;334.0000000;334.1500000;334.0000000;334.1500000;1870
TATN;5;20160818;183500;334.0500000;334.1500000;333.7500000;334.1000000;8010
TATN;5;20160818;184000;334.1000000;334.5000000;333.9500000;334.4500000;19010
TATN;5;20160818;185000;335.0000000;335.0000000;335.0000000;335.0000000;32710
TATN;5;20160819;100500;334.0000000;334.6500000;333.8000000;334.1500000;49220
TATN;5;20160819;101000;334.0500000;334.3000000;333.6000000;333.9500000;18070
TATN;5;20160819;101500;333.8500000;334.1000000;333.2500000;333.3500000;17180
TATN;5;20160819;102000;333.3500000;333.4000000;332.3000000;333.1000000;14900
TATN;5;20160819;102500;333.1000000;333.6500000;332.8500000;333.4000000;1410
TATN;5;20160819;103000;333.4000000;333.4000000;332.9000000;333.0500000;2610
TATN;5;20160819;103500;333.0500000;333.1000000;332.5000000;332.5000000;6780
TATN;5;20160819;104000;332.5000000;333.0000000;332.5000000;333.0000000;23670
TATN;5;20160819;104500;333.0000000;333.7000000;333.0000000;333.7000000;4110
TATN;5;20160819;105000;333.7000000;333.8500000;333.3000000;333.5000000;2040
TATN;5;20160819;105500;333.5000000;333.5000000;333.0500000;333.5000000;16000
TATN;5;20160819;110000;333.5000000;333.8000000;333.2000000;333.7500000;5870
TATN;5;20160819;110500;333.7500000;333.9000000;333.3500000;333.8500000;8470
TATN;5;20160819;111000;333.8000000;333.9000000;333.1000000;333.3500000;4880
TATN;5;20160819;111500;333.3500000;333.3500000;332.9000000;333.2500000;850
TATN;5;20160819;112000;333.0500000;333.5500000;332.3000000;332.6500000;55080
TATN;5;20160819;112500;332.6000000;333.2500000;332.5000000;332.8000000;5410
TATN;5;20160819;113000;333.0000000;333.0000000;332.2000000;332.4500000;5420
TATN;5;20160819;113500;332.7000000;332.7000000;330.7500000;331.0500000;44890
TATN;5;20160819;114000;331.0500000;331.1000000;330.6000000;330.8500000;10100
TATN;5;20160819;114500;330.7500000;331.1000000;330.5500000;330.7000000;10470
TATN;5;20160819;115000;330.5500000;330.7500000;330.4000000;330.7000000;3900
TATN;5;20160819;115500;330.7000000;330.7000000;330.2000000;330.4000000;7550
TATN;5;20160819;120000;330.2000000;330.5500000;330.0000000;330.3000000;27550
TATN;5;20160819;120500;330.3000000;330.3000000;329.3000000;329.7000000;22100
TATN;5;20160819;121000;329.7000000;330.1500000;329.6000000;330.1500000;5690
TATN;5;20160819;121500;330.2000000;330.8000000;329.9000000;330.6500000;5580
TATN;5;20160819;122000;330.6500000;331.4000000;330.2500000;331.4000000;7130
TATN;5;20160819;122500;331.2500000;331.4000000;330.8500000;331.0500000;5950
TATN;5;20160819;123000;330.8500000;331.0500000;330.1500000;330.1500000;7100
TATN;5;20160819;123500;330.1500000;330.5500000;330.1000000;330.4500000;6550
TATN;5;20160819;124000;330.4500000;330.5000000;330.0000000;330.3000000;16250
TATN;5;20160819;124500;330.3000000;330.3500000;330.0500000;330.3500000;210
TATN;5;20160819;125000;330.3500000;330.7000000;330.2500000;330.6000000;3160
TATN;5;20160819;125500;330.6000000;330.6000000;330.3000000;330.3500000;2630
TATN;5;20160819;130000;330.5500000;330.5500000;330.1500000;330.3500000;260
TATN;5;20160819;130500;330.3500000;330.4000000;330.0500000;330.2500000;860
TATN;5;20160819;131000;330.1500000;330.2500000;330.0000000;330.2500000;1230
TATN;5;20160819;131500;330.2500000;330.5000000;330.0000000;330.5000000;18920
TATN;5;20160819;132000;330.7500000;331.3000000;330.6500000;330.7500000;2200
TATN;5;20160819;132500;330.9000000;330.9500000;330.4000000;330.6000000;1440
TATN;5;20160819;133000;330.4000000;330.6000000;330.3500000;330.3500000;3150
TATN;5;20160819;133500;330.2000000;331.1500000;330.1000000;330.4000000;12350
TATN;5;20160819;134000;330.4000000;330.9500000;330.1000000;330.6000000;10440
TATN;5;20160819;134500;330.6000000;330.9000000;330.3500000;330.9000000;1590
TATN;5;20160819;135000;330.9000000;330.9000000;330.5000000;330.5000000;1220
TATN;5;20160819;135500;330.7000000;330.7000000;330.3500000;330.3500000;790
TATN;5;20160819;140000;330.1500000;330.3500000;330.1000000;330.1000000;2270
TATN;5;20160819;140500;330.1000000;330.2000000;329.5500000;329.6500000;8620
TATN;5;20160819;141000;329.5500000;329.7500000;329.5500000;329.7000000;2000
TATN;5;20160819;141500;329.7000000;330.3000000;329.6000000;330.2500000;8820
TATN;5;20160819;142000;330.2500000;330.2500000;330.0500000;330.1000000;630
TATN;5;20160819;142500;330.2000000;330.2000000;330.0500000;330.0500000;680
TATN;5;20160819;143000;330.0500000;330.0500000;329.6000000;329.6500000;8190
TATN;5;20160819;143500;329.6500000;329.8000000;329.5000000;329.5500000;2510
TATN;5;20160819;144000;329.5500000;330.3500000;329.5500000;330.3000000;1280
TATN;5;20160819;144500;330.3000000;330.5500000;330.2500000;330.4500000;2840
TATN;5;20160819;145000;330.4500000;330.7500000;330.2000000;330.5000000;3070
TATN;5;20160819;145500;330.5000000;330.5000000;329.6500000;330.0000000;5240
TATN;5;20160819;150000;330.0000000;330.0000000;329.6500000;329.9000000;760
TATN;5;20160819;150500;329.8000000;329.8500000;329.3500000;329.5000000;12140
TATN;5;20160819;151000;329.7000000;329.8500000;329.4500000;329.7500000;5470
TATN;5;20160819;151500;329.5000000;329.5000000;329.0500000;329.1500000;25460
TATN;5;20160819;152000;329.1500000;329.2500000;328.7500000;328.7500000;5700
TATN;5;20160819;152500;328.7000000;328.9500000;328.5500000;328.6000000;6540
TATN;5;20160819;153000;328.7500000;328.9000000;328.1000000;328.1000000;14960
TATN;5;20160819;153500;328.1500000;328.9500000;328.1000000;328.6000000;5430
TATN;5;20160819;154000;328.8500000;328.8500000;328.2500000;328.5000000;3760
TATN;5;20160819;154500;328.5000000;328.6000000;328.3500000;328.5500000;940
TATN;5;20160819;155000;328.5500000;328.5500000;328.3000000;328.5000000;1790
TATN;5;20160819;155500;328.5000000;329.1500000;328.3500000;328.9000000;3690
TATN;5;20160819;160000;328.9000000;329.2500000;328.7000000;329.1500000;1450
TATN;5;20160819;160500;329.1500000;329.8500000;328.8000000;329.8500000;8560
TATN;5;20160819;161000;329.8500000;330.6000000;329.8000000;330.1000000;8440
TATN;5;20160819;161500;330.1000000;330.1000000;329.4000000;329.6500000;4360
TATN;5;20160819;162000;330.0500000;330.4500000;329.6500000;330.4000000;1950
TATN;5;20160819;162500;330.4000000;330.7000000;329.9000000;330.1500000;6320
TATN;5;20160819;163000;330.1500000;330.1500000;329.5500000;329.5500000;1950
TATN;5;20160819;163500;329.8000000;329.8000000;329.1500000;329.6500000;2390
TATN;5;20160819;164000;329.6500000;329.8000000;329.2000000;329.5500000;3460
TATN;5;20160819;164500;329.5500000;329.5500000;328.7000000;329.1500000;8810
TATN;5;20160819;165000;328.9000000;329.1500000;327.5500000;327.6500000;32270
TATN;5;20160819;165500;327.6000000;328.1500000;327.3000000;327.9000000;17520
TATN;5;20160819;170000;328.0500000;328.0500000;327.1500000;327.2000000;12710
TATN;5;20160819;170500;327.2000000;328.2500000;327.0500000;327.2500000;25600
TATN;5;20160819;171000;327.4500000;327.6000000;327.2000000;327.4000000;3770
TATN;5;20160819;171500;327.2500000;327.4000000;327.1500000;327.2000000;2560
TATN;5;20160819;172000;327.4000000;327.4500000;327.2000000;327.2500000;1330
TATN;5;20160819;172500;327.4500000;327.5000000;327.2500000;327.3000000;4800
TATN;5;20160819;173000;327.3000000;327.3000000;326.5000000;326.9500000;31490
TATN;5;20160819;173500;326.8500000;327.2500000;326.8000000;327.2000000;4050
TATN;5;20160819;174000;327.1000000;327.4500000;327.1000000;327.3500000;690
TATN;5;20160819;174500;327.3000000;327.3500000;326.8500000;326.9000000;21460
TATN;5;20160819;175000;326.9000000;326.9000000;326.8000000;326.9000000;6050
TATN;5;20160819;175500;326.8500000;326.9500000;326.8000000;326.9000000;2810
TATN;5;20160819;180000;326.9000000;326.9500000;326.7000000;326.7500000;6290
TATN;5;20160819;180500;326.6500000;326.8500000;326.5500000;326.6500000;5170
TATN;5;20160819;181000;326.6000000;327.0000000;326.6000000;326.9500000;1770
TATN;5;20160819;181500;326.7500000;327.1500000;326.7500000;327.0500000;2180
TATN;5;20160819;182000;326.9000000;327.4000000;326.9000000;327.4000000;4250
TATN;5;20160819;182500;327.3000000;327.4500000;327.1500000;327.2000000;10090
TATN;5;20160819;183000;327.2000000;327.2500000;326.6000000;326.9000000;20040
TATN;5;20160819;183500;326.7500000;327.0000000;326.7000000;326.8000000;5760
TATN;5;20160819;184000;326.7000000;326.9500000;326.4000000;326.4000000;15220
TATN;5;20160819;185000;325.6000000;325.6000000;325.6000000;325.6000000;32930
TATN;5;20160822;100500;325.5500000;325.9500000;322.7500000;323.8000000;46690
TATN;5;20160822;101000;323.8000000;325.0000000;323.4500000;324.9500000;29550
TATN;5;20160822;101500;324.9500000;325.3000000;324.6000000;325.0000000;14200
TATN;5;20160822;102000;324.6500000;325.3000000;324.5500000;324.8500000;14070
TATN;5;20160822;102500;324.5500000;324.9500000;324.5000000;324.6000000;7350
TATN;5;20160822;103000;324.9000000;325.0000000;324.4000000;324.9500000;12030
TATN;5;20160822;103500;324.9000000;324.9500000;323.5000000;323.5000000;45940
TATN;5;20160822;104000;323.5000000;324.1000000;323.3000000;323.7500000;16670
TATN;5;20160822;104500;323.8000000;324.0500000;323.6000000;323.7000000;9450
TATN;5;20160822;105000;323.6500000;324.3000000;323.6500000;323.9000000;13890
TATN;5;20160822;105500;323.9000000;324.6000000;323.9000000;324.6000000;3180
TATN;5;20160822;110000;324.5500000;324.7500000;324.3500000;324.7000000;4240
TATN;5;20160822;110500;324.7500000;325.3000000;324.6500000;325.2500000;7970
TATN;5;20160822;111000;325.1500000;325.3000000;325.1000000;325.3000000;6340
TATN;5;20160822;111500;325.2000000;325.5500000;325.1000000;325.5500000;4350
TATN;5;20160822;112000;325.3500000;325.8500000;325.3500000;325.6500000;2320
TATN;5;20160822;112500;325.8000000;325.9000000;324.7500000;324.9000000;14930
TATN;5;20160822;113000;324.6500000;325.3500000;324.5000000;325.2500000;6940
TATN;5;20160822;113500;325.6000000;325.6000000;325.1500000;325.2500000;7240
TATN;5;20160822;114000;325.2500000;325.6000000;325.2500000;325.5500000;340
TATN;5;20160822;114500;325.3000000;325.5500000;325.3000000;325.5000000;1710
TATN;5;20160822;115000;325.5000000;325.9500000;325.5000000;325.6500000;4650
TATN;5;20160822;115500;325.6500000;325.9000000;325.6500000;325.9000000;730
TATN;5;20160822;120000;325.9000000;326.5000000;325.9000000;326.3500000;16420
TATN;5;20160822;120500;326.4500000;326.7500000;326.2000000;326.3500000;5940
TATN;5;20160822;121000;326.4000000;326.5500000;326.1500000;326.5500000;4060
TATN;5;20160822;121500;326.5500000;326.6000000;326.2000000;326.2500000;4340
TATN;5;20160822;122000;326.2500000;326.2500000;326.0000000;326.0000000;2720
TATN;5;20160822;122500;326.0500000;326.0500000;325.5000000;325.5000000;3060
TATN;5;20160822;123000;325.5000000;325.5500000;325.5000000;325.5000000;1530
TATN;5;20160822;123500;325.3500000;326.1000000;325.2000000;326.1000000;5700
TATN;5;20160822;124000;326.1500000;326.7500000;326.1500000;326.7500000;1800
TATN;5;20160822;124500;326.7500000;326.7500000;326.4500000;326.5000000;6750
TATN;5;20160822;125000;326.5000000;326.5500000;326.0500000;326.0500000;9530
TATN;5;20160822;125500;326.2500000;326.4000000;325.8000000;325.9500000;6490
TATN;5;20160822;130000;325.8000000;325.8500000;325.4000000;325.4000000;2860
TATN;5;20160822;130500;325.4000000;325.7000000;325.2000000;325.4000000;2680
TATN;5;20160822;131000;325.8000000;326.1000000;325.6000000;325.6000000;2450
TATN;5;20160822;131500;325.5000000;325.8000000;325.0000000;325.2000000;6850
TATN;5;20160822;132000;325.1500000;325.2500000;325.0000000;325.2500000;2150
TATN;5;20160822;132500;325.2000000;325.4500000;325.0000000;325.1500000;6760
TATN;5;20160822;133000;325.0500000;325.5000000;325.0500000;325.1000000;460
TATN;5;20160822;133500;325.2500000;325.8500000;325.2500000;325.8500000;3060
TATN;5;20160822;134000;325.9000000;326.2000000;325.6000000;326.2000000;13820
TATN;5;20160822;134500;326.2000000;326.5500000;326.2000000;326.4000000;3420
TATN;5;20160822;135000;326.6500000;326.9000000;326.4500000;326.9000000;7040
TATN;5;20160822;135500;326.9000000;327.4000000;326.9000000;327.4000000;16610
TATN;5;20160822;140000;327.4000000;327.4000000;325.9000000;326.7000000;11510
TATN;5;20160822;140500;326.7000000;327.3500000;326.6000000;327.3500000;440
TATN;5;20160822;141000;327.1500000;327.6500000;327.1500000;327.1500000;13090
TATN;5;20160822;141500;327.4000000;327.5500000;326.6000000;326.9000000;3250
TATN;5;20160822;142000;326.6000000;326.6000000;326.0500000;326.0500000;3170
TATN;5;20160822;142500;326.2000000;327.0000000;326.0500000;327.0000000;1120
TATN;5;20160822;143000;327.1000000;327.2500000;327.0000000;327.2500000;2390
TATN;5;20160822;143500;327.2500000;327.4000000;327.1000000;327.4000000;3330
TATN;5;20160822;144000;327.4500000;327.6000000;327.4000000;327.6000000;2990
TATN;5;20160822;144500;327.5500000;327.7000000;327.5500000;327.6500000;870
TATN;5;20160822;145000;327.6500000;327.9500000;327.5000000;327.9500000;5690
TATN;5;20160822;145500;327.9500000;328.4500000;327.9500000;328.4500000;6080
TATN;5;20160822;150000;328.4500000;328.5000000;327.7500000;327.7500000;8890
TATN;5;20160822;150500;327.8500000;328.0000000;327.7500000;327.7500000;2020
TATN;5;20160822;151000;327.7500000;327.7500000;327.2500000;327.4500000;3450
TATN;5;20160822;151500;327.5000000;327.5000000;326.5000000;326.5500000;14990
TATN;5;20160822;152000;326.5500000;326.5500000;325.7000000;325.8500000;12190
TATN;5;20160822;152500;325.8500000;325.8500000;325.4000000;325.5500000;13720
TATN;5;20160822;153000;325.5500000;325.5500000;325.5000000;325.5000000;8370
TATN;5;20160822;153500;325.5000000;325.6000000;325.4000000;325.4000000;9370
TATN;5;20160822;154000;325.3000000;326.8500000;325.1500000;326.8500000;10950
TATN;5;20160822;154500;326.8500000;326.9000000;326.8000000;326.9000000;650
TATN;5;20160822;155000;326.9000000;326.9500000;326.8000000;326.9500000;1760
TATN;5;20160822;155500;326.9500000;327.0000000;326.9000000;327.0000000;550
TATN;5;20160822;160000;327.0000000;327.0000000;326.4000000;326.4500000;6770
TATN;5;20160822;160500;326.4500000;326.9500000;326.4500000;326.7000000;3270
TATN;5;20160822;161000;326.8000000;326.8000000;326.7000000;326.7000000;1240
TATN;5;20160822;161500;326.5500000;326.7500000;326.5500000;326.6000000;1100
TATN;5;20160822;162000;326.6500000;327.0000000;326.6500000;327.0000000;2850
TATN;5;20160822;162500;327.0000000;327.4000000;326.9500000;327.4000000;1280
TATN;5;20160822;163000;327.4000000;327.5500000;327.2500000;327.2500000;2260
TATN;5;20160822;163500;327.4500000;327.4500000;325.9500000;326.1000000;7260
TATN;5;20160822;164000;325.9500000;326.9000000;325.9500000;326.6500000;3260
TATN;5;20160822;164500;326.8500000;326.8500000;326.4500000;326.8000000;3260
TATN;5;20160822;165000;327.0000000;327.4500000;327.0000000;327.2000000;2410
TATN;5;20160822;165500;327.2000000;327.2000000;326.8000000;327.0000000;760
TATN;5;20160822;170000;327.0000000;327.1500000;326.7000000;327.0500000;8400
TATN;5;20160822;170500;327.3000000;327.3000000;326.2500000;327.2000000;10640
TATN;5;20160822;171000;327.2000000;327.3500000;327.1000000;327.3000000;1200
TATN;5;20160822;171500;327.3000000;327.3000000;326.6500000;327.1500000;9930
TATN;5;20160822;172000;327.2000000;328.1000000;327.1500000;328.1000000;12400
TATN;5;20160822;172500;328.1000000;328.1000000;326.5500000;327.7000000;25700
TATN;5;20160822;173000;327.7500000;327.7500000;326.8500000;327.2000000;5480
TATN;5;20160822;173500;327.3500000;328.5000000;327.2500000;328.4000000;13930
TATN;5;20160822;174000;328.4500000;328.7000000;328.3000000;328.3000000;12960
TATN;5;20160822;174500;328.5000000;328.7500000;328.5000000;328.7500000;1130
TATN;5;20160822;175000;328.7500000;328.9000000;328.4500000;328.4500000;7420
TATN;5;20160822;175500;328.4500000;328.4500000;327.9000000;328.1500000;4400
TATN;5;20160822;180000;328.1500000;328.8000000;328.1500000;328.8000000;9120
TATN;5;20160822;180500;328.8000000;329.4500000;328.7500000;329.3500000;13080
TATN;5;20160822;181000;329.3500000;329.5500000;329.3000000;329.5000000;8310
TATN;5;20160822;181500;329.5000000;329.7500000;328.9500000;329.1000000;7010
TATN;5;20160822;182000;329.1000000;329.4500000;328.5500000;329.2500000;8520
TATN;5;20160822;182500;329.4500000;329.4500000;328.4000000;329.3500000;10210
TATN;5;20160822;183000;329.3500000;329.7500000;329.2500000;329.6500000;16930
TATN;5;20160822;183500;329.6500000;329.8500000;329.2500000;329.8500000;29030
TATN;5;20160822;184000;329.8500000;331.5500000;329.3500000;331.5500000;87390
TATN;5;20160822;185000;331.9500000;331.9500000;331.9500000;331.9500000;77490
TATN;5;20160823;100500;331.0000000;331.3500000;329.5000000;330.8000000;30760
TATN;5;20160823;101000;330.4000000;331.0000000;330.1000000;330.4000000;23680
TATN;5;20160823;101500;330.5000000;330.5000000;329.7000000;330.0000000;19780
TATN;5;20160823;102000;330.1500000;330.2500000;329.8000000;330.2500000;8340
TATN;5;20160823;102500;330.2000000;330.3000000;328.5500000;328.5500000;37460
TATN;5;20160823;103000;328.8000000;328.8000000;327.2500000;328.0000000;33610
TATN;5;20160823;103500;328.2500000;328.9000000;328.2500000;328.5500000;5500
TATN;5;20160823;104000;328.5500000;329.1000000;328.5000000;328.9500000;2490
TATN;5;20160823;104500;328.9500000;329.1000000;328.8500000;328.9500000;1310
TATN;5;20160823;105000;329.0000000;329.0500000;328.4500000;328.7000000;3100
TATN;5;20160823;105500;328.6500000;329.0000000;328.0000000;328.1500000;6430
TATN;5;20160823;110000;328.1500000;328.1500000;327.8000000;327.9000000;2510
TATN;5;20160823;110500;327.9500000;328.5500000;327.8000000;328.2500000;2400
TATN;5;20160823;111000;328.4000000;329.0000000;328.4000000;328.6000000;8700
TATN;5;20160823;111500;328.6000000;329.0000000;328.5000000;329.0000000;2990
TATN;5;20160823;112000;328.8000000;329.0000000;328.6000000;328.8500000;1440
TATN;5;20160823;112500;328.6500000;328.7000000;328.4500000;328.4500000;5560
TATN;5;20160823;113000;328.4500000;328.6000000;328.4500000;328.6000000;70
TATN;5;20160823;113500;328.6000000;328.6000000;328.6000000;328.6000000;50
TATN;5;20160823;114000;328.4000000;328.4000000;327.8000000;328.1500000;6420
TATN;5;20160823;114500;327.7500000;327.7500000;327.7000000;327.7000000;190
TATN;5;20160823;115000;327.9500000;328.0000000;327.8500000;328.0000000;160
TATN;5;20160823;115500;328.0000000;328.5500000;328.0000000;328.2500000;5950
TATN;5;20160823;120000;328.2500000;328.6500000;328.2500000;328.6500000;2170
TATN;5;20160823;120500;328.4000000;328.7500000;328.3000000;328.7500000;1190
TATN;5;20160823;121000;328.9500000;328.9500000;328.9500000;328.9500000;30
TATN;5;20160823;121500;328.9500000;329.0500000;328.7000000;328.9500000;3550
TATN;5;20160823;122000;328.9500000;329.0500000;328.7500000;328.9500000;330
TATN;5;20160823;122500;328.7500000;328.7500000;328.5500000;328.5500000;30
TATN;5;20160823;123000;328.5500000;328.7500000;328.2000000;328.7500000;6080
TATN;5;20160823;123500;328.7500000;329.1000000;328.6000000;328.8500000;6130
TATN;5;20160823;124000;328.8500000;328.8500000;328.6500000;328.7000000;1130
TATN;5;20160823;124500;328.8500000;328.9500000;328.8500000;328.9500000;800
TATN;5;20160823;125000;328.6000000;328.6000000;328.3500000;328.5000000;4340
TATN;5;20160823;125500;328.5000000;328.6000000;328.3000000;328.5000000;2810
TATN;5;20160823;130000;328.1500000;328.5000000;328.0500000;328.4000000;1070
TATN;5;20160823;130500;328.3500000;328.3500000;328.1500000;328.3500000;40
TATN;5;20160823;131000;328.1500000;328.4500000;328.1500000;328.4500000;210
TATN;5;20160823;131500;328.4500000;328.6000000;328.4500000;328.5500000;3460
TATN;5;20160823;132000;328.4000000;328.6000000;328.4000000;328.6000000;200
TATN;5;20160823;132500;328.5500000;328.5500000;328.5500000;328.5500000;280
TATN;5;20160823;133000;328.5500000;328.6000000;328.3000000;328.6000000;2820
TATN;5;20160823;133500;328.4500000;328.6000000;328.4500000;328.5500000;2400
TATN;5;20160823;134500;328.0500000;328.2500000;328.0000000;328.2500000;410
TATN;5;20160823;135000;328.0500000;328.2000000;327.9500000;328.2000000;400
TATN;5;20160823;135500;327.9500000;328.1000000;327.9000000;328.1000000;1960
TATN;5;20160823;140000;327.9000000;327.9000000;327.8000000;327.8000000;1060
TATN;5;20160823;140500;328.0000000;328.2500000;328.0000000;328.2500000;1390
TATN;5;20160823;141000;328.3000000;328.3000000;328.2500000;328.2500000;130
TATN;5;20160823;141500;328.1000000;328.2500000;328.0000000;328.1500000;520
TATN;5;20160823;142000;328.1000000;328.4000000;328.0000000;328.0000000;3840
TATN;5;20160823;142500;328.1500000;328.2500000;327.7000000;327.8500000;6450
TATN;5;20160823;143000;327.8500000;327.9500000;327.7000000;327.7000000;1370
TATN;5;20160823;143500;327.9500000;328.2500000;327.7500000;327.8000000;11400
TATN;5;20160823;144000;328.0000000;328.1000000;327.4500000;327.4500000;11260
TATN;5;20160823;144500;327.4500000;327.8000000;327.2500000;327.3500000;8660
TATN;5;20160823;145000;327.4500000;327.8500000;327.3000000;327.7500000;11760
TATN;5;20160823;145500;327.6000000;327.8000000;327.4000000;327.5500000;1540
TATN;5;20160823;150000;327.5500000;327.9000000;327.3000000;327.5500000;4990
TATN;5;20160823;150500;327.4000000;328.1000000;327.3000000;328.1000000;14270
TATN;5;20160823;151000;327.8000000;327.9000000;327.5500000;327.5500000;6070
TATN;5;20160823;151500;327.5500000;327.9000000;327.4500000;327.4500000;7160
TATN;5;20160823;152000;327.4500000;327.5000000;327.3000000;327.5000000;5830
TATN;5;20160823;152500;327.3000000;327.3500000;327.1000000;327.1500000;5020
TATN;5;20160823;153000;327.1500000;327.7000000;327.1500000;327.5000000;1790
TATN;5;20160823;153500;327.3000000;327.3000000;327.1000000;327.1000000;3180
TATN;5;20160823;154000;327.1000000;327.1000000;327.0500000;327.1000000;2470
TATN;5;20160823;154500;327.1000000;327.2500000;327.1000000;327.1000000;400
TATN;5;20160823;155000;327.1000000;327.5500000;327.1000000;327.5500000;2730
TATN;5;20160823;155500;327.3000000;327.7000000;327.3000000;327.5000000;720
TATN;5;20160823;160000;327.5000000;328.3500000;327.5000000;327.9500000;13960
TATN;5;20160823;160500;327.9000000;328.0500000;327.4000000;327.8500000;19280
TATN;5;20160823;161000;327.6000000;327.9500000;327.6000000;327.8000000;5560
TATN;5;20160823;161500;327.8000000;327.8000000;327.5500000;327.8000000;2390
TATN;5;20160823;162000;327.6000000;328.0000000;327.6000000;327.8500000;4020
TATN;5;20160823;162500;327.7000000;327.9500000;327.6000000;327.8500000;970
TATN;5;20160823;163000;327.7000000;328.1500000;327.6500000;328.1000000;6680
TATN;5;20160823;163500;327.8500000;328.2000000;327.5500000;328.0500000;11580
TATN;5;20160823;164000;327.8000000;328.6000000;327.8000000;328.3000000;19200
TATN;5;20160823;164500;328.0500000;328.2500000;327.9500000;328.2000000;2140
TATN;5;20160823;165000;328.1000000;328.6000000;328.1000000;328.1500000;11150
TATN;5;20160823;165500;328.1000000;328.5500000;328.0000000;328.3500000;1970
TATN;5;20160823;170000;328.1000000;328.5500000;328.1000000;328.3000000;3480
TATN;5;20160823;170500;328.3000000;328.5500000;328.1000000;328.4000000;3870
TATN;5;20160823;171000;328.1000000;328.2000000;327.8000000;327.9500000;4990
TATN;5;20160823;171500;327.8500000;327.9500000;327.7000000;327.9500000;3050
TATN;5;20160823;172000;327.9500000;328.1000000;327.2000000;327.2000000;22230
TATN;5;20160823;172500;327.2000000;327.4000000;326.9000000;327.0500000;19240
TATN;5;20160823;173000;327.1500000;327.4500000;327.0500000;327.2500000;1620
TATN;5;20160823;173500;327.4000000;327.9000000;327.4000000;327.7000000;2150
TATN;5;20160823;174000;327.8500000;327.8500000;327.6500000;327.7000000;380
TATN;5;20160823;174500;327.5500000;327.5500000;326.9500000;327.2000000;28360
TATN;5;20160823;175000;327.2000000;328.6000000;327.2000000;328.5500000;39500
TATN;5;20160823;175500;328.5500000;329.5000000;328.3500000;329.4500000;18910
TATN;5;20160823;180000;329.4500000;329.9000000;329.2500000;329.9000000;7960
TATN;5;20160823;180500;329.9000000;330.9000000;329.7000000;330.9000000;17150
TATN;5;20160823;181000;330.6000000;330.8500000;330.0500000;330.5500000;14370
TATN;5;20160823;181500;330.5500000;331.0500000;330.5500000;330.8500000;14750
TATN;5;20160823;182000;330.6000000;331.0500000;330.3500000;331.0500000;7150
TATN;5;20160823;182500;331.0500000;331.1000000;330.4000000;330.9000000;5930
TATN;5;20160823;183000;330.8500000;330.9000000;330.1500000;330.4500000;10010
TATN;5;20160823;183500;330.1500000;330.1500000;329.3000000;330.0000000;18140
TATN;5;20160823;184000;329.9500000;330.0000000;327.6500000;327.6500000;63100
TATN;5;20160823;185000;328.2000000;328.2000000;328.2000000;328.2000000;10720
TATN;5;20160824;100500;328.9000000;329.5000000;326.9500000;329.4500000;20910
TATN;5;20160824;101000;328.9000000;329.3500000;327.8000000;328.3000000;18660
TATN;5;20160824;101500;328.3000000;328.7500000;328.3000000;328.3000000;870
TATN;5;20160824;102000;328.3500000;328.4500000;327.6000000;328.2500000;5410
TATN;5;20160824;102500;328.5500000;328.5500000;328.0000000;328.0000000;3160
TATN;5;20160824;103000;328.1500000;328.1500000;327.1000000;327.1000000;5770
TATN;5;20160824;103500;327.2000000;327.3000000;327.0000000;327.3000000;4080
TATN;5;20160824;104000;327.2000000;327.6000000;327.0500000;327.5000000;2330
TATN;5;20160824;104500;327.8500000;327.9500000;327.1500000;327.5000000;4110
TATN;5;20160824;105000;327.4000000;327.5000000;327.2500000;327.4500000;680
TATN;5;20160824;105500;327.3500000;327.5500000;327.2500000;327.5500000;1060
TATN;5;20160824;110000;327.5000000;327.5000000;327.1500000;327.3500000;4400
TATN;5;20160824;110500;327.3500000;327.9000000;327.3500000;327.9000000;1460
TATN;5;20160824;111000;327.9000000;327.9500000;327.4000000;327.9000000;2710
TATN;5;20160824;111500;327.7000000;327.8500000;327.3500000;327.6500000;3220
TATN;5;20160824;112000;327.6500000;327.7500000;327.4500000;327.4500000;4070
TATN;5;20160824;112500;327.3500000;327.6500000;327.3500000;327.5500000;3930
TATN;5;20160824;113000;327.6500000;327.6500000;327.4500000;327.6000000;4890
TATN;5;20160824;113500;327.5000000;327.5000000;325.6500000;326.4000000;39040
TATN;5;20160824;114000;326.3000000;327.0000000;326.0500000;326.6500000;4450
TATN;5;20160824;114500;327.0000000;327.3500000;326.9000000;327.0500000;2600
TATN;5;20160824;115000;327.3000000;327.6500000;327.0000000;327.6500000;9470
TATN;5;20160824;115500;327.6000000;327.6000000;325.9000000;326.0000000;14090
TATN;5;20160824;120000;325.9500000;326.3500000;325.9000000;325.9000000;5950
TATN;5;20160824;120500;325.9500000;326.0500000;325.2000000;325.4500000;20450
TATN;5;20160824;121000;325.5000000;325.6500000;325.1500000;325.4000000;6230
TATN;5;20160824;121500;325.4000000;325.8500000;325.3000000;325.8000000;9260
TATN;5;20160824;122000;325.7000000;326.1000000;325.7000000;326.1000000;1510
TATN;5;20160824;122500;325.8500000;326.1500000;325.8500000;325.9000000;1420
TATN;5;20160824;123000;325.8500000;326.1500000;325.6000000;325.6000000;3990
TATN;5;20160824;123500;325.6500000;325.7500000;325.4500000;325.5000000;2180
TATN;5;20160824;124000;325.5000000;325.5000000;325.2000000;325.4000000;4520
TATN;5;20160824;124500;325.2500000;326.0000000;325.2500000;326.0000000;3360
TATN;5;20160824;125000;325.8500000;326.2500000;325.4500000;325.7000000;11260
TATN;5;20160824;125500;325.7000000;325.8500000;325.7000000;325.8500000;930
TATN;5;20160824;130000;325.8000000;325.8000000;325.2000000;325.3500000;5300
TATN;5;20160824;130500;325.2500000;325.2500000;324.5500000;324.6500000;28230
TATN;5;20160824;131000;324.7000000;325.5000000;324.6000000;325.0000000;7380
TATN;5;20160824;131500;325.0000000;325.0000000;324.8000000;324.8000000;3200
TATN;5;20160824;132000;324.8000000;324.8000000;324.2500000;324.7500000;6590
TATN;5;20160824;132500;324.6000000;324.6500000;324.6000000;324.6500000;470
TATN;5;20160824;133000;324.8500000;325.2000000;324.8500000;325.1500000;2120
TATN;5;20160824;133500;325.0000000;325.1000000;324.5500000;324.7500000;1910
TATN;5;20160824;134000;324.6000000;324.6000000;324.5000000;324.5000000;1810
TATN;5;20160824;134500;324.5000000;324.6500000;324.4500000;324.6500000;390
TATN;5;20160824;135000;324.5000000;324.6500000;324.5000000;324.5000000;2300
TATN;5;20160824;135500;324.5000000;324.8500000;324.5000000;324.8500000;630
TATN;5;20160824;140000;325.0000000;325.0000000;324.5000000;324.8000000;990
TATN;5;20160824;140500;324.8500000;324.9500000;324.6500000;324.9500000;220
TATN;5;20160824;141000;324.8500000;324.9000000;324.5000000;324.7000000;1150
TATN;5;20160824;141500;324.8000000;325.0000000;324.5000000;324.7000000;4290
TATN;5;20160824;142000;324.6500000;324.6500000;324.5000000;324.6500000;2330
TATN;5;20160824;142500;324.5000000;324.9500000;324.4000000;324.6500000;3250
TATN;5;20160824;143000;324.6500000;324.6500000;324.6500000;324.6500000;530
TATN;5;20160824;143500;324.6500000;324.8000000;324.1500000;324.1500000;8270
TATN;5;20160824;144000;324.1500000;324.4000000;324.0000000;324.4000000;9700
TATN;5;20160824;144500;324.1500000;324.1500000;323.8000000;323.8500000;5820
TATN;5;20160824;145000;323.8500000;324.2500000;323.8500000;324.0500000;480
TATN;5;20160824;145500;324.2500000;324.3500000;324.0000000;324.3000000;2730
TATN;5;20160824;150000;324.0500000;324.3000000;324.0500000;324.2500000;1290
TATN;5;20160824;150500;324.2500000;324.5000000;324.2000000;324.2000000;1740
TATN;5;20160824;151000;324.1500000;324.1500000;324.0500000;324.0500000;550
TATN;5;20160824;151500;324.4000000;324.5000000;324.3000000;324.5000000;700
TATN;5;20160824;152000;324.3000000;324.5500000;324.1000000;324.1000000;1180
TATN;5;20160824;152500;324.1000000;324.2500000;324.0500000;324.1000000;580
TATN;5;20160824;153000;324.1000000;324.4000000;324.0000000;324.0500000;2120
TATN;5;20160824;153500;324.0000000;324.9500000;324.0000000;324.6500000;4330
TATN;5;20160824;154000;324.4500000;324.9500000;324.4000000;324.8000000;4270
TATN;5;20160824;154500;324.8500000;324.8500000;324.0500000;324.1000000;5490
TATN;5;20160824;155000;324.3000000;324.3500000;324.0500000;324.3500000;1420
TATN;5;20160824;155500;324.3500000;324.5500000;324.2500000;324.3000000;1520
TATN;5;20160824;160000;324.3500000;324.6500000;324.2000000;324.5500000;270
TATN;5;20160824;160500;324.5500000;324.8000000;324.4000000;324.4000000;15180
TATN;5;20160824;161000;324.5000000;324.5000000;324.4500000;324.5000000;720
TATN;5;20160824;161500;324.4500000;324.8000000;324.4500000;324.8000000;710
TATN;5;20160824;162000;324.7500000;324.7500000;324.7500000;324.7500000;40
TATN;5;20160824;162500;324.7500000;324.7500000;324.6500000;324.6500000;1330
TATN;5;20160824;163000;324.7500000;324.7500000;324.3500000;324.5500000;2130
TATN;5;20160824;163500;324.5500000;324.9500000;324.3000000;324.9500000;2550
TATN;5;20160824;164000;324.9500000;325.8000000;324.9500000;325.5000000;8960
TATN;5;20160824;164500;325.8000000;325.8000000;325.0000000;325.0000000;10390
TATN;5;20160824;165000;325.0000000;325.0000000;324.4500000;324.9500000;3750
TATN;5;20160824;165500;324.9000000;324.9500000;324.1500000;324.1500000;13680
TATN;5;20160824;170000;324.4500000;324.4500000;323.7500000;324.0500000;56250
TATN;5;20160824;170500;324.2500000;324.8000000;324.2500000;324.5000000;3430
TATN;5;20160824;171000;324.5000000;324.9000000;324.5000000;324.6500000;3760
TATN;5;20160824;171500;324.8000000;325.1500000;324.7000000;325.1500000;4410
TATN;5;20160824;172000;325.1500000;325.1500000;324.2000000;324.2500000;4820
TATN;5;20160824;172500;324.5000000;325.4500000;324.3500000;325.4500000;10070
TATN;5;20160824;173000;325.1000000;325.3500000;324.6000000;325.0000000;1520
TATN;5;20160824;173500;324.6500000;325.0500000;324.2500000;324.9500000;9500
TATN;5;20160824;174000;324.8500000;324.8500000;324.8500000;324.8500000;140
TATN;5;20160824;174500;324.8500000;324.9500000;324.8000000;324.8000000;1480
TATN;5;20160824;175000;324.5500000;325.5000000;324.5500000;325.5000000;1750
TATN;5;20160824;175500;325.4500000;325.4500000;325.0500000;325.0500000;3060
TATN;5;20160824;180000;325.0000000;325.0000000;324.5000000;324.5000000;4540
TATN;5;20160824;180500;324.8000000;325.0000000;324.5500000;325.0000000;540
TATN;5;20160824;181000;325.0000000;325.1000000;324.9500000;325.1000000;2010
TATN;5;20160824;181500;324.9000000;325.1500000;324.7000000;325.0000000;1010
TATN;5;20160824;182000;324.9000000;325.5500000;324.9000000;325.5000000;5000
TATN;5;20160824;182500;325.2000000;325.3500000;324.9000000;325.3500000;2280
TATN;5;20160824;183000;325.2000000;325.4500000;325.0500000;325.2500000;1670
TATN;5;20160824;183500;325.1000000;325.2000000;324.7500000;325.0500000;4720
TATN;5;20160824;184000;325.0500000;325.2500000;324.6500000;325.0000000;8130
TATN;5;20160824;185000;326.6000000;326.6000000;326.6000000;326.6000000;65340
TATN;5;20160825;100500;326.5000000;326.9500000;325.1500000;325.1500000;11360
TATN;5;20160825;101000;325.2500000;325.5500000;324.5500000;324.6000000;18290
TATN;5;20160825;101500;324.6000000;324.8000000;324.0500000;324.8000000;9660
TATN;5;20160825;102000;324.8000000;325.2500000;324.8000000;325.0500000;2840
TATN;5;20160825;102500;325.2000000;325.3500000;324.7500000;324.7500000;9970
TATN;5;20160825;103000;324.8000000;325.0000000;324.5500000;324.9500000;7400
TATN;5;20160825;103500;325.0000000;325.0000000;324.5500000;324.6000000;8640
TATN;5;20160825;104000;324.6000000;324.7000000;324.3000000;324.5000000;8550
TATN;5;20160825;104500;324.5000000;324.7500000;324.3500000;324.7500000;5230
TATN;5;20160825;105000;324.8000000;324.8000000;324.3500000;324.5500000;6810
TATN;5;20160825;105500;324.6000000;324.6500000;324.4500000;324.6500000;6290
TATN;5;20160825;110000;324.5000000;324.7500000;324.2000000;324.4500000;18860
TATN;5;20160825;110500;324.2000000;324.4500000;324.1000000;324.4500000;2230
TATN;5;20160825;111000;324.6000000;325.0000000;324.1000000;324.2000000;28310
TATN;5;20160825;111500;324.1500000;324.5500000;323.5000000;324.2000000;19670
TATN;5;20160825;112000;324.3000000;324.4000000;323.5000000;323.5000000;9750
TATN;5;20160825;112500;323.5500000;323.9000000;323.5000000;323.5500000;3390
TATN;5;20160825;113000;323.5000000;323.5000000;322.7000000;322.7000000;24660
TATN;5;20160825;113500;323.0000000;323.2000000;322.4000000;322.7500000;9570
TATN;5;20160825;114000;322.7500000;322.7500000;322.5000000;322.7000000;540
TATN;5;20160825;114500;322.7000000;323.0500000;322.6500000;323.0500000;3850
TATN;5;20160825;115000;323.1500000;323.2500000;323.1500000;323.2500000;550
TATN;5;20160825;115500;323.1000000;323.4500000;322.6000000;322.6500000;5140
TATN;5;20160825;120000;322.6000000;322.6000000;321.9000000;322.4000000;55560
TATN;5;20160825;120500;322.2500000;322.3500000;322.1000000;322.3500000;10590
TATN;5;20160825;121000;322.2000000;322.4500000;321.9500000;322.0000000;20500
TATN;5;20160825;121500;322.2500000;322.3500000;321.8500000;322.1500000;10060
TATN;5;20160825;122000;322.0500000;322.5500000;322.0000000;322.4000000;5450
TATN;5;20160825;122500;322.4000000;322.6500000;322.0500000;322.5500000;8740
TATN;5;20160825;123000;322.5500000;322.6500000;322.5000000;322.6500000;1610
TATN;5;20160825;123500;322.6500000;322.6500000;322.2500000;322.4000000;1760
TATN;5;20160825;124000;322.2500000;322.5000000;322.1500000;322.5000000;1510
TATN;5;20160825;124500;322.3000000;322.5000000;322.3000000;322.4500000;620
TATN;5;20160825;125000;322.4500000;322.4500000;322.2000000;322.2000000;1840
TATN;5;20160825;125500;322.3500000;322.3500000;322.1500000;322.1500000;510
TATN;5;20160825;130000;322.3500000;322.3500000;322.0000000;322.1500000;8670
TATN;5;20160825;130500;322.1500000;322.3000000;322.0000000;322.0000000;9120
TATN;5;20160825;131000;322.0000000;322.2500000;322.0000000;322.2500000;2300
TATN;5;20160825;131500;322.2500000;322.3000000;322.0500000;322.0500000;2090
TATN;5;20160825;132000;322.0500000;322.4000000;322.0500000;322.3500000;3840
TATN;5;20160825;132500;322.3500000;322.4000000;322.2000000;322.4000000;500
TATN;5;20160825;133000;322.2000000;322.4500000;322.2000000;322.4500000;520
TATN;5;20160825;133500;322.5500000;322.6000000;322.5500000;322.6000000;20
TATN;5;20160825;134000;322.5000000;322.5000000;322.1000000;322.1000000;2430
TATN;5;20160825;134500;322.0500000;322.1500000;321.8500000;322.0500000;15490
TATN;5;20160825;135000;322.1000000;322.1500000;322.0000000;322.0000000;3210
TATN;5;20160825;135500;322.0500000;322.2000000;322.0500000;322.2000000;1300
TATN;5;20160825;140000;322.0500000;322.2500000;322.0000000;322.2500000;1070
TATN;5;20160825;140500;322.3000000;322.3500000;322.0000000;322.0000000;2160
TATN;5;20160825;141000;322.0000000;322.2000000;322.0000000;322.0000000;3850
TATN;5;20160825;141500;322.0000000;322.0000000;322.0000000;322.0000000;1300
TATN;5;20160825;142000;322.1000000;322.1000000;321.7500000;321.9000000;36870
TATN;5;20160825;142500;321.9000000;322.0000000;321.8000000;321.9000000;1530
TATN;5;20160825;143000;321.9000000;322.3500000;321.8000000;322.3500000;3400
TATN;5;20160825;143500;322.2000000;322.2000000;322.2000000;322.2000000;180
TATN;5;20160825;144000;322.3500000;322.3500000;322.3000000;322.3000000;280
TATN;5;20160825;144500;322.3500000;322.3500000;322.1500000;322.1500000;230
TATN;5;20160825;145000;322.1500000;322.3500000;322.1500000;322.3500000;250
TATN;5;20160825;145500;322.3500000;322.5500000;322.1000000;322.5500000;3120
TATN;5;20160825;150000;322.4500000;322.4500000;322.2000000;322.2000000;1710
TATN;5;20160825;150500;322.2000000;322.3000000;320.8500000;321.0000000;30130
TATN;5;20160825;151000;320.9000000;321.0000000;320.8500000;320.9000000;2250
TATN;5;20160825;151500;320.9000000;321.0000000;320.8500000;320.9500000;3680
TATN;5;20160825;152000;320.9000000;321.2500000;320.9000000;321.0000000;5530
TATN;5;20160825;152500;321.1500000;321.5500000;321.0000000;321.5500000;4760
TATN;5;20160825;153000;321.6000000;321.7500000;321.6000000;321.7000000;1460
TATN;5;20160825;153500;321.7500000;322.6500000;321.7500000;322.4500000;11790
TATN;5;20160825;154000;322.1500000;322.5000000;321.6000000;321.7500000;3060
TATN;5;20160825;154500;321.7500000;322.0000000;321.5000000;321.5000000;3240
TATN;5;20160825;155000;321.4500000;321.9500000;321.4500000;321.9000000;5350
TATN;5;20160825;155500;321.6000000;321.6500000;321.3000000;321.3000000;1800
TATN;5;20160825;160000;321.3500000;321.5500000;321.1500000;321.3000000;3040
TATN;5;20160825;160500;321.2000000;321.2000000;321.0000000;321.1500000;8540
TATN;5;20160825;161000;321.3000000;321.4500000;321.0000000;321.0500000;7200
TATN;5;20160825;161500;321.0000000;321.2000000;321.0000000;321.2000000;4110
TATN;5;20160825;162000;321.1000000;321.3000000;321.0000000;321.0000000;4780
TATN;5;20160825;162500;321.1500000;321.6000000;321.0000000;321.1500000;5110
TATN;5;20160825;163000;321.3500000;321.5000000;321.0000000;321.0000000;9750
TATN;5;20160825;163500;321.1500000;321.3500000;321.0000000;321.3500000;9460
TATN;5;20160825;164000;321.0500000;321.1500000;320.9000000;321.1000000;19150
TATN;5;20160825;164500;321.0500000;321.3500000;320.8500000;320.9500000;8430
TATN;5;20160825;165000;321.3000000;321.5000000;320.8000000;321.5000000;15050
TATN;5;20160825;165500;321.5000000;321.5000000;321.0000000;321.0000000;9320
TATN;5;20160825;170000;321.3500000;321.9500000;321.3500000;321.9500000;14870
TATN;5;20160825;170500;321.9500000;322.2000000;320.1500000;320.8500000;104680
TATN;5;20160825;171000;320.7500000;320.8500000;320.2500000;320.4500000;19280
TATN;5;20160825;171500;320.4500000;320.9500000;320.3000000;320.8000000;18260
TATN;5;20160825;172000;320.5500000;320.9000000;320.5500000;320.6500000;6580
TATN;5;20160825;172500;320.6000000;320.8500000;320.6000000;320.7000000;3320
TATN;5;20160825;173000;320.7000000;320.9000000;320.6000000;320.8000000;2310
TATN;5;20160825;173500;320.7000000;320.8000000;320.7000000;320.8000000;2770
TATN;5;20160825;174000;320.8000000;320.9000000;320.8000000;320.9000000;8520
TATN;5;20160825;174500;320.8000000;320.8000000;320.6000000;320.7000000;2300
TATN;5;20160825;175000;320.7000000;321.0000000;320.7000000;320.9000000;4740
TATN;5;20160825;175500;321.0000000;321.3500000;321.0000000;321.1000000;6070
TATN;5;20160825;180000;321.0000000;321.4500000;321.0000000;321.4000000;3180
TATN;5;20160825;180500;321.4000000;321.4500000;321.3500000;321.4500000;7430
TATN;5;20160825;181000;321.4500000;321.6000000;321.4500000;321.6000000;6380
TATN;5;20160825;181500;321.5000000;321.7500000;321.1500000;321.7000000;9040
TATN;5;20160825;182000;321.7000000;322.6500000;321.5500000;322.3500000;23660
TATN;5;20160825;182500;322.4500000;324.0000000;322.4500000;324.0000000;34270
TATN;5;20160825;183000;324.0000000;324.0500000;323.2000000;323.2000000;28680
TATN;5;20160825;183500;323.4000000;324.0000000;323.2500000;324.0000000;15600
TATN;5;20160825;184000;324.0000000;326.0000000;323.9500000;324.8500000;128080
TATN;5;20160825;185000;325.5000000;325.5000000;325.5000000;325.5000000;73480
TATN;5;20160826;100500;325.3000000;326.2500000;324.5500000;325.0000000;20580
TATN;5;20160826;101000;325.1000000;325.6000000;324.7000000;325.5000000;10590
TATN;5;20160826;101500;325.5000000;326.3500000;325.5000000;326.3500000;11760
TATN;5;20160826;102000;326.2500000;326.7500000;326.0000000;326.7500000;11460
TATN;5;20160826;102500;326.5500000;326.7000000;325.8000000;325.8000000;5140
TATN;5;20160826;103000;325.9500000;326.3000000;325.5500000;325.5500000;7290
TATN;5;20160826;103500;325.8000000;326.0000000;325.4000000;326.0000000;3360
TATN;5;20160826;104000;326.0000000;326.2000000;324.6000000;325.6000000;25610
TATN;5;20160826;104500;325.6000000;325.7500000;325.2500000;325.4000000;2740
TATN;5;20160826;105000;325.4500000;325.8000000;325.4000000;325.4000000;4160
TATN;5;20160826;105500;325.5000000;325.8500000;325.2500000;325.2500000;7810
TATN;5;20160826;110000;325.4000000;325.5500000;325.1000000;325.1000000;2330
TATN;5;20160826;110500;325.5000000;325.9000000;325.2500000;325.8500000;7520
TATN;5;20160826;111000;325.8500000;326.1500000;325.3000000;325.4000000;10150
TATN;5;20160826;111500;325.6500000;326.1000000;325.3500000;325.3500000;7500
TATN;5;20160826;112000;325.4500000;325.4500000;325.3000000;325.3000000;590
TATN;5;20160826;112500;325.5000000;325.6500000;325.4000000;325.4000000;4070
TATN;5;20160826;113000;325.6000000;325.6000000;325.1500000;325.1500000;2920
TATN;5;20160826;113500;325.4500000;325.6000000;325.2000000;325.2000000;3860
TATN;5;20160826;114000;325.2000000;325.2000000;325.1500000;325.1500000;1520
TATN;5;20160826;114500;325.1500000;325.1500000;324.6500000;325.0000000;5740
TATN;5;20160826;115000;325.0000000;325.0000000;324.9500000;325.0000000;1050
TATN;5;20160826;115500;324.8500000;324.8500000;324.6000000;324.7000000;6850
TATN;5;20160826;120000;324.7000000;324.7000000;324.3000000;324.3000000;5450
TATN;5;20160826;120500;324.3000000;324.3000000;324.2500000;324.2500000;1270
TATN;5;20160826;121000;324.3000000;324.5500000;324.3000000;324.5500000;330
TATN;5;20160826;121500;324.7500000;325.0000000;324.7500000;325.0000000;1650
TATN;5;20160826;122000;324.8500000;325.1500000;324.8500000;325.1000000;390
TATN;5;20160826;123000;324.9000000;324.9000000;324.6000000;324.9000000;4940
TATN;5;20160826;123500;324.9000000;325.1000000;324.7000000;324.9500000;1800
TATN;5;20160826;124000;324.9500000;325.1000000;324.4000000;324.6500000;4650
TATN;5;20160826;124500;324.6500000;324.7000000;324.6500000;324.7000000;780
TATN;5;20160826;125000;324.7000000;325.0000000;324.5000000;325.0000000;7250
TATN;5;20160826;125500;325.1000000;325.1000000;324.5000000;324.5000000;3990
TATN;5;20160826;130000;324.4000000;324.4000000;324.0500000;324.0500000;2970
TATN;5;20160826;130500;324.0000000;324.2000000;323.2000000;323.8000000;19710
TATN;5;20160826;131000;323.7500000;324.0500000;323.7500000;324.0500000;8960
TATN;5;20160826;131500;323.8000000;323.9500000;323.7500000;323.9500000;15740
TATN;5;20160826;132000;323.9500000;324.2000000;323.9500000;324.2000000;1800
TATN;5;20160826;132500;323.9000000;324.1500000;323.1500000;323.3500000;31690
TATN;5;20160826;133000;323.5000000;323.5500000;322.9000000;323.1000000;10830
TATN;5;20160826;133500;323.0000000;323.1000000;323.0000000;323.1000000;1410
TATN;5;20160826;134000;323.1500000;323.1500000;323.0500000;323.0500000;310
TATN;5;20160826;134500;323.1000000;323.1000000;323.0500000;323.0500000;900
TATN;5;20160826;135000;323.1500000;323.1500000;323.0500000;323.0500000;450
TATN;5;20160826;135500;323.0500000;323.3500000;323.0500000;323.3500000;230
TATN;5;20160826;140000;323.3500000;323.3500000;322.7000000;322.7000000;4980
TATN;5;20160826;140500;322.7500000;322.7500000;322.5000000;322.5000000;2480
TATN;5;20160826;141000;322.8000000;322.8000000;322.5000000;322.5000000;3430
TATN;5;20160826;141500;322.5500000;322.7500000;322.2000000;322.2500000;4340
TATN;5;20160826;142000;322.2500000;322.5000000;322.2500000;322.3000000;1100
TATN;5;20160826;142500;322.4500000;322.4500000;322.1500000;322.1500000;220
TATN;5;20160826;143000;322.1500000;322.1500000;321.8500000;321.8500000;5930
TATN;5;20160826;143500;321.8000000;322.0000000;321.8000000;322.0000000;620
TATN;5;20160826;144000;321.8000000;321.9000000;321.8000000;321.9000000;1240
TATN;5;20160826;144500;321.8000000;321.9500000;321.6500000;321.9500000;2100
TATN;5;20160826;145000;321.6500000;321.8500000;321.6500000;321.6500000;990
TATN;5;20160826;145500;321.6500000;321.8000000;321.5500000;321.6000000;590
TATN;5;20160826;150000;321.7500000;322.1500000;321.5500000;321.6000000;15780
TATN;5;20160826;150500;321.5500000;322.1500000;321.3000000;321.8500000;7400
TATN;5;20160826;151000;322.0500000;322.6000000;322.0500000;322.3500000;2890
TATN;5;20160826;151500;322.3500000;322.5000000;322.1500000;322.1500000;2740
TATN;5;20160826;152000;322.1500000;322.4000000;322.1500000;322.1500000;3410
TATN;5;20160826;152500;322.3500000;322.7500000;322.2500000;322.2500000;720
TATN;5;20160826;153000;322.4500000;322.4500000;322.4500000;322.4500000;10
TATN;5;20160826;153500;322.1000000;322.1000000;321.5500000;321.7500000;4900
TATN;5;20160826;154000;321.8500000;322.2000000;321.3500000;321.8500000;19680
TATN;5;20160826;154500;322.0500000;322.4000000;321.6500000;322.3500000;4350
TATN;5;20160826;155000;322.0500000;322.5000000;321.7500000;322.5000000;9560
TATN;5;20160826;155500;322.5500000;322.8000000;321.7500000;322.3000000;8010
TATN;5;20160826;160000;322.3000000;322.6000000;321.9500000;322.5000000;7570
TATN;5;20160826;160500;322.4000000;322.6000000;322.0000000;322.1500000;7060
TATN;5;20160826;161000;322.3000000;322.5000000;322.1500000;322.5000000;1670
TATN;5;20160826;161500;322.1000000;322.1000000;321.6500000;322.0500000;5060
TATN;5;20160826;162000;322.0500000;322.0500000;321.5000000;321.7000000;7010
TATN;5;20160826;162500;321.5000000;321.6500000;321.2000000;321.3500000;11320
TATN;5;20160826;163000;321.3500000;321.3500000;321.1500000;321.2500000;3510
TATN;5;20160826;163500;321.4000000;322.2000000;321.2500000;322.0500000;20450
TATN;5;20160826;164000;322.0500000;322.7500000;322.0500000;322.6500000;6340
TATN;5;20160826;164500;322.5000000;322.5500000;322.1500000;322.2500000;2630
TATN;5;20160826;165000;322.4000000;322.7000000;322.0500000;322.0500000;13140
TATN;5;20160826;165500;322.1500000;322.4000000;322.0500000;322.3500000;4060
TATN;5;20160826;170000;322.3500000;322.9500000;322.2500000;322.5000000;11410
TATN;5;20160826;170500;322.3500000;322.9500000;322.0000000;322.6000000;54580
TATN;5;20160826;171000;322.8000000;323.5500000;322.6000000;323.0000000;30650
TATN;5;20160826;171500;323.2500000;325.5000000;323.1500000;324.6500000;73730
TATN;5;20160826;172000;324.8500000;325.9500000;324.2500000;325.7500000;55320
TATN;5;20160826;172500;325.7500000;326.6500000;325.3500000;326.1500000;44720
TATN;5;20160826;173000;326.4000000;326.6000000;325.8000000;325.8500000;11940
TATN;5;20160826;173500;325.9500000;325.9500000;324.6500000;324.7000000;9940
TATN;5;20160826;174000;324.8500000;325.3000000;324.6500000;325.0000000;2690
TATN;5;20160826;174500;325.1500000;325.1500000;324.0000000;324.0000000;4970
TATN;5;20160826;175000;324.2500000;324.7000000;324.2000000;324.2500000;3730
TATN;5;20160826;175500;324.2500000;324.5000000;324.1000000;324.3500000;3110
TATN;5;20160826;180000;324.5000000;326.5000000;324.5000000;326.3000000;32290
TATN;5;20160826;180500;326.3000000;326.7000000;326.1500000;326.5000000;32270
TATN;5;20160826;181000;326.5500000;326.6500000;326.3000000;326.6000000;11640
TATN;5;20160826;181500;326.6000000;327.2000000;326.6000000;327.1500000;49300
TATN;5;20160826;182000;327.1500000;327.9500000;326.8500000;327.3500000;26380
TATN;5;20160826;182500;327.6500000;328.0000000;327.3500000;327.9500000;21800
TATN;5;20160826;183000;327.9500000;329.2500000;327.6000000;328.4500000;83600
TATN;5;20160826;183500;328.4500000;329.0500000;328.2500000;329.0500000;19200
TATN;5;20160826;184000;329.0000000;329.0500000;326.2500000;326.3000000;62720
TATN;5;20160826;185000;327.5500000;327.5500000;327.5500000;327.5500000;48990
TATN;5;20160829;100500;325.5500000;325.5500000;322.7000000;323.4000000;26730
TATN;5;20160829;101000;323.4500000;324.2500000;322.8500000;323.0000000;17310
TATN;5;20160829;101500;323.0000000;323.7500000;322.6000000;323.3500000;9320
TATN;5;20160829;102000;323.3000000;323.6500000;323.0000000;323.2000000;7370
TATN;5;20160829;102500;323.2000000;323.5000000;323.1000000;323.4500000;4220
TATN;5;20160829;103000;323.4000000;323.4000000;323.0000000;323.0500000;2350
TATN;5;20160829;103500;323.1000000;323.2500000;323.0000000;323.0500000;4240
TATN;5;20160829;104000;323.0500000;323.1500000;322.5500000;322.5500000;12670
TATN;5;20160829;104500;322.8000000;322.8000000;322.0000000;322.7000000;20540
TATN;5;20160829;105000;322.7000000;322.8000000;322.5000000;322.8000000;2900
TATN;5;20160829;105500;322.6500000;323.7500000;322.6500000;323.5000000;3420
TATN;5;20160829;110000;323.5000000;323.5000000;322.9500000;323.2000000;10520
TATN;5;20160829;110500;323.0000000;323.5000000;322.9000000;323.2500000;2960
TATN;5;20160829;111000;323.4500000;323.7000000;323.4500000;323.7000000;2180
TATN;5;20160829;111500;323.7000000;323.9000000;323.5500000;323.8000000;780
TATN;5;20160829;112000;323.5500000;323.7000000;322.9000000;322.9000000;3460
TATN;5;20160829;112500;323.2000000;323.5500000;322.8500000;323.2000000;3240
TATN;5;20160829;113000;323.2500000;323.7500000;323.1000000;323.7000000;3690
TATN;5;20160829;113500;323.8500000;324.0500000;323.7000000;323.9000000;1240
TATN;5;20160829;114000;324.0500000;324.0500000;323.8000000;323.8000000;1610
TATN;5;20160829;114500;323.8000000;323.8000000;323.3500000;323.4000000;3830
TATN;5;20160829;115000;323.4000000;323.6000000;323.4000000;323.5000000;920
TATN;5;20160829;115500;323.5500000;323.5500000;323.2000000;323.2000000;1500
TATN;5;20160829;120000;323.3500000;323.4000000;323.2500000;323.4000000;1870
TATN;5;20160829;120500;323.3000000;323.3000000;322.8500000;323.0000000;4930
TATN;5;20160829;121000;323.2500000;323.2500000;322.8500000;323.0500000;2170
TATN;5;20160829;121500;322.9000000;323.0500000;322.8000000;322.8000000;1780
TATN;5;20160829;122000;322.8000000;322.9500000;322.6500000;322.9500000;2110
TATN;5;20160829;122500;322.9500000;323.1500000;322.7000000;323.0500000;1220
TATN;5;20160829;123000;323.0500000;323.0500000;322.7000000;322.7500000;2310
TATN;5;20160829;123500;322.7500000;322.7500000;322.6500000;322.7000000;12370
TATN;5;20160829;124000;322.7000000;322.7000000;322.5000000;322.5000000;3680
TATN;5;20160829;124500;322.5000000;322.5000000;322.2500000;322.4000000;21910
TATN;5;20160829;125000;322.4500000;322.5500000;322.3000000;322.5500000;9360
TATN;5;20160829;125500;322.6000000;322.8000000;322.3000000;322.8000000;2540
TATN;5;20160829;130000;322.8000000;322.8000000;322.5500000;322.7500000;690
TATN;5;20160829;130500;322.5500000;322.5500000;322.4500000;322.4500000;1240
TATN;5;20160829;131000;322.6500000;322.7000000;322.4000000;322.5500000;3980
TATN;5;20160829;131500;322.5500000;322.7500000;322.5500000;322.7500000;950
TATN;5;20160829;132000;322.6000000;322.7500000;322.5500000;322.5500000;5400
TATN;5;20160829;132500;322.5500000;322.5500000;322.5500000;322.5500000;1650
TATN;5;20160829;133000;322.7500000;322.7500000;322.6000000;322.6000000;530
TATN;5;20160829;133500;322.6500000;322.9500000;322.6500000;322.9500000;1850
TATN;5;20160829;134000;322.9500000;323.2500000;322.7500000;322.7500000;2560
TATN;5;20160829;134500;322.7500000;322.7500000;322.6500000;322.6500000;1940
TATN;5;20160829;135000;322.6500000;322.6500000;322.6000000;322.6000000;1230
TATN;5;20160829;135500;322.6000000;322.8500000;322.6000000;322.8500000;790
TATN;5;20160829;140000;322.7000000;322.8000000;322.6000000;322.7500000;3910
TATN;5;20160829;140500;322.7500000;322.7500000;322.7500000;322.7500000;150
TATN;5;20160829;141000;322.8000000;322.8500000;322.7000000;322.7000000;2320
TATN;5;20160829;141500;322.8500000;322.8500000;322.5500000;322.6500000;820
TATN;5;20160829;142000;322.8000000;322.8000000;322.5500000;322.6000000;2220
TATN;5;20160829;142500;322.7000000;323.1000000;322.6500000;322.9000000;2150
TATN;5;20160829;143000;322.7500000;322.9000000;322.6000000;322.8000000;1870
TATN;5;20160829;143500;322.6500000;322.6500000;322.5500000;322.5500000;860
TATN;5;20160829;144000;322.5500000;322.6000000;322.5500000;322.6000000;1590
TATN;5;20160829;144500;322.6000000;322.9500000;322.5500000;322.9500000;2080
TATN;5;20160829;145000;323.0500000;323.3000000;323.0000000;323.0000000;2070
TATN;5;20160829;145500;322.8000000;322.8000000;322.7000000;322.7000000;780
TATN;5;20160829;150000;322.7000000;322.7000000;322.5500000;322.5500000;4800
TATN;5;20160829;150500;322.5500000;322.8000000;322.5500000;322.7500000;390
TATN;5;20160829;151000;322.6500000;322.7000000;322.6000000;322.7000000;830
TATN;5;20160829;151500;322.7000000;323.0500000;322.6500000;322.6500000;4520
TATN;5;20160829;152000;322.7000000;322.7000000;322.6500000;322.6500000;2850
TATN;5;20160829;152500;322.6000000;322.6500000;322.5500000;322.5500000;1310
TATN;5;20160829;153000;322.6000000;322.7000000;322.6000000;322.7000000;170
TATN;5;20160829;153500;322.7000000;322.8000000;322.7000000;322.8000000;810
TATN;5;20160829;154000;322.6500000;322.7500000;322.6000000;322.6500000;1000
TATN;5;20160829;154500;322.6500000;322.6500000;322.6000000;322.6000000;1060
TATN;5;20160829;155000;322.6000000;323.1000000;322.6000000;323.0000000;1980
TATN;5;20160829;155500;323.0000000;323.2000000;322.7000000;322.7000000;3140
TATN;5;20160829;160000;322.6500000;322.8500000;322.5500000;322.5500000;9980
TATN;5;20160829;160500;322.5500000;322.6500000;322.5500000;322.6500000;4920
TATN;5;20160829;161000;322.6500000;322.6500000;322.6500000;322.6500000;350
TATN;5;20160829;161500;322.7000000;322.7000000;322.7000000;322.7000000;220
TATN;5;20160829;162000;322.8000000;322.8500000;322.8000000;322.8000000;810
TATN;5;20160829;162500;322.7000000;323.0000000;322.6000000;323.0000000;3520
TATN;5;20160829;163000;322.9500000;323.0000000;322.9000000;322.9000000;1270
TATN;5;20160829;163500;322.8500000;322.9000000;322.8000000;322.9000000;1640
TATN;5;20160829;164000;323.0500000;323.2500000;323.0500000;323.2500000;930
TATN;5;20160829;164500;323.2000000;323.3000000;323.1500000;323.2500000;1390
TATN;5;20160829;165000;323.2000000;323.3000000;323.0000000;323.2500000;760
TATN;5;20160829;165500;323.1000000;323.2500000;323.1000000;323.2500000;830
TATN;5;20160829;170000;323.0500000;323.2500000;323.0000000;323.1500000;170
TATN;5;20160829;170500;323.0000000;323.7000000;322.9500000;323.7000000;2620
TATN;5;20160829;171000;323.7000000;324.2500000;323.6500000;324.1000000;7390
TATN;5;20160829;171500;324.0500000;324.2500000;323.9500000;324.2000000;550
TATN;5;20160829;172000;324.1500000;324.2500000;323.9500000;324.0500000;5490
TATN;5;20160829;172500;324.0500000;324.2500000;323.8500000;324.0500000;4270
TATN;5;20160829;173000;324.0000000;324.0000000;323.5500000;323.5500000;3940
TATN;5;20160829;173500;323.5500000;323.6000000;323.0000000;323.1500000;4950
TATN;5;20160829;174000;323.1000000;323.4500000;323.1000000;323.4500000;5480
TATN;5;20160829;174500;323.3500000;323.7500000;323.3000000;323.4500000;3650
TATN;5;20160829;175000;323.3500000;323.7000000;323.1500000;323.3500000;5830
TATN;5;20160829;175500;323.2500000;323.4500000;323.1000000;323.1000000;2000
TATN;5;20160829;180000;323.1000000;323.3000000;323.0000000;323.3000000;3800
TATN;5;20160829;180500;323.4000000;324.5000000;323.4000000;324.5000000;14560
TATN;5;20160829;181000;324.4500000;325.1500000;324.4500000;325.1000000;17860
TATN;5;20160829;181500;325.2000000;325.3500000;324.8500000;325.0000000;8840
TATN;5;20160829;182000;325.0500000;325.0500000;324.8500000;324.8500000;7560
TATN;5;20160829;182500;324.8500000;325.0500000;324.7500000;325.0500000;6200
TATN;5;20160829;183000;325.0500000;325.8000000;325.0000000;325.5000000;16890
TATN;5;20160829;183500;325.5500000;325.6500000;325.1000000;325.4000000;15700
TATN;5;20160829;184000;325.4500000;326.6500000;325.4500000;326.6000000;79300
TATN;5;20160829;185000;326.2500000;326.2500000;326.2500000;326.2500000;30870
TATN;5;20160830;100500;326.5000000;326.5500000;325.5500000;325.5500000;29660
TATN;5;20160830;101000;325.8000000;326.0000000;325.4500000;325.8000000;11510
TATN;5;20160830;101500;325.7000000;325.9500000;325.5000000;325.6500000;4540
TATN;5;20160830;102000;325.5500000;325.5500000;324.8000000;325.0500000;13670
TATN;5;20160830;102500;325.0500000;325.1500000;324.6500000;324.7500000;10950
TATN;5;20160830;103000;324.7500000;326.8500000;324.7500000;326.8000000;11030
TATN;5;20160830;103500;326.8000000;327.4500000;326.5500000;326.9500000;4380
TATN;5;20160830;104000;327.2500000;327.5500000;327.1000000;327.1000000;5600
TATN;5;20160830;104500;327.2500000;327.5000000;327.1000000;327.1000000;10200
TATN;5;20160830;105000;327.2500000;327.9500000;327.2000000;327.8000000;4720
TATN;5;20160830;105500;327.9500000;328.5000000;327.8500000;328.4500000;19290
TATN;5;20160830;110000;328.4500000;328.6000000;328.3000000;328.4000000;6690
TATN;5;20160830;110500;328.4000000;328.4500000;327.9000000;328.0000000;8860
TATN;5;20160830;111000;328.2000000;328.2500000;328.0500000;328.1500000;1630
TATN;5;20160830;111500;328.1500000;328.3000000;327.7500000;328.3000000;7740
TATN;5;20160830;112000;328.3000000;328.3500000;325.9000000;326.4500000;21130
TATN;5;20160830;112500;326.5000000;326.7000000;326.5000000;326.5000000;4400
TATN;5;20160830;113000;326.6500000;327.1000000;326.6500000;326.8000000;2740
TATN;5;20160830;113500;327.0000000;327.5500000;326.8000000;327.4500000;3420
TATN;5;20160830;114000;327.4500000;327.7500000;327.4500000;327.7500000;780
TATN;5;20160830;114500;327.9000000;328.3000000;327.9000000;328.2000000;1810
TATN;5;20160830;115000;328.2000000;328.3500000;326.0000000;326.8000000;44150
TATN;5;20160830;115500;326.9500000;326.9500000;326.7500000;326.7500000;2220
TATN;5;20160830;120000;326.8000000;327.0000000;326.7500000;326.9500000;900
TATN;5;20160830;120500;326.8000000;326.9000000;326.7500000;326.9000000;1520
TATN;5;20160830;121000;326.9000000;326.9000000;326.5000000;326.6000000;6570
TATN;5;20160830;121500;326.9000000;327.1500000;326.4000000;326.6000000;5010
TATN;5;20160830;122000;326.8000000;326.8000000;326.3000000;326.6000000;1350
TATN;5;20160830;122500;326.5000000;326.7000000;326.4500000;326.7000000;310
TATN;5;20160830;123000;326.7000000;326.8500000;326.6000000;326.6000000;850
TATN;5;20160830;123500;326.9500000;327.1000000;326.9000000;327.1000000;1810
TATN;5;20160830;124000;327.1500000;327.3000000;326.7500000;327.0500000;4600
TATN;5;20160830;124500;327.0500000;327.1000000;326.8500000;327.1000000;1410
TATN;5;20160830;125000;327.0500000;327.7500000;327.0500000;327.7500000;810
TATN;5;20160830;125500;327.7500000;327.8000000;327.5500000;327.6500000;3590
TATN;5;20160830;130000;327.7500000;327.9500000;326.0500000;326.5000000;31910
TATN;5;20160830;130500;326.5500000;326.7000000;326.5000000;326.5000000;2090
TATN;5;20160830;131000;326.6000000;326.8500000;326.5500000;326.8000000;8480
TATN;5;20160830;131500;326.8000000;326.8000000;326.7500000;326.8000000;1070
TATN;5;20160830;132000;326.8000000;326.8000000;326.3500000;326.3500000;1350
TATN;5;20160830;132500;326.5000000;326.5000000;326.4000000;326.5000000;1570
TATN;5;20160830;133000;326.5500000;326.7000000;326.4500000;326.5000000;2470
TATN;5;20160830;133500;326.4000000;326.6500000;326.1000000;326.5000000;4360
TATN;5;20160830;134000;326.7500000;326.8500000;326.3000000;326.5000000;2100
TATN;5;20160830;134500;326.6000000;326.6000000;326.3000000;326.4000000;1070
TATN;5;20160830;135000;326.6000000;326.8000000;326.5000000;326.6000000;680
TATN;5;20160830;135500;326.8500000;326.8500000;326.4500000;326.5000000;1460
TATN;5;20160830;140000;326.7000000;326.8000000;326.7000000;326.7500000;1270
TATN;5;20160830;140500;326.5500000;326.5500000;326.5500000;326.5500000;200
TATN;5;20160830;141000;326.7000000;326.7500000;326.5000000;326.5000000;1750
TATN;5;20160830;141500;326.4500000;326.5000000;326.2500000;326.3500000;630
TATN;5;20160830;142000;326.5500000;326.7500000;326.4000000;326.6000000;1130
TATN;5;20160830;142500;326.7500000;326.7500000;326.3500000;326.4500000;2820
TATN;5;20160830;143000;326.2500000;326.7500000;326.2000000;326.4000000;3180
TATN;5;20160830;143500;326.4500000;326.4500000;326.3000000;326.4000000;870
TATN;5;20160830;144000;326.4000000;326.7500000;326.4000000;326.7500000;1270
TATN;5;20160830;144500;326.7500000;326.9000000;326.5500000;326.9000000;2270
TATN;5;20160830;145000;326.9000000;326.9000000;326.8000000;326.8000000;240
TATN;5;20160830;145500;326.8000000;326.8000000;326.6500000;326.6500000;1670
TATN;5;20160830;150000;326.9000000;327.0000000;326.6500000;326.9500000;2180
TATN;5;20160830;150500;326.9500000;326.9500000;326.6500000;326.7500000;1700
TATN;5;20160830;151000;326.7000000;326.8000000;326.6000000;326.8000000;1110
TATN;5;20160830;151500;326.8000000;326.9000000;326.7000000;326.9000000;1930
TATN;5;20160830;152000;326.6500000;326.9000000;326.6000000;326.8000000;610
TATN;5;20160830;152500;326.8000000;326.8000000;326.3500000;326.3500000;1530
TATN;5;20160830;153000;326.3500000;326.4500000;326.2500000;326.4500000;1340
TATN;5;20160830;153500;326.4500000;326.4500000;326.0000000;326.3000000;3800
TATN;5;20160830;154000;326.4000000;326.4500000;326.4000000;326.4500000;740
TATN;5;20160830;154500;326.2500000;326.2500000;326.0000000;326.2000000;2300
TATN;5;20160830;155000;326.1500000;326.4500000;326.1000000;326.4500000;880
TATN;5;20160830;155500;326.5000000;326.9000000;326.4000000;326.4000000;1860
TATN;5;20160830;160000;326.7000000;326.9500000;326.5500000;326.6000000;2110
TATN;5;20160830;160500;326.9500000;327.2000000;326.5500000;326.5500000;3680
TATN;5;20160830;161000;326.5500000;326.7500000;326.5000000;326.7500000;1040
TATN;5;20160830;161500;326.5500000;326.6000000;326.3000000;326.6000000;7090
TATN;5;20160830;162000;326.4500000;326.7000000;326.4500000;326.5500000;690
TATN;5;20160830;162500;326.5500000;326.6500000;326.4500000;326.4500000;12690
TATN;5;20160830;163000;326.3500000;326.5500000;326.3500000;326.4500000;2230
TATN;5;20160830;163500;326.6000000;326.9000000;326.3500000;326.9000000;4240
TATN;5;20160830;164000;326.9500000;327.0000000;326.5000000;326.7500000;6400
TATN;5;20160830;164500;326.7000000;327.2500000;326.7000000;327.2000000;5530
TATN;5;20160830;165000;327.2500000;327.5000000;327.1000000;327.3500000;3480
TATN;5;20160830;165500;327.0500000;327.7500000;327.0000000;327.7500000;7360
TATN;5;20160830;170000;327.7500000;327.7500000;327.3500000;327.4000000;2490
TATN;5;20160830;170500;327.3500000;327.4500000;327.0000000;327.1000000;7990
TATN;5;20160830;171000;327.1500000;327.7000000;326.3500000;326.5000000;17580
TATN;5;20160830;171500;326.5500000;326.8500000;326.5500000;326.7000000;8960
TATN;5;20160830;172000;326.6000000;327.0000000;326.6000000;326.6000000;12280
TATN;5;20160830;172500;326.6000000;327.3000000;326.6000000;326.8000000;11800
TATN;5;20160830;173000;326.7500000;326.8500000;326.0000000;326.5500000;41670
TATN;5;20160830;173500;326.5000000;326.7500000;326.3000000;326.4500000;15920
TATN;5;20160830;174000;326.6500000;326.7500000;326.0000000;326.2500000;10890
TATN;5;20160830;174500;326.1500000;326.2500000;326.0000000;326.0000000;3110
TATN;5;20160830;175000;326.0000000;326.0500000;324.7000000;324.8500000;12470
TATN;5;20160830;175500;324.8500000;325.9000000;324.8500000;325.0500000;4860
TATN;5;20160830;180000;324.9000000;326.2500000;324.8500000;326.1000000;7370
TATN;5;20160830;180500;326.1000000;326.1500000;325.4000000;325.9000000;2230
TATN;5;20160830;181000;326.0500000;326.2500000;325.6000000;325.6000000;4200
TATN;5;20160830;181500;325.6000000;325.7000000;325.5000000;325.5500000;1450
TATN;5;20160830;182000;325.5500000;325.8000000;325.2000000;325.7000000;4000
TATN;5;20160830;182500;325.7000000;325.9500000;325.3500000;325.9500000;2210
TATN;5;20160830;183000;325.9000000;325.9000000;325.4500000;325.7500000;3270
TATN;5;20160830;183500;325.7000000;326.7000000;325.3000000;326.5000000;31430
TATN;5;20160830;184000;326.3500000;326.3500000;325.2500000;325.2500000;73360
TATN;5;20160830;185000;325.5500000;325.5500000;325.5500000;325.5500000;15440
TATN;5;20160831;100500;325.0000000;326.0000000;324.8000000;325.7500000;12330
TATN;5;20160831;101000;325.6500000;326.3500000;325.6000000;325.6500000;37700
TATN;5;20160831;101500;325.8000000;326.0000000;325.6500000;326.0000000;3990
TATN;5;20160831;102000;325.9000000;325.9000000;324.8500000;325.0500000;38620
TATN;5;20160831;102500;324.8000000;324.8000000;323.3000000;323.9000000;51920
TATN;5;20160831;103000;323.9000000;323.9000000;322.7000000;322.7500000;27460
TATN;5;20160831;103500;322.8000000;323.2500000;322.7000000;323.1000000;16500
TATN;5;20160831;104000;322.8500000;323.2500000;322.8000000;323.1000000;19910
TATN;5;20160831;104500;323.1000000;323.3000000;322.8000000;322.9000000;16990
TATN;5;20160831;105000;322.9000000;323.3000000;322.9000000;323.2000000;7540
TATN;5;20160831;105500;323.2000000;323.2500000;322.9000000;323.1000000;5030
TATN;5;20160831;110000;323.0500000;323.1000000;322.9000000;323.1000000;31210
TATN;5;20160831;110500;323.0000000;323.0500000;322.9000000;323.0000000;9520
TATN;5;20160831;111000;323.0000000;323.1000000;322.9000000;322.9000000;3640
TATN;5;20160831;111500;322.9000000;323.4000000;322.9000000;323.3500000;6020
TATN;5;20160831;112000;323.0500000;323.3500000;322.9000000;323.0000000;11290
TATN;5;20160831;112500;323.0000000;323.4000000;323.0000000;323.1500000;2200
TATN;5;20160831;113000;323.1500000;323.4000000;323.1500000;323.3000000;3330
TATN;5;20160831;113500;323.2500000;323.4000000;323.1500000;323.3500000;4300
TATN;5;20160831;114000;323.2500000;323.4500000;323.1500000;323.2500000;24990
TATN;5;20160831;114500;323.2000000;323.4500000;323.1000000;323.3500000;16430
TATN;5;20160831;115000;323.2500000;323.7000000;323.2500000;323.3000000;6050
TATN;5;20160831;115500;323.3000000;323.5000000;323.3000000;323.5000000;8170
TATN;5;20160831;120000;323.5000000;323.5000000;323.2000000;323.2000000;3910
TATN;5;20160831;120500;323.2500000;323.4500000;323.2000000;323.2000000;7670
TATN;5;20160831;121000;323.3000000;323.7500000;323.3000000;323.6500000;3560
TATN;5;20160831;121500;323.5500000;323.7000000;323.0000000;323.1500000;18570
TATN;5;20160831;122000;323.1500000;324.3500000;323.1500000;324.3000000;17400
TATN;5;20160831;122500;324.3500000;324.6500000;324.0500000;324.5000000;18440
TATN;5;20160831;123000;324.2500000;324.2500000;323.5000000;323.5000000;10330
TATN;5;20160831;123500;323.6500000;324.3000000;323.6000000;323.7500000;11730
TATN;5;20160831;124000;324.0000000;324.1000000;323.7500000;324.0500000;3160
TATN;5;20160831;124500;324.0500000;324.2500000;323.8000000;323.8000000;6050
TATN;5;20160831;125000;324.0000000;324.3000000;323.8000000;323.9500000;22160
TATN;5;20160831;125500;324.2000000;324.3000000;324.0000000;324.1500000;5520
TATN;5;20160831;130000;324.2500000;324.4000000;323.9500000;324.1000000;2960
TATN;5;20160831;130500;324.1000000;324.1000000;323.8000000;323.8000000;10040
TATN;5;20160831;131000;323.8000000;324.1000000;323.8000000;323.8000000;17600
TATN;5;20160831;131500;323.8000000;324.0000000;323.8000000;323.8000000;3000
TATN;5;20160831;132000;323.8000000;323.9000000;323.8000000;323.8500000;21800
TATN;5;20160831;132500;323.8500000;324.0000000;323.8000000;324.0000000;3930
TATN;5;20160831;133000;323.8000000;324.3000000;323.8000000;324.1000000;10210
TATN;5;20160831;133500;324.1000000;324.3500000;324.0000000;324.0500000;5670
TATN;5;20160831;134000;324.2500000;324.2500000;324.1500000;324.1500000;1020
TATN;5;20160831;134500;324.2500000;324.6000000;324.2000000;324.2000000;3230
TATN;5;20160831;135000;324.2000000;324.3000000;324.2000000;324.3000000;460
TATN;5;20160831;135500;324.5000000;324.5000000;324.1000000;324.1500000;1920
TATN;5;20160831;140000;324.1500000;324.1500000;324.1500000;324.1500000;540
TATN;5;20160831;140500;324.1500000;324.5000000;324.1500000;324.5000000;1030
TATN;5;20160831;141000;324.2500000;324.3000000;324.1500000;324.2500000;670
TATN;5;20160831;141500;324.3000000;324.6000000;324.3000000;324.5500000;2340
TATN;5;20160831;142000;324.3500000;324.4500000;324.1500000;324.1500000;620
TATN;5;20160831;142500;324.2000000;324.7500000;324.1000000;324.7500000;5060
TATN;5;20160831;143000;324.6500000;324.7000000;324.6500000;324.6500000;520
TATN;5;20160831;143500;324.7000000;324.7000000;324.3500000;324.3500000;1290
TATN;5;20160831;144000;324.4500000;324.4500000;324.2500000;324.4000000;450
TATN;5;20160831;144500;324.3500000;324.8000000;324.3500000;324.8000000;2840
TATN;5;20160831;145000;324.8000000;325.0500000;324.8000000;325.0000000;650
TATN;5;20160831;145500;324.9500000;324.9500000;324.8000000;324.8000000;270
TATN;5;20160831;150000;324.7500000;324.9500000;324.6500000;324.9500000;2810
TATN;5;20160831;150500;324.9000000;324.9500000;324.7000000;324.9500000;200
TATN;5;20160831;151000;324.9500000;325.2000000;324.8500000;325.0000000;9870
TATN;5;20160831;151500;325.2500000;325.2500000;324.8000000;324.8000000;1540
TATN;5;20160831;152000;324.7500000;324.8000000;324.6000000;324.6000000;380
TATN;5;20160831;152500;324.7500000;324.7500000;324.3000000;324.6500000;5190
TATN;5;20160831;153000;324.5000000;325.0500000;324.3500000;324.7000000;6450
TATN;5;20160831;153500;324.5500000;324.8500000;324.3500000;324.4000000;3670
TATN;5;20160831;154000;324.3500000;324.4000000;324.0000000;324.4000000;3630
TATN;5;20160831;154500;324.2000000;324.2000000;323.8500000;323.9000000;2190
TATN;5;20160831;155000;323.8000000;324.0500000;323.8000000;323.8500000;8780
TATN;5;20160831;155500;324.0500000;324.0500000;323.8000000;323.8000000;1900
TATN;5;20160831;160000;323.8500000;324.0000000;323.8000000;323.8000000;2300
TATN;5;20160831;160500;324.0000000;324.0000000;323.8000000;323.8500000;8960
TATN;5;20160831;161000;323.8000000;323.9500000;323.8000000;323.8000000;2110
TATN;5;20160831;161500;323.8000000;323.9000000;323.8000000;323.8000000;19210
TATN;5;20160831;162000;323.9500000;324.1000000;323.8500000;323.8500000;1630
TATN;5;20160831;162500;324.0000000;324.0000000;323.8000000;323.9500000;5580
TATN;5;20160831;163000;323.9500000;324.0500000;323.8000000;323.9000000;24490
TATN;5;20160831;163500;323.8500000;323.9000000;323.3500000;323.3500000;33270
TATN;5;20160831;164000;323.5500000;323.5500000;323.5000000;323.5000000;1490
TATN;5;20160831;164500;323.4500000;323.4500000;322.9500000;322.9500000;21790
TATN;5;20160831;165000;322.9000000;322.9000000;322.4000000;322.6000000;15320
TATN;5;20160831;165500;322.5500000;322.5500000;322.0000000;322.3000000;31800
TATN;5;20160831;170000;322.1500000;322.3000000;322.1000000;322.1500000;900
TATN;5;20160831;170500;322.2500000;322.3000000;322.0000000;322.2500000;19570
TATN;5;20160831;171000;322.2500000;322.3000000;322.0000000;322.0000000;11880
TATN;5;20160831;171500;322.0000000;322.0500000;321.2000000;321.2000000;53160
TATN;5;20160831;172000;321.2500000;321.5000000;321.2000000;321.3000000;9370
TATN;5;20160831;172500;321.2500000;321.3500000;321.1500000;321.2000000;13230
TATN;5;20160831;173000;321.2000000;321.5500000;321.1000000;321.3500000;19420
TATN;5;20160831;173500;321.3000000;321.3000000;320.4000000;320.8000000;53920
TATN;5;20160831;174000;320.8000000;321.1500000;320.6000000;321.1500000;12410
TATN;5;20160831;174500;321.0000000;321.5000000;320.5000000;320.6000000;29330
TATN;5;20160831;175000;320.6000000;320.8000000;320.2500000;320.2500000;36740
TATN;5;20160831;175500;320.3000000;320.8000000;320.1500000;320.1500000;27900
TATN;5;20160831;180000;320.1000000;320.3000000;320.0000000;320.0000000;20670
TATN;5;20160831;180500;320.0000000;320.0500000;319.0000000;319.2500000;36760
TATN;5;20160831;181000;319.2500000;319.7500000;318.5000000;319.7500000;59670
TATN;5;20160831;181500;319.5500000;320.2000000;319.5000000;320.2000000;28700
TATN;5;20160831;182000;320.2000000;320.4000000;319.6000000;319.6000000;12310
TATN;5;20160831;182500;319.6500000;320.7500000;319.6000000;320.2500000;49240
TATN;5;20160831;183000;320.1000000;320.7000000;319.6500000;320.1000000;34600
TATN;5;20160831;183500;320.1000000;321.4500000;320.0000000;321.3500000;160630
TATN;5;20160831;184000;321.3500000;321.6000000;316.0500000;319.9500000;490270
TATN;5;20160831;185000;317.7500000;317.7500000;317.7500000;317.7500000;177770
TATN;5;20160901;100500;318.8500000;319.8500000;318.0500000;318.9000000;42330
TATN;5;20160901;101000;319.1000000;320.9000000;318.8500000;318.8500000;123660
TATN;5;20160901;101500;318.8500000;318.8500000;318.1500000;318.4000000;23410
TATN;5;20160901;102000;318.4500000;320.9000000;318.4000000;319.5500000;92950
TATN;5;20160901;102500;319.8500000;319.9500000;319.5000000;319.7000000;6930
TATN;5;20160901;103000;319.7500000;319.9500000;319.5500000;319.8500000;16140
TATN;5;20160901;103500;319.8000000;320.2500000;319.8000000;320.2500000;19660
TATN;5;20160901;104000;320.0500000;320.6500000;320.0000000;320.6000000;6840
TATN;5;20160901;104500;320.6000000;320.6500000;320.3000000;320.5000000;9430
TATN;5;20160901;105000;320.4000000;320.6500000;320.4000000;320.4000000;7530
TATN;5;20160901;105500;320.4000000;320.6000000;320.1000000;320.2000000;16760
TATN;5;20160901;110000;320.1500000;320.8000000;320.0000000;320.5500000;26590
TATN;5;20160901;110500;320.5500000;320.9000000;320.2000000;320.7500000;18650
TATN;5;20160901;111000;320.7000000;321.5000000;320.7000000;321.3500000;6870
TATN;5;20160901;111500;321.4500000;321.9500000;321.4500000;321.7500000;13010
TATN;5;20160901;112000;321.9000000;322.5000000;321.7500000;322.2500000;37850
TATN;5;20160901;112500;322.3500000;322.5000000;321.5500000;321.6500000;22770
TATN;5;20160901;113000;321.5500000;321.6000000;321.0500000;321.3000000;12610
TATN;5;20160901;113500;321.5500000;321.6500000;321.0500000;321.6500000;12570
TATN;5;20160901;114000;321.5500000;321.6000000;321.2000000;321.5500000;9770
TATN;5;20160901;114500;321.4000000;321.7000000;321.3500000;321.7000000;2670
TATN;5;20160901;115000;321.6000000;321.7500000;321.5000000;321.7000000;760
TATN;5;20160901;115500;321.7000000;321.7000000;321.5500000;321.7000000;930
TATN;5;20160901;120000;321.6500000;321.6500000;321.5500000;321.6000000;1680
TATN;5;20160901;120500;321.5500000;321.6000000;321.5500000;321.6000000;8970
TATN;5;20160901;121000;321.6000000;321.8500000;321.5000000;321.8000000;6110
TATN;5;20160901;121500;321.7000000;322.0000000;321.5500000;321.7500000;12550
TATN;5;20160901;122000;321.5500000;321.7000000;321.4000000;321.7000000;15180
TATN;5;20160901;122500;321.6000000;321.8000000;321.5500000;321.5500000;7680
TATN;5;20160901;123000;321.5500000;321.5500000;321.3500000;321.3500000;2600
TATN;5;20160901;123500;321.3500000;321.7000000;321.3500000;321.7000000;5890
TATN;5;20160901;124000;321.5000000;321.5000000;321.4000000;321.4000000;1810
TATN;5;20160901;124500;321.3500000;321.4500000;321.3500000;321.4500000;11540
TATN;5;20160901;125500;321.4500000;321.8000000;321.4000000;321.8000000;2180
TATN;5;20160901;130000;321.7000000;321.7000000;321.7000000;321.7000000;210
TATN;5;20160901;130500;321.7000000;321.7000000;321.5000000;321.6500000;2340
TATN;5;20160901;131000;321.5000000;321.5000000;320.9500000;320.9500000;27450
TATN;5;20160901;131500;321.0000000;321.0000000;320.9500000;320.9500000;2020
TATN;5;20160901;132500;321.0000000;321.0000000;320.9500000;320.9500000;1270
TATN;5;20160901;133000;321.0000000;321.3500000;321.0000000;321.3000000;3160
TATN;5;20160901;133500;321.3000000;321.3500000;321.2000000;321.2000000;1250
TATN;5;20160901;134000;321.2500000;321.2500000;321.2000000;321.2500000;9810
TATN;5;20160901;134500;321.3000000;321.6000000;321.3000000;321.4000000;2090
TATN;5;20160901;135000;321.4000000;321.4000000;321.2000000;321.2500000;1950
TATN;5;20160901;135500;321.2500000;321.4000000;321.2500000;321.4000000;1080
TATN;5;20160901;140000;321.4500000;321.4500000;320.7000000;320.9500000;19400
TATN;5;20160901;140500;320.7500000;320.7500000;320.7500000;320.7500000;350
TATN;5;20160901;141000;320.6500000;320.6500000;320.4500000;320.4500000;3040
TATN;5;20160901;141500;320.5000000;320.6500000;320.1500000;320.6500000;5450
TATN;5;20160901;142000;320.4000000;320.4000000;320.4000000;320.4000000;920
TATN;5;20160901;142500;320.4000000;320.5000000;320.4000000;320.5000000;40
TATN;5;20160901;143000;320.5000000;320.5000000;320.4500000;320.4500000;1540
TATN;5;20160901;143500;320.7000000;320.7000000;320.4500000;320.4500000;1000
TATN;5;20160901;144000;320.5000000;320.5000000;320.1000000;320.4000000;5410
TATN;5;20160901;144500;320.1500000;320.3500000;320.1500000;320.3500000;180
TATN;5;20160901;145000;320.3500000;320.4000000;320.3500000;320.4000000;1350
TATN;5;20160901;145500;320.3500000;320.3500000;319.3500000;319.5500000;27180
TATN;5;20160901;150000;319.6500000;320.3000000;319.6500000;320.2000000;6430
TATN;5;20160901;150500;320.2500000;320.8000000;320.2500000;320.8000000;3080
TATN;5;20160901;151000;320.6000000;320.6500000;320.6000000;320.6500000;320
TATN;5;20160901;151500;320.5500000;320.5500000;319.9500000;320.2000000;14530
TATN;5;20160901;152000;320.5000000;320.5000000;319.9000000;319.9000000;1570
TATN;5;20160901;152500;319.9000000;320.3000000;319.7000000;319.9000000;7720
TATN;5;20160901;153000;320.0000000;321.0000000;319.7000000;320.7500000;13070
TATN;5;20160901;153500;320.7500000;321.0000000;320.2500000;320.7500000;7060
TATN;5;20160901;154000;320.9500000;321.5500000;320.9500000;321.5500000;3070
TATN;5;20160901;154500;321.3000000;321.3000000;320.8500000;320.9000000;10390
TATN;5;20160901;155000;320.8500000;321.4500000;320.8000000;321.1000000;2480
TATN;5;20160901;155500;321.1000000;321.1000000;320.6500000;320.6500000;2050
TATN;5;20160901;160000;320.8000000;321.5500000;320.8000000;321.4000000;9540
TATN;5;20160901;160500;321.4000000;321.4000000;320.8000000;321.2500000;5570
TATN;5;20160901;161000;321.2500000;321.5500000;321.2500000;321.5000000;620
TATN;5;20160901;161500;321.5000000;321.7000000;321.3500000;321.4500000;6050
TATN;5;20160901;162000;321.3500000;321.7500000;321.3500000;321.4000000;8420
TATN;5;20160901;162500;321.4500000;321.5000000;321.1500000;321.5000000;8150
TATN;5;20160901;163000;321.5000000;321.6000000;321.1000000;321.3500000;11190
TATN;5;20160901;163500;321.3500000;321.7500000;321.3000000;321.7000000;24400
TATN;5;20160901;164000;321.8000000;322.7500000;321.7000000;322.5000000;37440
TATN;5;20160901;164500;322.6500000;322.8000000;322.3000000;322.8000000;3720
TATN;5;20160901;165000;322.8000000;322.8000000;322.1000000;322.6000000;11410
TATN;5;20160901;165500;322.5500000;322.7500000;322.2000000;322.2000000;7550
TATN;5;20160901;170000;322.3500000;322.5000000;322.2000000;322.5000000;7030
TATN;5;20160901;170500;322.4500000;322.9000000;321.8000000;321.8000000;32700
TATN;5;20160901;171000;321.9000000;322.7500000;321.5500000;321.9000000;43480
TATN;5;20160901;171500;321.9000000;322.0500000;321.2500000;321.5500000;13590
TATN;5;20160901;172000;321.5500000;321.9500000;321.2500000;321.7500000;16540
TATN;5;20160901;172500;321.8500000;321.9000000;321.4000000;321.5000000;12310
TATN;5;20160901;173000;321.7500000;321.9000000;321.2000000;321.8000000;7040
TATN;5;20160901;173500;321.9500000;322.2500000;321.3000000;321.4000000;3400
TATN;5;20160901;174000;321.4000000;321.4500000;321.0500000;321.3000000;5400
TATN;5;20160901;174500;321.3000000;321.9500000;321.2000000;321.9000000;4760
TATN;5;20160901;175000;321.9000000;321.9000000;321.7500000;321.9000000;3450
TATN;5;20160901;175500;321.9000000;321.9500000;321.7000000;321.9500000;2790
TATN;5;20160901;180000;321.9500000;321.9500000;321.9000000;321.9000000;1870
TATN;5;20160901;180500;321.9000000;322.4000000;321.6500000;322.4000000;15930
TATN;5;20160901;181000;322.4000000;322.5000000;322.3000000;322.5000000;5420
TATN;5;20160901;181500;322.5000000;322.9000000;322.3000000;322.8500000;26220
TATN;5;20160901;182000;322.9000000;323.1500000;322.7000000;322.9000000;15440
TATN;5;20160901;182500;322.9000000;323.2000000;322.9000000;323.2000000;10250
TATN;5;20160901;183000;323.1000000;323.6000000;323.0000000;323.6000000;31780
TATN;5;20160901;183500;323.6000000;324.1000000;323.2500000;324.0000000;91470
TATN;5;20160901;184000;324.0500000;324.1000000;321.6500000;321.6500000;91260
TATN;5;20160901;185000;322.8500000;322.8500000;322.8500000;322.8500000;18410
TATN;5;20160902;100500;322.8500000;322.8500000;321.6500000;321.6500000;2040
TATN;5;20160902;101000;321.9000000;321.9000000;321.0000000;321.4000000;10040
TATN;5;20160902;101500;321.6000000;321.9000000;321.4000000;321.6000000;4030
TATN;5;20160902;102000;321.5500000;321.7500000;320.6000000;320.8500000;13820
TATN;5;20160902;102500;321.1000000;321.7500000;320.6500000;321.2000000;6450
TATN;5;20160902;103000;321.2000000;321.9500000;321.1500000;321.3500000;6480
TATN;5;20160902;103500;321.3500000;321.6000000;321.3000000;321.4000000;2030
TATN;5;20160902;104000;321.6000000;322.6000000;321.4000000;322.1500000;8460
TATN;5;20160902;104500;322.1000000;322.3500000;321.6500000;322.1500000;6280
TATN;5;20160902;105000;322.1500000;322.5000000;321.1000000;321.3500000;7190
TATN;5;20160902;105500;321.8500000;322.6500000;321.8500000;322.5000000;2350
TATN;5;20160902;110000;322.6500000;322.8000000;322.0000000;322.0000000;4450
TATN;5;20160902;110500;322.2000000;322.2000000;321.1000000;321.1500000;8860
TATN;5;20160902;111000;321.1500000;321.4000000;320.9000000;321.4000000;6550
TATN;5;20160902;111500;321.4000000;321.4000000;320.4000000;320.7500000;8870
TATN;5;20160902;112000;320.5500000;320.9500000;320.5500000;320.6500000;5170
TATN;5;20160902;112500;320.6500000;320.8000000;320.4500000;320.4500000;5290
TATN;5;20160902;113000;320.7500000;321.5500000;320.7500000;321.5500000;2140
TATN;5;20160902;113500;321.2000000;321.5000000;321.0000000;321.0000000;1210
TATN;5;20160902;114000;321.0000000;321.0000000;320.4000000;320.5000000;6390
TATN;5;20160902;114500;320.5000000;321.3500000;320.5000000;321.3000000;1700
TATN;5;20160902;115000;321.1000000;321.2500000;321.1000000;321.2500000;610
TATN;5;20160902;115500;321.1000000;321.2000000;321.0500000;321.0500000;620
TATN;5;20160902;120000;321.1500000;321.2000000;321.1000000;321.2000000;850
TATN;5;20160902;120500;321.1500000;321.1500000;320.9500000;321.1000000;7710
TATN;5;20160902;121000;321.1000000;321.1000000;321.1000000;321.1000000;190
TATN;5;20160902;121500;321.1000000;321.5000000;320.7500000;321.4500000;6130
TATN;5;20160902;122000;321.3500000;321.9500000;321.3500000;321.3500000;3980
TATN;5;20160902;122500;321.3500000;321.5500000;321.0500000;321.5500000;8630
TATN;5;20160902;123000;321.5500000;321.5500000;321.2000000;321.2000000;1480
TATN;5;20160902;123500;321.2000000;321.7000000;320.9000000;321.4000000;4690
TATN;5;20160902;124000;321.3500000;321.6000000;321.2500000;321.6000000;1400
TATN;5;20160902;124500;321.7000000;321.7000000;321.4000000;321.4000000;510
TATN;5;20160902;125000;321.3500000;321.6000000;320.9500000;321.4500000;4040
TATN;5;20160902;125500;321.5500000;321.8500000;321.5500000;321.7000000;2360
TATN;5;20160902;130000;321.9000000;321.9000000;321.5000000;321.5000000;440
TATN;5;20160902;130500;321.4500000;321.4500000;321.3000000;321.3000000;850
TATN;5;20160902;131000;321.3000000;321.3000000;320.9500000;321.0000000;2260
TATN;5;20160902;131500;321.0000000;321.0000000;320.8000000;320.8500000;2830
TATN;5;20160902;132000;320.9000000;320.9000000;320.6500000;320.6500000;9620
TATN;5;20160902;132500;321.0500000;321.0500000;321.0500000;321.0500000;280
TATN;5;20160902;133000;320.9000000;321.4000000;320.6000000;321.4000000;2430
TATN;5;20160902;133500;321.0500000;321.2500000;320.7500000;320.7500000;2930
TATN;5;20160902;134500;320.9000000;321.7500000;320.9000000;321.4500000;8310
TATN;5;20160902;135000;321.4500000;321.6500000;320.8000000;320.8000000;1560
TATN;5;20160902;135500;320.7000000;320.8000000;320.5000000;320.6500000;5990
TATN;5;20160902;140000;320.7500000;320.9000000;320.7500000;320.9000000;50
TATN;5;20160902;140500;320.9000000;321.3000000;320.9000000;321.3000000;15530
TATN;5;20160902;141000;321.4000000;323.3000000;321.4000000;322.6500000;30290
TATN;5;20160902;141500;322.7000000;323.5000000;322.7000000;323.3000000;2300
TATN;5;20160902;142000;323.4500000;323.5000000;322.7000000;323.1500000;4410
TATN;5;20160902;142500;323.1500000;323.5000000;323.1500000;323.4500000;1830
TATN;5;20160902;143000;323.4500000;323.5000000;323.4500000;323.5000000;1700
TATN;5;20160902;143500;323.5000000;323.6000000;323.3000000;323.6000000;2690
TATN;5;20160902;144000;323.6000000;323.6000000;322.9500000;323.0000000;2190
TATN;5;20160902;144500;323.1000000;323.1000000;322.3500000;322.5000000;6820
TATN;5;20160902;145000;322.5000000;322.7500000;322.4000000;322.5500000;1500
TATN;5;20160902;145500;322.5500000;322.7000000;322.0000000;322.0000000;1840
TATN;5;20160902;150000;322.0500000;322.3500000;321.8500000;322.3500000;2860
TATN;5;20160902;150500;321.9500000;322.4500000;321.9500000;322.1500000;2300
TATN;5;20160902;151000;322.1500000;322.6000000;321.6500000;322.6000000;1770
TATN;5;20160902;151500;322.6000000;322.6000000;322.3500000;322.3500000;370
TATN;5;20160902;152000;322.4500000;322.4500000;322.4500000;322.4500000;20
TATN;5;20160902;152500;322.4500000;322.4500000;322.4500000;322.4500000;10
TATN;5;20160902;153000;322.4500000;322.7000000;322.2000000;322.6000000;1770
TATN;5;20160902;153500;322.7000000;324.2000000;322.4000000;324.0000000;87760
TATN;5;20160902;154000;324.0000000;324.3000000;323.4000000;324.1000000;15040
TATN;5;20160902;154500;324.2000000;324.2000000;322.6000000;322.9000000;22740
TATN;5;20160902;155000;323.0500000;323.6500000;322.6000000;323.2500000;6360
TATN;5;20160902;155500;323.5500000;323.8000000;323.2500000;323.5500000;880
TATN;5;20160902;160000;323.5500000;323.6500000;323.3500000;323.5500000;40
TATN;5;20160902;160500;323.2500000;323.9000000;323.2500000;323.8500000;2040
TATN;5;20160902;161000;323.8500000;324.0000000;323.5000000;323.7500000;6940
TATN;5;20160902;161500;323.7500000;323.7500000;322.0000000;322.4000000;31620
TATN;5;20160902;162000;322.4500000;322.7000000;321.7000000;322.0500000;12150
TATN;5;20160902;162500;321.9000000;322.2000000;321.6000000;321.8000000;24280
TATN;5;20160902;163000;321.9000000;321.9500000;321.0000000;321.0000000;18520
TATN;5;20160902;163500;321.0000000;321.2500000;320.6000000;320.6500000;52230
TATN;5;20160902;164000;320.7000000;321.2500000;320.4000000;320.6000000;49990
TATN;5;20160902;164500;320.4500000;320.6000000;320.0000000;320.3500000;45210
TATN;5;20160902;165000;320.3500000;321.1500000;320.2000000;321.0000000;70950
TATN;5;20160902;165500;321.1000000;322.5500000;321.0000000;322.5500000;20640
TATN;5;20160902;170000;322.5500000;322.5500000;321.2000000;321.8000000;14970
TATN;5;20160902;170500;321.8000000;322.2500000;321.8000000;322.1500000;4190
TATN;5;20160902;171000;322.0000000;322.0000000;321.0000000;321.0500000;21220
TATN;5;20160902;171500;321.0000000;321.5000000;321.0000000;321.1500000;17680
TATN;5;20160902;172000;321.3500000;321.8500000;321.3500000;321.6500000;4560
TATN;5;20160902;172500;321.8500000;322.4000000;321.8500000;322.0500000;7980
TATN;5;20160902;173000;321.9500000;322.0500000;321.5500000;321.8500000;6570
TATN;5;20160902;173500;321.8500000;321.8500000;321.8500000;321.8500000;210
TATN;5;20160902;174000;321.8500000;322.2500000;321.8500000;322.2500000;2610
TATN;5;20160902;174500;322.2500000;322.3000000;321.8000000;321.8000000;3780
TATN;5;20160902;175000;322.1500000;322.4000000;322.1500000;322.2500000;1970
TATN;5;20160902;175500;322.1000000;322.2000000;322.1000000;322.2000000;210
TATN;5;20160902;180000;322.2000000;322.2000000;321.9500000;321.9500000;320
TATN;5;20160902;180500;321.8500000;321.8500000;321.5000000;321.8000000;10150
TATN;5;20160902;181000;321.8000000;321.8500000;321.5000000;321.5500000;3470
TATN;5;20160902;181500;321.5500000;321.6500000;321.5000000;321.6000000;2330
TATN;5;20160902;182000;321.6500000;321.9500000;321.6500000;321.9500000;370
TATN;5;20160902;182500;321.6500000;321.8500000;321.6500000;321.8000000;1600
TATN;5;20160902;183000;321.8000000;321.9500000;321.8000000;321.9000000;2400
TATN;5;20160902;183500;321.7000000;321.9000000;321.7000000;321.8500000;3820
TATN;5;20160902;184000;321.8500000;321.9500000;321.4000000;321.4000000;17180
TATN;5;20160902;185000;321.0000000;321.0000000;321.0000000;321.0000000;40510
TATN;5;20160905;100500;321.8500000;321.8500000;321.2000000;321.7000000;10470
TATN;5;20160905;101000;321.7000000;321.7000000;321.0000000;321.4500000;18010
TATN;5;20160905;101500;321.4000000;322.5000000;321.0000000;322.5000000;16110
TATN;5;20160905;102000;322.4500000;322.9000000;321.8000000;321.8000000;10380
TATN;5;20160905;102500;322.2500000;322.4000000;321.6500000;321.9000000;10870
TATN;5;20160905;103000;322.0000000;323.8500000;321.9000000;323.5000000;42310
TATN;5;20160905;103500;323.7000000;323.7000000;323.2000000;323.2000000;4780
TATN;5;20160905;104000;323.3500000;323.5500000;323.0000000;323.2500000;14270
TATN;5;20160905;104500;323.4000000;323.7500000;322.3500000;322.6500000;12540
TATN;5;20160905;105000;322.4500000;323.4000000;322.4000000;322.9500000;8690
TATN;5;20160905;105500;323.1000000;323.2500000;322.9500000;323.1500000;17080
TATN;5;20160905;110000;323.3000000;323.3500000;322.9500000;323.1500000;8710
TATN;5;20160905;110500;323.1500000;323.2000000;322.9000000;323.2000000;8950
TATN;5;20160905;111000;323.2500000;323.4000000;323.2000000;323.2500000;4120
TATN;5;20160905;111500;323.2500000;324.2000000;323.2500000;324.1000000;27440
TATN;5;20160905;112000;324.1000000;324.2000000;323.7000000;323.9000000;14210
TATN;5;20160905;112500;323.7500000;324.4500000;323.7000000;324.3500000;73450
TATN;5;20160905;113000;324.4000000;324.7000000;323.8500000;324.6500000;20630
TATN;5;20160905;113500;324.7000000;325.3000000;324.7000000;325.2500000;34130
TATN;5;20160905;114000;325.1500000;326.8500000;325.1500000;326.6000000;58670
TATN;5;20160905;114500;326.5500000;327.3000000;326.5500000;326.9500000;40340
TATN;5;20160905;115000;327.2000000;327.3000000;326.5500000;326.5500000;10790
TATN;5;20160905;115500;326.5500000;326.9000000;326.0500000;326.0500000;19520
TATN;5;20160905;120000;326.1500000;326.5000000;326.1500000;326.3000000;7010
TATN;5;20160905;120500;326.3000000;326.4500000;326.0500000;326.0500000;12490
TATN;5;20160905;121000;326.1000000;326.5000000;325.9000000;326.4000000;26660
TATN;5;20160905;121500;326.2000000;326.4000000;325.9500000;326.4000000;3980
TATN;5;20160905;122000;326.4000000;326.5500000;326.1500000;326.4500000;3130
TATN;5;20160905;122500;326.5000000;327.3000000;326.4500000;327.2500000;53310
TATN;5;20160905;123000;327.3000000;327.4000000;326.5000000;326.5000000;6440
TATN;5;20160905;123500;326.5000000;327.4500000;326.5000000;327.1500000;12900
TATN;5;20160905;124000;326.9000000;327.1500000;326.8000000;326.9000000;2810
TATN;5;20160905;124500;326.8500000;326.8500000;325.5000000;325.9500000;15210
TATN;5;20160905;125000;325.7500000;326.2500000;325.5500000;325.7500000;4310
TATN;5;20160905;125500;325.7500000;325.8000000;325.3500000;325.3500000;5900
TATN;5;20160905;130000;325.6000000;325.6500000;325.0000000;325.0500000;21770
TATN;5;20160905;130500;325.0500000;325.8000000;324.6500000;325.6500000;7640
TATN;5;20160905;131000;325.6000000;326.0000000;324.6000000;325.1500000;6620
TATN;5;20160905;131500;325.0000000;325.5000000;324.5000000;324.6500000;6020
TATN;5;20160905;132000;324.5500000;324.6500000;324.4000000;324.6500000;7500
TATN;5;20160905;132500;324.8500000;325.9000000;324.8500000;325.1500000;9980
TATN;5;20160905;133000;325.1000000;325.1500000;324.8000000;325.0500000;2350
TATN;5;20160905;133500;324.9000000;325.2500000;324.7000000;325.2500000;4130
TATN;5;20160905;134000;325.3500000;325.6500000;325.1000000;325.6500000;7040
TATN;5;20160905;134500;325.7000000;325.8000000;325.3000000;325.6000000;4030
TATN;5;20160905;135000;325.5000000;325.7000000;325.5000000;325.7000000;490
TATN;5;20160905;135500;325.4500000;325.6000000;325.1500000;325.1500000;5490
TATN;5;20160905;140000;325.1000000;325.2000000;325.0500000;325.0500000;2200
TATN;5;20160905;140500;325.0500000;325.0500000;325.0000000;325.0000000;5800
TATN;5;20160905;141000;325.1000000;325.2500000;324.7000000;325.2500000;10500
TATN;5;20160905;141500;325.4000000;325.4000000;325.0500000;325.0500000;2720
TATN;5;20160905;142000;325.3500000;325.4500000;324.9500000;324.9500000;2920
TATN;5;20160905;142500;324.8000000;325.1000000;324.7500000;325.1000000;8690
TATN;5;20160905;143000;324.8500000;324.8500000;324.8500000;324.8500000;540
TATN;5;20160905;143500;325.0000000;325.2000000;325.0000000;325.2000000;1880
TATN;5;20160905;144500;325.4000000;325.4000000;325.3000000;325.4000000;1200
TATN;5;20160905;145000;325.4000000;325.8000000;325.2500000;325.2500000;9970
TATN;5;20160905;145500;325.2500000;325.2500000;325.2500000;325.2500000;1190
TATN;5;20160905;150000;325.4500000;325.6000000;325.4500000;325.6000000;920
TATN;5;20160905;150500;325.7000000;325.7000000;325.5000000;325.5000000;1760
TATN;5;20160905;151500;325.6000000;325.6000000;325.6000000;325.6000000;10
TATN;5;20160905;152000;325.5000000;325.5000000;325.4000000;325.4000000;520
TATN;5;20160905;152500;325.3500000;325.9000000;325.3500000;325.6500000;8500
TATN;5;20160905;153000;325.5500000;325.7500000;325.4500000;325.5500000;1750
TATN;5;20160905;153500;325.5500000;325.6000000;325.5500000;325.6000000;1710
TATN;5;20160905;154000;325.6500000;326.0500000;325.6500000;326.0500000;7970
TATN;5;20160905;154500;326.1500000;326.2000000;326.0500000;326.0500000;2050
TATN;5;20160905;155000;326.0000000;326.0000000;325.7000000;326.0000000;4390
TATN;5;20160905;155500;326.0000000;326.3000000;326.0000000;326.1500000;3240
TATN;5;20160905;160000;326.0000000;326.2500000;325.9000000;326.1000000;1910
TATN;5;20160905;160500;326.1500000;326.1500000;325.3500000;325.8000000;6860
TATN;5;20160905;161000;325.8000000;325.9000000;325.5000000;325.5000000;1340
TATN;5;20160905;161500;325.7000000;325.7000000;325.2500000;325.2500000;240
TATN;5;20160905;162000;325.2500000;325.2500000;325.0500000;325.2500000;1590
TATN;5;20160905;162500;325.2000000;325.5000000;324.9000000;325.3000000;5020
TATN;5;20160905;163000;325.7000000;325.7000000;325.4500000;325.7000000;1740
TATN;5;20160905;163500;325.6000000;325.6000000;325.1500000;325.2000000;5540
TATN;5;20160905;164000;325.2000000;325.2500000;325.0500000;325.1000000;2740
TATN;5;20160905;164500;325.2000000;325.3000000;325.0000000;325.3000000;3080
TATN;5;20160905;165000;325.1500000;325.4000000;325.1500000;325.4000000;250
TATN;5;20160905;165500;325.6000000;325.6000000;325.6000000;325.6000000;490
TATN;5;20160905;170000;325.5000000;325.8500000;325.5000000;325.8500000;4300
TATN;5;20160905;170500;325.9000000;325.9000000;325.1500000;325.1500000;3520
TATN;5;20160905;171000;325.1500000;325.3500000;325.0000000;325.0000000;11320
TATN;5;20160905;171500;325.3000000;325.3000000;325.1500000;325.1500000;520
TATN;5;20160905;172000;325.1000000;325.4500000;325.1000000;325.4500000;5570
TATN;5;20160905;172500;325.5000000;325.6000000;325.2000000;325.2000000;9620
TATN;5;20160905;173000;325.2500000;325.4500000;324.9000000;325.0500000;17280
TATN;5;20160905;173500;325.2500000;325.2500000;325.0500000;325.0500000;830
TATN;5;20160905;174000;325.2500000;325.5000000;325.2500000;325.5000000;890
TATN;5;20160905;174500;325.6500000;325.6500000;325.3500000;325.6000000;6590
TATN;5;20160905;175000;325.4500000;326.0000000;325.4500000;325.7000000;7820
TATN;5;20160905;175500;325.5000000;325.5000000;325.5000000;325.5000000;100
TATN;5;20160905;180000;325.5000000;325.8000000;325.5000000;325.6000000;5950
TATN;5;20160905;180500;325.6000000;325.6000000;325.6000000;325.6000000;370
TATN;5;20160905;181000;325.7500000;325.9500000;325.7500000;325.8000000;1070
TATN;5;20160905;181500;325.8500000;325.9500000;325.8500000;325.9500000;4300
TATN;5;20160905;182000;325.9500000;326.1000000;325.9000000;326.0500000;14490
TATN;5;20160905;182500;326.1000000;326.2500000;326.0500000;326.2500000;7080
TATN;5;20160905;183000;326.2500000;326.8000000;326.2000000;326.8000000;24770
TATN;5;20160905;183500;326.8000000;327.2500000;326.6500000;327.0500000;28420
TATN;5;20160905;184000;326.9000000;327.2500000;326.5500000;326.9500000;25370
TATN;5;20160905;185000;326.5000000;326.5000000;326.5000000;326.5000000;6560
TATN;5;20160906;100500;325.8000000;326.8000000;325.8000000;326.5000000;3320
TATN;5;20160906;101000;326.3000000;326.8500000;326.1000000;326.7500000;7690
TATN;5;20160906;101500;326.5000000;327.1500000;326.4000000;327.0000000;5330
TATN;5;20160906;102000;326.9000000;326.9000000;326.2500000;326.3500000;4000
TATN;5;20160906;102500;326.3000000;326.5000000;326.1000000;326.3000000;4410
TATN;5;20160906;103000;326.2500000;327.1000000;326.2500000;326.9500000;12360
TATN;5;20160906;103500;326.6000000;326.7000000;325.6000000;326.0000000;23920
TATN;5;20160906;104000;325.8000000;325.8000000;325.6000000;325.6500000;3790
TATN;5;20160906;104500;325.6500000;326.1500000;325.6500000;326.1000000;1690
TATN;5;20160906;105000;326.2500000;326.7500000;325.8500000;326.5500000;6720
TATN;5;20160906;105500;326.1500000;326.5500000;325.7500000;326.0500000;9570
TATN;5;20160906;110000;326.1500000;326.1500000;325.3000000;325.3000000;13180
TATN;5;20160906;110500;325.3000000;325.3000000;323.6000000;324.8000000;30070
TATN;5;20160906;111000;324.8000000;325.5000000;324.1000000;324.4500000;9420
TATN;5;20160906;111500;324.3000000;324.4000000;324.0000000;324.1000000;6410
TATN;5;20160906;112000;324.3000000;324.6500000;324.1000000;324.3000000;8840
TATN;5;20160906;112500;324.3500000;324.3500000;323.6000000;324.0500000;8230
TATN;5;20160906;113000;323.9000000;324.2000000;323.9000000;324.0500000;1890
TATN;5;20160906;113500;324.1500000;324.2000000;323.5000000;323.5500000;5430
TATN;5;20160906;114000;323.7500000;323.8500000;323.5500000;323.5500000;5090
TATN;5;20160906;114500;323.7500000;323.8500000;323.6500000;323.6500000;1570
TATN;5;20160906;115000;323.7000000;323.7500000;323.1500000;323.3000000;10600
TATN;5;20160906;115500;323.4000000;323.9000000;323.4000000;323.9000000;5480
TATN;5;20160906;120000;323.5500000;324.3500000;323.5500000;323.9500000;17950
TATN;5;20160906;120500;323.9500000;323.9500000;323.3500000;323.3500000;10290
TATN;5;20160906;121000;323.3500000;323.6500000;323.3000000;323.5500000;2340
TATN;5;20160906;121500;323.5500000;323.7000000;323.3500000;323.4000000;4850
TATN;5;20160906;122000;323.4000000;323.6500000;323.4000000;323.5000000;850
TATN;5;20160906;122500;323.6000000;324.6500000;323.6000000;324.6500000;5150
TATN;5;20160906;123000;324.6500000;325.3000000;324.6500000;325.0000000;4350
TATN;5;20160906;123500;325.2000000;325.3000000;325.0000000;325.3000000;1390
TATN;5;20160906;124000;325.3000000;325.3000000;324.8000000;325.1500000;4840
TATN;5;20160906;124500;325.1500000;325.5000000;325.1500000;325.5000000;6980
TATN;5;20160906;125000;325.6000000;325.7000000;325.0000000;325.0500000;4910
TATN;5;20160906;125500;325.0000000;325.2500000;324.8000000;325.0500000;2320
TATN;5;20160906;130000;325.1500000;325.5000000;325.1000000;325.5000000;2800
TATN;5;20160906;130500;325.5000000;325.5000000;325.1000000;325.1500000;1130
TATN;5;20160906;131000;325.1000000;325.1000000;324.5500000;324.5500000;4930
TATN;5;20160906;131500;324.6000000;324.6000000;323.7000000;323.7000000;3900
TATN;5;20160906;132000;324.0500000;324.4500000;323.6500000;324.0000000;3610
TATN;5;20160906;132500;324.4500000;324.4500000;323.3500000;323.3500000;18150
TATN;5;20160906;133000;323.3500000;324.0500000;323.3500000;323.7000000;920
TATN;5;20160906;133500;323.7000000;323.8000000;323.5500000;323.6000000;2630
TATN;5;20160906;134000;323.6000000;323.9500000;323.6000000;323.8500000;580
TATN;5;20160906;134500;323.9500000;324.3000000;323.9000000;324.2500000;5410
TATN;5;20160906;135000;324.3000000;324.6000000;324.2500000;324.3000000;9380
TATN;5;20160906;135500;324.4500000;324.8000000;324.1500000;324.6000000;5080
TATN;5;20160906;140000;324.5000000;325.0000000;324.4500000;325.0000000;2620
TATN;5;20160906;140500;325.0500000;325.1500000;325.0500000;325.0500000;2410
TATN;5;20160906;141000;324.9500000;325.1000000;324.7500000;324.8000000;6290
TATN;5;20160906;141500;324.9000000;324.9000000;324.6000000;324.6000000;1690
TATN;5;20160906;142000;324.7000000;325.1500000;324.7000000;325.1500000;2710
TATN;5;20160906;142500;325.0500000;325.3000000;324.7500000;325.3000000;4180
TATN;5;20160906;143000;325.3500000;325.5000000;325.1000000;325.1000000;2240
TATN;5;20160906;143500;325.1500000;325.1500000;324.0500000;324.7000000;8690
TATN;5;20160906;144000;324.5000000;325.1500000;324.5000000;325.1500000;900
TATN;5;20160906;144500;325.1500000;326.0000000;325.1500000;326.0000000;35770
TATN;5;20160906;145000;325.9500000;326.0000000;325.1000000;325.1000000;5430
TATN;5;20160906;145500;325.2500000;325.4000000;325.2500000;325.4000000;660
TATN;5;20160906;150000;325.4000000;325.4000000;324.5000000;324.6500000;8060
TATN;5;20160906;150500;324.8000000;324.8000000;324.8000000;324.8000000;10
TATN;5;20160906;151000;325.0000000;325.1500000;325.0000000;325.1500000;490
TATN;5;20160906;151500;325.1500000;325.4500000;325.1500000;325.4500000;2940
TATN;5;20160906;152000;325.4000000;325.4000000;324.8500000;324.8500000;1870
TATN;5;20160906;152500;325.0500000;325.2500000;325.0500000;325.2500000;110
TATN;5;20160906;153000;325.3000000;325.3500000;324.3000000;324.6000000;13930
TATN;5;20160906;153500;324.6000000;324.6500000;324.3500000;324.6500000;2580
TATN;5;20160906;154000;324.7000000;324.9500000;324.7000000;324.9500000;2190
TATN;5;20160906;154500;324.9500000;324.9500000;324.8000000;324.9000000;3070
TATN;5;20160906;155000;325.0000000;325.0000000;324.9500000;324.9500000;6180
TATN;5;20160906;155500;325.0000000;325.0000000;324.5500000;324.6500000;5950
TATN;5;20160906;160000;324.8000000;325.1500000;324.7500000;324.9000000;4510
TATN;5;20160906;160500;324.9000000;325.1000000;324.8000000;324.9000000;3380
TATN;5;20160906;161000;324.9500000;325.1000000;324.7000000;324.7500000;3580
TATN;5;20160906;161500;324.7500000;324.9500000;324.5000000;324.9500000;3090
TATN;5;20160906;162000;324.7500000;325.2000000;324.6500000;324.9500000;5060
TATN;5;20160906;162500;325.1000000;325.2000000;325.1000000;325.2000000;1260
TATN;5;20160906;163000;325.2000000;326.0000000;325.2000000;325.9500000;20760
TATN;5;20160906;163500;325.8500000;326.0000000;325.6500000;326.0000000;13610
TATN;5;20160906;164000;326.0000000;326.2000000;325.1500000;325.1500000;11980
TATN;5;20160906;164500;325.5000000;326.0000000;325.1500000;326.0000000;12160
TATN;5;20160906;165000;326.0000000;326.9000000;326.0000000;326.9000000;11540
TATN;5;20160906;165500;326.5500000;326.7500000;326.2000000;326.4000000;4890
TATN;5;20160906;170000;326.7500000;326.8000000;325.9000000;326.0000000;9460
TATN;5;20160906;170500;326.3500000;327.0000000;326.3500000;327.0000000;36480
TATN;5;20160906;171000;327.0000000;327.0000000;325.0500000;325.5000000;17320
TATN;5;20160906;171500;325.5000000;326.2000000;325.4500000;325.4500000;4030
TATN;5;20160906;172000;325.5000000;325.7000000;325.2500000;325.3500000;3630
TATN;5;20160906;172500;325.5500000;326.0000000;325.4000000;325.8500000;3550
TATN;5;20160906;173000;325.8500000;326.1000000;325.7500000;326.0000000;2120
TATN;5;20160906;173500;326.0000000;326.1500000;326.0000000;326.1500000;1040
TATN;5;20160906;174000;326.0500000;326.8000000;326.0500000;326.8000000;4330
TATN;5;20160906;174500;326.8000000;327.1000000;326.6000000;326.8000000;21760
TATN;5;20160906;175000;326.9500000;326.9500000;325.5000000;325.5500000;11870
TATN;5;20160906;175500;326.1000000;326.3500000;326.1000000;326.3500000;1040
TATN;5;20160906;180000;326.1500000;326.6000000;326.1500000;326.6000000;1480
TATN;5;20160906;180500;326.4500000;326.5000000;326.2000000;326.2000000;790
TATN;5;20160906;181000;326.4500000;326.4500000;326.1000000;326.1000000;1770
TATN;5;20160906;181500;326.2000000;326.7000000;326.1500000;326.6000000;4230
TATN;5;20160906;182000;326.6500000;328.4000000;326.6500000;327.9000000;132120
TATN;5;20160906;182500;327.9000000;327.9000000;327.3500000;327.8500000;25720
TATN;5;20160906;183000;327.7000000;328.2000000;327.6000000;328.0000000;60390
TATN;5;20160906;183500;327.9000000;328.0500000;327.7000000;327.7000000;25750
TATN;5;20160906;184000;327.8500000;328.7000000;327.8000000;327.8000000;86150
TATN;5;20160906;185000;327.6500000;327.6500000;327.6500000;327.6500000;89950
TATN;5;20160907;100500;327.9500000;329.6000000;327.8500000;328.5500000;70820
TATN;5;20160907;101000;328.5500000;329.0000000;327.8500000;328.7000000;91230
TATN;5;20160907;101500;328.7000000;329.4500000;328.5000000;329.4000000;28480
TATN;5;20160907;102000;329.3500000;329.5000000;328.7500000;329.0000000;21240
TATN;5;20160907;102500;328.9500000;329.5000000;328.5500000;328.7500000;21430
TATN;5;20160907;103000;328.6000000;328.8500000;328.2500000;328.8000000;9270
TATN;5;20160907;103500;328.7500000;328.8000000;328.2500000;328.5500000;10650
TATN;5;20160907;104000;328.5500000;329.2000000;328.3000000;329.2000000;9260
TATN;5;20160907;104500;329.0500000;329.3500000;328.8000000;329.1000000;13180
TATN;5;20160907;105000;328.8500000;329.3000000;328.7000000;329.3000000;8810
TATN;5;20160907;105500;329.2500000;329.4500000;329.0500000;329.3500000;6140
TATN;5;20160907;110000;329.2500000;329.5000000;328.8500000;329.5000000;8170
TATN;5;20160907;110500;329.5000000;329.9500000;329.4500000;329.9000000;18700
TATN;5;20160907;111000;329.9000000;330.3500000;329.9000000;330.3500000;17580
TATN;5;20160907;111500;330.2000000;330.4000000;330.2000000;330.2000000;9530
TATN;5;20160907;112000;330.3000000;330.5000000;330.2500000;330.5000000;6970
TATN;5;20160907;112500;330.5000000;330.9500000;330.4500000;330.9500000;15990
TATN;5;20160907;113000;330.9500000;331.2000000;330.8000000;331.2000000;11560
TATN;5;20160907;113500;331.2000000;331.3500000;331.0000000;331.2500000;11450
TATN;5;20160907;114000;331.2500000;331.6000000;331.2500000;331.5500000;16050
TATN;5;20160907;114500;331.5500000;331.5500000;330.1500000;330.5000000;31860
TATN;5;20160907;115000;330.5000000;330.9500000;330.5000000;330.8000000;3970
TATN;5;20160907;115500;330.9000000;330.9000000;330.4000000;330.4500000;7070
TATN;5;20160907;120000;330.5500000;330.7500000;330.4500000;330.4500000;3640
TATN;5;20160907;120500;330.4000000;330.5000000;330.1000000;330.2500000;3770
TATN;5;20160907;121000;330.4500000;330.5500000;330.3000000;330.3000000;6800
TATN;5;20160907;121500;330.3000000;330.4000000;330.1000000;330.1000000;1310
TATN;5;20160907;122000;330.2500000;330.5000000;329.8500000;330.5000000;13580
TATN;5;20160907;122500;330.5000000;330.8000000;330.4000000;330.5000000;5440
TATN;5;20160907;123000;330.5500000;330.6500000;330.2000000;330.2000000;4140
TATN;5;20160907;123500;330.2000000;330.4500000;330.2000000;330.2500000;520
TATN;5;20160907;124000;330.4000000;330.4000000;329.6000000;329.6500000;12160
TATN;5;20160907;124500;329.8500000;329.8500000;329.1500000;329.5000000;19110
TATN;5;20160907;125000;329.5000000;329.7500000;329.2000000;329.2000000;5920
TATN;5;20160907;125500;329.4000000;330.0000000;329.4000000;329.9000000;9520
TATN;5;20160907;130000;329.9000000;330.0000000;329.7500000;329.9500000;4120
TATN;5;20160907;130500;329.8000000;330.0000000;329.5500000;330.0000000;2650
TATN;5;20160907;131000;329.8500000;330.0000000;329.8500000;329.9500000;1460
TATN;5;20160907;131500;329.9500000;330.0000000;329.9500000;330.0000000;2460
TATN;5;20160907;132000;330.0000000;330.0000000;329.7000000;329.7000000;10270
TATN;5;20160907;132500;329.7500000;329.9500000;329.5000000;329.6500000;4670
TATN;5;20160907;133000;329.6500000;329.9000000;329.6500000;329.8000000;1250
TATN;5;20160907;133500;329.9000000;330.0000000;329.9000000;329.9500000;16750
TATN;5;20160907;134000;330.0000000;330.0000000;329.8000000;329.9500000;8470
TATN;5;20160907;134500;330.0000000;330.0000000;329.9500000;330.0000000;3990
TATN;5;20160907;135000;330.0000000;330.0000000;329.8500000;330.0000000;24280
TATN;5;20160907;135500;329.9500000;330.0000000;329.8000000;330.0000000;5750
TATN;5;20160907;140000;330.0000000;330.0000000;329.4000000;329.4000000;5740
TATN;5;20160907;140500;329.5500000;329.7500000;329.5500000;329.7500000;340
TATN;5;20160907;141000;329.6500000;329.9500000;329.6000000;329.9500000;4450
TATN;5;20160907;141500;329.7500000;330.0000000;329.5000000;330.0000000;13990
TATN;5;20160907;142000;329.8500000;330.7500000;329.8500000;330.7000000;7850
TATN;5;20160907;142500;330.7000000;330.7000000;330.2500000;330.3000000;7660
TATN;5;20160907;143000;330.3000000;330.5000000;330.2500000;330.5000000;6970
TATN;5;20160907;143500;330.2500000;330.2500000;329.7500000;330.0000000;6390
TATN;5;20160907;144000;329.8000000;330.0000000;329.8000000;329.9000000;630
TATN;5;20160907;144500;330.2500000;330.2500000;330.1500000;330.1500000;1420
TATN;5;20160907;145000;330.3000000;331.0000000;330.2500000;330.8500000;6130
TATN;5;20160907;145500;330.8000000;330.8500000;330.5000000;330.6500000;4810
TATN;5;20160907;150000;330.5000000;331.0000000;330.0500000;330.7000000;14160
TATN;5;20160907;150500;330.7000000;331.4000000;330.3000000;331.0000000;50220
TATN;5;20160907;151000;331.0500000;331.3000000;330.8000000;331.2500000;14970
TATN;5;20160907;151500;331.2000000;331.3500000;331.0000000;331.3500000;4360
TATN;5;20160907;152000;331.3500000;331.3500000;331.0500000;331.3000000;6100
TATN;5;20160907;152500;331.3000000;331.3500000;330.7000000;330.7000000;14080
TATN;5;20160907;153000;330.6500000;330.8000000;329.8500000;330.7500000;73340
TATN;5;20160907;153500;330.8500000;331.3000000;330.7000000;331.3000000;6490
TATN;5;20160907;154000;331.3000000;331.5500000;330.4500000;330.5000000;17370
TATN;5;20160907;154500;330.4500000;331.0500000;330.4000000;331.0500000;7030
TATN;5;20160907;155000;331.0500000;331.5500000;331.0500000;331.5500000;7590
TATN;5;20160907;155500;331.5500000;331.6000000;331.3500000;331.5500000;4280
TATN;5;20160907;160000;331.5500000;331.6000000;331.1000000;331.4000000;13530
TATN;5;20160907;160500;331.4000000;331.4000000;330.6500000;330.7500000;5800
TATN;5;20160907;161000;330.7000000;330.7000000;329.9000000;330.1500000;12630
TATN;5;20160907;161500;330.2500000;330.2500000;329.8000000;329.8000000;2740
TATN;5;20160907;162000;329.8500000;330.0000000;329.8500000;330.0000000;3260
TATN;5;20160907;162500;330.1500000;330.1500000;329.8500000;329.9500000;5020
TATN;5;20160907;163000;329.9500000;330.8000000;329.9500000;330.8000000;6140
TATN;5;20160907;163500;330.8000000;331.4500000;330.8000000;331.3500000;8000
TATN;5;20160907;164000;331.3500000;331.3500000;330.1000000;330.2000000;14250
TATN;5;20160907;164500;330.3000000;330.6000000;329.5000000;329.7500000;23950
TATN;5;20160907;165000;329.6000000;329.8000000;328.7000000;328.7000000;34570
TATN;5;20160907;165500;328.6500000;329.5000000;328.4500000;329.5000000;8820
TATN;5;20160907;170000;329.5000000;329.5000000;328.8000000;329.2500000;7220
TATN;5;20160907;170500;329.0000000;329.3500000;328.2500000;328.9000000;13670
TATN;5;20160907;171000;329.0000000;329.3000000;328.5000000;328.5000000;8710
TATN;5;20160907;171500;328.8000000;328.8500000;328.2500000;328.5000000;8510
TATN;5;20160907;172000;328.5500000;328.6500000;328.2500000;328.6500000;5930
TATN;5;20160907;172500;328.7000000;328.8000000;328.3000000;328.6500000;14100
TATN;5;20160907;173000;328.5500000;329.0000000;328.5500000;328.8500000;7860
TATN;5;20160907;173500;329.0000000;329.4500000;328.7500000;328.7500000;7070
TATN;5;20160907;174000;328.7500000;329.3500000;328.6000000;329.3000000;8700
TATN;5;20160907;174500;329.3500000;329.4500000;329.1500000;329.4000000;5200
TATN;5;20160907;175000;329.4000000;329.8500000;329.3000000;329.3000000;8730
TATN;5;20160907;175500;329.3000000;329.7000000;329.0500000;329.7000000;5670
TATN;5;20160907;180000;329.8000000;329.9000000;329.4500000;329.5000000;9480
TATN;5;20160907;180500;329.6500000;329.6500000;329.3000000;329.6500000;8430
TATN;5;20160907;181000;329.5000000;330.0000000;329.5000000;329.7500000;35480
TATN;5;20160907;181500;329.9500000;330.0000000;329.8500000;329.9500000;9300
TATN;5;20160907;182000;329.9000000;330.0000000;329.7500000;330.0000000;9580
TATN;5;20160907;182500;330.0000000;330.4000000;329.6500000;329.6500000;57980
TATN;5;20160907;183000;329.7500000;329.7500000;328.7500000;328.7500000;18860
TATN;5;20160907;183500;329.0000000;329.9000000;328.9000000;329.7000000;17590
TATN;5;20160907;184000;329.7000000;329.7000000;329.0000000;329.0000000;13390
TATN;5;20160907;185000;331.2500000;331.2500000;331.2500000;331.2500000;83010
TATN;5;20160908;100500;331.0500000;331.1500000;330.1500000;330.8000000;21050
TATN;5;20160908;101000;330.8500000;331.3500000;330.6500000;330.6500000;15930
TATN;5;20160908;101500;330.6500000;330.8500000;330.4500000;330.5500000;6240
TATN;5;20160908;102000;330.5000000;330.8500000;330.4000000;330.4000000;9270
TATN;5;20160908;102500;330.5000000;330.8000000;330.4500000;330.7500000;3900
TATN;5;20160908;103000;330.7500000;330.8000000;329.9500000;330.0500000;39320
TATN;5;20160908;103500;330.1000000;330.2500000;329.7500000;329.8500000;10430
TATN;5;20160908;104000;329.8500000;329.9000000;329.5000000;329.5000000;10650
TATN;5;20160908;104500;329.6500000;329.8000000;328.7000000;328.7000000;23840
TATN;5;20160908;105000;328.8000000;328.9500000;328.5000000;328.5500000;13520
TATN;5;20160908;105500;328.6500000;328.7000000;328.2000000;328.3500000;31960
TATN;5;20160908;110000;328.4500000;328.6000000;328.2500000;328.3500000;7390
TATN;5;20160908;110500;328.3500000;328.5000000;327.7500000;327.9000000;13830
TATN;5;20160908;111000;327.7500000;327.9500000;327.5000000;327.7500000;7570
TATN;5;20160908;111500;327.5500000;328.0500000;327.5000000;327.5000000;25490
TATN;5;20160908;112000;327.5000000;327.8500000;327.3500000;327.5000000;13990
TATN;5;20160908;112500;327.5000000;327.7500000;327.4500000;327.7000000;3310
TATN;5;20160908;113000;327.8000000;327.8000000;327.3000000;327.3000000;8320
TATN;5;20160908;113500;327.3500000;327.4500000;326.8500000;327.1000000;16360
TATN;5;20160908;114000;326.9000000;327.1000000;326.5500000;326.7000000;15230
TATN;5;20160908;114500;326.7500000;326.7500000;325.7500000;326.0000000;19720
TATN;5;20160908;115000;325.8000000;326.4000000;325.6000000;326.3000000;13170
TATN;5;20160908;115500;326.4000000;326.5500000;326.0000000;326.2500000;13010
TATN;5;20160908;120000;326.3000000;326.4500000;326.1000000;326.3500000;2640
TATN;5;20160908;120500;326.3500000;326.5000000;326.3000000;326.4500000;4990
TATN;5;20160908;121000;326.4500000;326.5500000;326.0000000;326.2500000;3880
TATN;5;20160908;121500;326.1000000;326.5500000;326.0000000;326.0000000;11390
TATN;5;20160908;122000;326.2000000;326.2000000;325.9500000;326.0500000;6010
TATN;5;20160908;122500;326.2500000;326.5500000;325.9000000;326.3500000;3320
TATN;5;20160908;123000;326.5000000;326.5500000;326.3500000;326.3500000;1970
TATN;5;20160908;123500;326.4000000;326.6500000;326.1500000;326.3000000;3610
TATN;5;20160908;124000;326.1500000;326.2000000;326.0000000;326.1500000;2250
TATN;5;20160908;124500;326.1500000;326.4500000;325.4000000;325.4500000;25280
TATN;5;20160908;125000;325.4000000;326.1500000;325.3500000;325.9500000;7170
TATN;5;20160908;125500;325.9000000;326.3500000;325.8000000;326.2500000;3950
TATN;5;20160908;130000;326.0000000;326.3000000;326.0000000;326.2500000;2730
TATN;5;20160908;130500;326.2500000;326.3500000;325.9000000;326.0500000;5490
TATN;5;20160908;131000;326.1000000;326.2500000;325.8500000;326.1500000;4990
TATN;5;20160908;131500;326.1500000;326.2500000;325.8500000;326.0000000;5600
TATN;5;20160908;132000;326.1500000;326.1500000;325.6000000;325.6500000;6210
TATN;5;20160908;132500;325.6500000;325.8500000;325.5500000;325.8500000;4120
TATN;5;20160908;133000;325.6500000;326.1500000;325.6500000;326.1500000;3190
TATN;5;20160908;133500;326.1500000;326.1500000;325.7000000;325.8500000;6390
TATN;5;20160908;134000;326.0500000;326.2500000;326.0500000;326.2500000;2620
TATN;5;20160908;134500;326.3000000;326.4500000;326.1000000;326.3500000;2750
TATN;5;20160908;135000;326.3000000;326.3500000;325.7500000;326.3500000;3450
TATN;5;20160908;135500;326.3500000;326.3500000;326.0000000;326.3000000;2950
TATN;5;20160908;140000;326.1500000;326.7500000;326.1500000;326.7500000;5170
TATN;5;20160908;140500;326.7000000;326.9500000;326.4000000;326.6500000;5340
TATN;5;20160908;141000;326.5000000;326.7000000;326.3000000;326.6500000;8090
TATN;5;20160908;141500;326.4000000;326.6500000;326.3000000;326.4000000;6160
TATN;5;20160908;142000;326.4000000;326.4500000;326.0500000;326.3000000;19150
TATN;5;20160908;142500;326.1000000;326.3500000;326.0000000;326.3500000;4990
TATN;5;20160908;143000;326.4000000;326.4000000;325.8000000;325.8000000;13350
TATN;5;20160908;143500;325.9500000;326.1000000;325.5000000;325.5000000;11470
TATN;5;20160908;144000;325.6500000;325.7500000;325.2500000;325.6500000;27000
TATN;5;20160908;144500;325.6500000;326.0000000;325.5500000;326.0000000;4590
TATN;5;20160908;145000;326.0500000;326.0500000;325.5000000;325.9000000;6830
TATN;5;20160908;145500;325.7000000;325.7000000;325.3500000;325.5500000;9720
TATN;5;20160908;150000;325.7000000;325.7000000;325.2000000;325.2500000;7190
TATN;5;20160908;150500;325.2000000;325.7000000;325.2000000;325.6000000;5750
TATN;5;20160908;151000;325.6000000;325.6000000;325.3000000;325.5500000;5530
TATN;5;20160908;151500;325.6000000;325.7000000;325.3000000;325.3500000;5960
TATN;5;20160908;152000;325.5500000;325.6000000;325.2500000;325.6000000;15490
TATN;5;20160908;152500;325.6000000;326.0000000;325.2000000;325.3000000;27590
TATN;5;20160908;153000;325.4000000;325.5000000;324.3500000;324.3500000;93430
TATN;5;20160908;153500;324.4500000;324.6500000;324.2000000;324.3000000;14730
TATN;5;20160908;154000;324.3500000;324.6000000;324.1000000;324.1000000;9690
TATN;5;20160908;154500;324.1000000;324.3000000;324.0500000;324.2500000;7970
TATN;5;20160908;155000;324.2500000;324.6000000;323.8000000;324.4500000;16680
TATN;5;20160908;155500;324.7000000;324.7500000;324.4500000;324.7000000;7070
TATN;5;20160908;160000;324.7000000;325.2500000;324.6000000;325.1500000;13540
TATN;5;20160908;160500;325.1000000;325.2500000;324.8000000;324.9500000;10490
TATN;5;20160908;161000;324.9000000;325.2500000;324.8500000;324.8500000;5680
TATN;5;20160908;161500;325.0000000;325.2000000;324.8000000;325.0500000;4750
TATN;5;20160908;162000;324.9500000;325.0500000;324.7000000;325.0500000;6010
TATN;5;20160908;162500;324.9000000;325.5000000;324.8500000;325.1500000;7250
TATN;5;20160908;163000;325.4500000;325.9500000;325.4000000;325.7000000;4640
TATN;5;20160908;163500;325.6500000;326.0000000;325.6500000;325.9000000;7760
TATN;5;20160908;164000;325.9000000;326.1000000;325.6500000;325.7000000;6370
TATN;5;20160908;164500;325.8000000;325.8500000;325.4000000;325.8500000;5470
TATN;5;20160908;165000;325.7000000;325.7500000;325.3000000;325.4000000;7970
TATN;5;20160908;165500;325.4000000;325.8000000;325.3500000;325.3500000;5120
TATN;5;20160908;170000;325.5000000;325.9500000;325.5000000;325.9500000;10470
TATN;5;20160908;170500;325.9500000;326.1000000;325.6500000;326.1000000;8260
TATN;5;20160908;171000;326.1000000;326.1500000;325.4000000;325.5000000;9040
TATN;5;20160908;171500;325.7000000;325.9000000;325.2000000;325.5000000;16500
TATN;5;20160908;172000;325.5000000;325.7000000;325.3500000;325.6000000;9580
TATN;5;20160908;172500;325.8000000;325.8500000;325.4500000;325.4500000;8720
TATN;5;20160908;173000;325.5000000;325.6500000;325.1000000;325.5000000;17240
TATN;5;20160908;173500;325.5000000;325.8000000;325.2500000;325.7500000;10540
TATN;5;20160908;174000;325.8000000;326.5500000;325.8000000;326.4500000;15320
TATN;5;20160908;174500;326.2500000;326.8500000;325.9500000;326.8500000;10990
TATN;5;20160908;175000;326.8000000;326.9000000;326.7000000;326.8000000;13810
TATN;5;20160908;175500;326.8000000;326.8000000;326.7000000;326.7500000;13120
TATN;5;20160908;180000;326.8000000;327.6500000;326.8000000;327.4000000;16350
TATN;5;20160908;180500;327.4500000;328.0000000;327.4500000;327.7000000;40710
TATN;5;20160908;181000;327.6500000;328.5000000;327.6500000;328.5000000;80780
TATN;5;20160908;181500;328.5000000;329.9500000;328.5000000;329.7500000;43260
TATN;5;20160908;182000;329.8000000;330.4000000;329.4500000;329.6500000;39310
TATN;5;20160908;182500;329.6000000;329.9000000;328.9000000;329.9000000;19350
TATN;5;20160908;183000;329.8000000;329.8000000;328.0500000;328.5000000;36620
TATN;5;20160908;183500;328.3500000;329.3500000;328.0500000;329.2000000;48590
TATN;5;20160908;184000;329.3500000;329.6000000;328.8000000;329.6000000;35190
TATN;5;20160908;185000;329.8000000;329.8000000;329.8000000;329.8000000;84800
TATN;5;20160909;100500;327.5500000;328.5000000;326.5000000;327.1500000;48330
TATN;5;20160909;101000;327.1000000;327.2000000;326.3500000;326.5500000;14070
TATN;5;20160909;101500;326.6500000;327.0000000;326.3500000;326.4000000;14070
TATN;5;20160909;102000;326.4000000;326.6000000;325.2500000;325.3000000;19110
TATN;5;20160909;102500;325.3000000;325.7000000;325.1000000;325.3500000;14180
TATN;5;20160909;103000;325.3000000;325.3000000;324.7500000;324.8500000;26920
TATN;5;20160909;103500;324.8500000;325.8000000;324.7500000;325.7500000;9820
TATN;5;20160909;104000;325.8000000;326.1000000;325.1000000;325.1500000;6990
TATN;5;20160909;104500;325.3000000;325.3000000;325.0000000;325.2000000;5460
TATN;5;20160909;105000;325.1000000;325.7500000;325.0000000;325.7000000;7220
TATN;5;20160909;105500;325.6000000;325.7000000;325.1000000;325.4500000;15090
TATN;5;20160909;110000;325.6500000;325.8000000;325.2000000;325.4000000;9070
TATN;5;20160909;110500;325.5000000;326.1000000;325.3000000;325.3000000;8470
TATN;5;20160909;111000;325.2500000;325.3500000;325.0000000;325.2000000;6390
TATN;5;20160909;111500;325.3500000;325.3500000;325.0500000;325.2000000;2420
TATN;5;20160909;112000;325.2000000;325.5500000;324.6000000;325.5500000;11880
TATN;5;20160909;112500;325.5000000;325.6000000;324.7000000;324.7500000;9050
TATN;5;20160909;113000;325.0000000;325.2500000;324.7500000;325.0000000;7320
TATN;5;20160909;113500;324.9000000;325.0000000;324.7500000;325.0000000;5650
TATN;5;20160909;114000;325.0000000;325.6000000;324.8000000;324.9000000;36260
TATN;5;20160909;114500;325.0000000;325.1000000;324.3000000;324.7000000;26710
TATN;5;20160909;115000;324.6500000;325.2000000;324.4500000;324.7500000;19600
TATN;5;20160909;115500;325.0000000;325.0000000;324.6000000;324.8000000;6390
TATN;5;20160909;120000;324.9000000;324.9500000;324.7000000;324.9000000;4160
TATN;5;20160909;120500;324.7000000;324.7000000;324.3500000;324.7000000;11860
TATN;5;20160909;121000;324.8000000;324.8000000;324.1500000;324.3000000;15430
TATN;5;20160909;121500;324.4500000;324.4500000;324.2000000;324.4500000;4040
TATN;5;20160909;122000;324.5500000;324.5500000;324.2000000;324.3000000;4200
TATN;5;20160909;122500;324.3000000;324.6500000;324.3000000;324.5000000;3750
TATN;5;20160909;123000;324.5000000;324.7500000;324.5000000;324.7000000;1950
TATN;5;20160909;123500;324.6000000;324.6000000;324.2500000;324.3500000;3550
TATN;5;20160909;124000;324.5000000;324.6000000;324.3500000;324.6000000;2680
TATN;5;20160909;124500;324.6000000;324.6500000;324.0000000;324.6500000;35700
TATN;5;20160909;125000;324.7000000;324.7000000;324.5000000;324.6500000;1980
TATN;5;20160909;125500;324.4000000;324.5000000;324.1000000;324.3500000;4700
TATN;5;20160909;130000;324.3500000;324.5500000;324.2500000;324.5500000;5760
TATN;5;20160909;130500;324.5000000;324.5000000;324.1500000;324.1500000;1270
TATN;5;20160909;131000;324.2000000;324.3500000;324.0000000;324.2500000;12620
TATN;5;20160909;131500;324.2000000;324.3000000;324.0500000;324.2000000;1800
TATN;5;20160909;132000;324.1000000;324.3500000;324.0000000;324.3000000;15350
TATN;5;20160909;132500;324.4000000;324.4000000;324.0000000;324.0500000;6110
TATN;5;20160909;133000;324.1500000;324.3500000;324.0000000;324.3500000;4450
TATN;5;20160909;133500;324.3000000;324.3000000;324.0000000;324.1500000;4920
TATN;5;20160909;134000;324.0500000;324.2000000;324.0000000;324.0000000;2410
TATN;5;20160909;134500;324.2000000;324.3500000;324.0500000;324.2500000;2400
TATN;5;20160909;135000;324.1500000;324.6000000;324.0500000;324.5500000;2820
TATN;5;20160909;135500;324.5500000;324.7000000;324.4000000;324.5500000;3240
TATN;5;20160909;140000;324.5000000;324.5000000;324.0000000;324.0000000;7640
TATN;5;20160909;140500;324.0000000;324.0500000;324.0000000;324.0000000;2320
TATN;5;20160909;141000;324.0000000;324.2000000;323.8000000;324.1000000;17100
TATN;5;20160909;141500;324.0000000;324.1500000;323.8000000;324.0000000;3010
TATN;5;20160909;142000;324.1500000;324.1500000;323.5000000;323.8500000;9520
TATN;5;20160909;142500;323.6500000;323.7000000;323.5000000;323.6000000;3730
TATN;5;20160909;143000;323.7000000;323.7000000;323.5500000;323.6000000;720
TATN;5;20160909;143500;323.7000000;323.7000000;323.5000000;323.5000000;9720
TATN;5;20160909;144000;323.5500000;323.7000000;323.5000000;323.5000000;2170
TATN;5;20160909;144500;323.6000000;323.6000000;323.4500000;323.4500000;4530
TATN;5;20160909;145000;323.4500000;323.5500000;323.0000000;323.2000000;18320
TATN;5;20160909;145500;323.0500000;323.0500000;322.2000000;322.4500000;28440
TATN;5;20160909;150000;322.2500000;322.5500000;322.2500000;322.3500000;5610
TATN;5;20160909;150500;322.3500000;322.7000000;322.3000000;322.5000000;5880
TATN;5;20160909;151000;322.3500000;322.6500000;322.3500000;322.5000000;810
TATN;5;20160909;151500;322.5000000;322.5000000;322.0500000;322.2000000;10170
TATN;5;20160909;152000;322.1500000;322.5000000;322.0000000;322.0500000;5030
TATN;5;20160909;152500;322.0500000;322.1500000;322.0000000;322.0500000;1310
TATN;5;20160909;153000;322.1000000;322.2000000;321.8000000;321.8000000;10440
TATN;5;20160909;153500;321.8000000;322.3500000;321.8000000;322.1000000;3620
TATN;5;20160909;154000;321.9000000;323.0000000;321.9000000;323.0000000;7930
TATN;5;20160909;154500;323.0000000;323.2000000;322.7000000;322.7000000;3940
TATN;5;20160909;155000;322.6500000;323.0000000;322.5000000;322.7000000;8200
TATN;5;20160909;155500;322.7500000;323.4500000;322.7500000;323.4000000;4710
TATN;5;20160909;160000;323.1500000;323.2500000;323.0500000;323.0500000;630
TATN;5;20160909;160500;323.1500000;323.4500000;323.0000000;323.2500000;5980
TATN;5;20160909;161000;323.0500000;323.2000000;322.8000000;322.9000000;12140
TATN;5;20160909;161500;322.8000000;322.9500000;322.5000000;322.7500000;9210
TATN;5;20160909;162000;322.6500000;322.8500000;322.5500000;322.8500000;4230
TATN;5;20160909;162500;322.7000000;322.8000000;322.5000000;322.5000000;17120
TATN;5;20160909;163000;322.5500000;322.8000000;322.5000000;322.6000000;4310
TATN;5;20160909;163500;322.5500000;322.7000000;322.5000000;322.7000000;11590
TATN;5;20160909;164000;322.5000000;322.6500000;322.5000000;322.5500000;24760
TATN;5;20160909;164500;322.5500000;322.8000000;322.5000000;322.6000000;6420
TATN;5;20160909;165000;322.5500000;322.7000000;322.5000000;322.5000000;2880
TATN;5;20160909;165500;322.5000000;322.6500000;322.2000000;322.2000000;23100
TATN;5;20160909;170000;322.2000000;322.3500000;321.7000000;321.9500000;18490
TATN;5;20160909;170500;321.8000000;321.8500000;320.8500000;321.1000000;48480
TATN;5;20160909;171000;321.1000000;321.4500000;320.9000000;321.1500000;18170
TATN;5;20160909;171500;321.1500000;321.3500000;321.0500000;321.0500000;26810
TATN;5;20160909;172000;321.0500000;321.2500000;320.6500000;320.6500000;15630
TATN;5;20160909;172500;320.6500000;321.2500000;320.6500000;321.2500000;4940
TATN;5;20160909;173000;321.1500000;322.8000000;320.6500000;320.7500000;108150
TATN;5;20160909;173500;320.7500000;321.9500000;320.7500000;321.6500000;17910
TATN;5;20160909;174000;321.6500000;321.7500000;321.0000000;321.7000000;3850
TATN;5;20160909;174500;321.5500000;321.5500000;320.5000000;320.6500000;33370
TATN;5;20160909;175000;320.6500000;320.8500000;320.6500000;320.7500000;4680
TATN;5;20160909;175500;320.8000000;320.8000000;320.6500000;320.7000000;330
TATN;5;20160909;180000;320.7000000;323.0000000;320.7000000;322.7000000;63570
TATN;5;20160909;180500;322.8000000;323.1000000;322.5500000;322.6000000;7990
TATN;5;20160909;181000;322.7000000;322.8500000;322.7000000;322.8500000;750
TATN;5;20160909;181500;322.8500000;322.8500000;322.5500000;322.6000000;6440
TATN;5;20160909;182000;322.6000000;322.6000000;321.9500000;322.4500000;52620
TATN;5;20160909;182500;322.4000000;322.8000000;322.2500000;322.8000000;2660
TATN;5;20160909;183000;322.8000000;323.0500000;322.6000000;322.6000000;7230
TATN;5;20160909;183500;322.5500000;322.5500000;321.4500000;321.5500000;16970
TATN;5;20160909;184000;321.5500000;322.0500000;321.0500000;321.3000000;39970
TATN;5;20160909;185000;320.8000000;320.8000000;320.8000000;320.8000000;65260
TATN;5;20160912;100500;318.0000000;320.9500000;318.0000000;320.5500000;63740
TATN;5;20160912;101000;320.5500000;321.1500000;320.2000000;321.1000000;30030
TATN;5;20160912;101500;321.1000000;322.6000000;320.9000000;322.1000000;19310
TATN;5;20160912;102000;322.0500000;322.0500000;319.1000000;319.1500000;35440
TATN;5;20160912;102500;319.4000000;319.7000000;319.0000000;319.6500000;12340
TATN;5;20160912;103000;319.6000000;320.4000000;319.2000000;319.2500000;11600
TATN;5;20160912;103500;319.3000000;319.5000000;318.5500000;319.5000000;12100
TATN;5;20160912;104000;319.2500000;319.5500000;318.5000000;319.2500000;28540
TATN;5;20160912;104500;319.1500000;320.3000000;319.0500000;320.2000000;17920
TATN;5;20160912;105000;320.1500000;320.3500000;319.1500000;319.7500000;15860
TATN;5;20160912;105500;319.9000000;320.0500000;319.1000000;319.4500000;15080
TATN;5;20160912;110000;319.2000000;319.8000000;319.1000000;319.5500000;8950
TATN;5;20160912;110500;319.5500000;320.2000000;319.3000000;319.9500000;10660
TATN;5;20160912;111000;319.8000000;320.0000000;319.8000000;320.0000000;2720
TATN;5;20160912;111500;319.6500000;319.9500000;319.2500000;319.9000000;4180
TATN;5;20160912;112000;319.9000000;320.1500000;319.1500000;319.5000000;6190
TATN;5;20160912;112500;319.4500000;319.8000000;319.0500000;319.0500000;16350
TATN;5;20160912;113000;319.0500000;319.9500000;319.0000000;319.7000000;14140
TATN;5;20160912;113500;319.5000000;320.3000000;319.3500000;319.8500000;8630
TATN;5;20160912;114000;319.3500000;319.8000000;319.1000000;319.3000000;5090
TATN;5;20160912;114500;319.2000000;319.7000000;319.0000000;319.6500000;4530
TATN;5;20160912;115000;319.6500000;319.9500000;319.6500000;319.9000000;1910
TATN;5;20160912;115500;319.6500000;320.0000000;318.5500000;318.8500000;19080
TATN;5;20160912;120000;318.8500000;319.0000000;318.5000000;318.9000000;3630
TATN;5;20160912;120500;318.9500000;319.6500000;318.6000000;319.6000000;4190
TATN;5;20160912;121000;319.6000000;320.0000000;319.3500000;319.9500000;7420
TATN;5;20160912;121500;319.9500000;320.8500000;319.8500000;320.6000000;18090
TATN;5;20160912;122000;320.7500000;320.8500000;320.5500000;320.8500000;2300
TATN;5;20160912;122500;320.5500000;321.8500000;320.5500000;321.8000000;13110
TATN;5;20160912;123000;321.4000000;321.4000000;320.6000000;320.6000000;4000
TATN;5;20160912;123500;320.6500000;321.1000000;320.6000000;321.1000000;1020
TATN;5;20160912;124000;320.7500000;321.6500000;320.7500000;321.6000000;3950
TATN;5;20160912;124500;321.3000000;322.0500000;321.0000000;321.7500000;12130
TATN;5;20160912;125000;321.6500000;321.6500000;321.1000000;321.5000000;3540
TATN;5;20160912;125500;321.2000000;321.2500000;320.4000000;320.7000000;6450
TATN;5;20160912;130000;320.6500000;321.6000000;320.6500000;321.6000000;4040
TATN;5;20160912;130500;321.0500000;321.4000000;320.5000000;320.8500000;9620
TATN;5;20160912;131000;320.8500000;321.5000000;320.6500000;321.5000000;1300
TATN;5;20160912;131500;321.0500000;321.5500000;321.0500000;321.4500000;1420
TATN;5;20160912;132000;321.4000000;321.4000000;321.1500000;321.1500000;180
TATN;5;20160912;132500;321.4000000;321.6000000;321.3000000;321.6000000;3190
TATN;5;20160912;133000;321.6000000;321.9000000;321.2000000;321.2000000;3880
TATN;5;20160912;133500;321.1000000;321.6000000;321.1000000;321.6000000;1050
TATN;5;20160912;134000;321.3500000;321.4000000;321.1500000;321.1500000;770
TATN;5;20160912;134500;321.4500000;321.8000000;321.2500000;321.4500000;4080
TATN;5;20160912;135000;321.0500000;321.0500000;320.1000000;320.3000000;7220
TATN;5;20160912;135500;320.5000000;320.8000000;320.3500000;320.4500000;3380
TATN;5;20160912;140000;320.5000000;320.6000000;320.2500000;320.3000000;2230
TATN;5;20160912;140500;320.6000000;320.6000000;320.6000000;320.6000000;10
TATN;5;20160912;141000;320.6000000;320.7000000;320.3000000;320.3500000;3920
TATN;5;20160912;141500;320.5000000;320.5000000;320.3000000;320.3000000;380
TATN;5;20160912;142000;320.1000000;320.3500000;320.0000000;320.3500000;2520
TATN;5;20160912;142500;320.0000000;320.0500000;319.6000000;320.0500000;2620
TATN;5;20160912;143000;319.9500000;320.3000000;319.6000000;320.3000000;570
TATN;5;20160912;143500;320.3000000;320.3000000;320.3000000;320.3000000;30
TATN;5;20160912;144500;319.8500000;320.2500000;319.7500000;320.2500000;1470
TATN;5;20160912;145000;319.9500000;320.3000000;319.8500000;320.3000000;1550
TATN;5;20160912;145500;320.2500000;321.2000000;320.2500000;320.8500000;11430
TATN;5;20160912;150000;321.1500000;321.4000000;320.9000000;321.4000000;3250
TATN;5;20160912;150500;321.3500000;321.5500000;319.6500000;319.6500000;7100
TATN;5;20160912;151000;319.8000000;319.8500000;319.5000000;319.5000000;2860
TATN;5;20160912;151500;319.5000000;319.9000000;319.5000000;319.9000000;1260
TATN;5;20160912;152000;319.9000000;319.9000000;319.9000000;319.9000000;100
TATN;5;20160912;152500;320.0500000;320.4500000;319.6000000;320.4500000;4770
TATN;5;20160912;153000;320.4500000;320.4500000;320.4500000;320.4500000;70
TATN;5;20160912;153500;320.3500000;321.8500000;320.3500000;321.7000000;36230
TATN;5;20160912;154000;321.7000000;321.8500000;321.2500000;321.5000000;6750
TATN;5;20160912;154500;321.5000000;321.8000000;321.3500000;321.7000000;7520
TATN;5;20160912;155000;321.7000000;321.8500000;321.3500000;321.8500000;7170
TATN;5;20160912;155500;321.8500000;321.8500000;321.4000000;321.8500000;9340
TATN;5;20160912;160000;321.8000000;322.1000000;321.5000000;321.9000000;13350
TATN;5;20160912;160500;321.9500000;322.4000000;320.4000000;320.5500000;37070
TATN;5;20160912;161000;320.5000000;320.5000000;319.5000000;320.1500000;26960
TATN;5;20160912;161500;320.1500000;320.5500000;320.0500000;320.0500000;1850
TATN;5;20160912;162000;320.3000000;320.6500000;320.3000000;320.5000000;5080
TATN;5;20160912;162500;320.3500000;320.3500000;319.6500000;319.6500000;8900
TATN;5;20160912;163000;319.6000000;319.6000000;319.2500000;319.5000000;7010
TATN;5;20160912;163500;319.5000000;319.9500000;319.1500000;319.8500000;13830
TATN;5;20160912;164000;319.8000000;320.6500000;319.5000000;320.6500000;23780
TATN;5;20160912;164500;320.5000000;320.7000000;320.2000000;320.2000000;3860
TATN;5;20160912;165000;320.2000000;320.3500000;319.3500000;319.3500000;7310
TATN;5;20160912;165500;319.7000000;319.9500000;319.3500000;319.4500000;4190
TATN;5;20160912;170000;319.4500000;319.6500000;319.0000000;319.0500000;48720
TATN;5;20160912;170500;319.2000000;319.3000000;318.8000000;319.3000000;21250
TATN;5;20160912;171000;319.3000000;319.6000000;319.1500000;319.5000000;3910
TATN;5;20160912;171500;319.5500000;320.0500000;319.5500000;319.9000000;9870
TATN;5;20160912;172000;319.8500000;320.3000000;319.5500000;320.0000000;11490
TATN;5;20160912;172500;320.0500000;320.6000000;319.1000000;319.4000000;45410
TATN;5;20160912;173000;319.3500000;319.4500000;318.6000000;318.8000000;39470
TATN;5;20160912;173500;318.8000000;319.6000000;318.8000000;319.5000000;4150
TATN;5;20160912;174000;319.4000000;319.6500000;319.3500000;319.6500000;8200
TATN;5;20160912;174500;319.7500000;320.8500000;319.7500000;319.9000000;17080
TATN;5;20160912;175000;319.9000000;320.3500000;319.7500000;320.0000000;3250
TATN;5;20160912;175500;320.2500000;320.4000000;320.1000000;320.1000000;1800
TATN;5;20160912;180000;320.1000000;320.3500000;320.1000000;320.1500000;4260
TATN;5;20160912;180500;320.3000000;320.3500000;320.1000000;320.2000000;1380
TATN;5;20160912;181000;320.2000000;320.3000000;320.1500000;320.3000000;1960
TATN;5;20160912;181500;320.3000000;320.3000000;320.3000000;320.3000000;860
TATN;5;20160912;182000;320.3000000;320.6500000;320.1500000;320.6000000;5900
TATN;5;20160912;182500;320.5500000;320.8500000;320.4000000;320.8500000;4510
TATN;5;20160912;183000;320.8500000;320.8500000;320.6000000;320.8500000;3190
TATN;5;20160912;183500;320.8000000;320.9500000;320.4000000;320.9500000;6570
TATN;5;20160912;184000;320.6500000;320.7500000;319.2500000;319.4500000;38850
TATN;5;20160912;185000;319.2500000;319.2500000;319.2500000;319.2500000;2550
TATN;5;20160913;100500;319.4000000;321.2000000;319.4000000;320.9000000;22680
TATN;5;20160913;101000;320.5500000;320.9000000;319.9000000;320.4500000;16370
TATN;5;20160913;101500;320.4500000;321.0000000;320.3500000;320.5500000;9050
TATN;5;20160913;102000;320.7000000;320.9000000;320.1500000;320.1500000;9270
TATN;5;20160913;102500;320.4500000;320.9500000;320.4500000;320.9500000;16020
TATN;5;20160913;103000;320.9500000;321.4500000;320.9500000;321.2500000;25090
TATN;5;20160913;103500;321.3000000;321.5000000;321.1000000;321.2000000;11920
TATN;5;20160913;104000;321.1500000;321.4500000;320.7000000;321.2000000;11400
TATN;5;20160913;104500;320.9500000;321.0000000;320.5000000;321.0000000;12340
TATN;5;20160913;105000;320.9000000;320.9000000;320.4500000;320.4500000;2310
TATN;5;20160913;105500;320.5500000;321.0000000;320.5500000;320.5500000;7830
TATN;5;20160913;110000;320.6500000;321.4500000;320.4500000;321.2500000;12610
TATN;5;20160913;110500;321.3500000;321.4000000;319.4500000;319.4500000;19860
TATN;5;20160913;111000;319.5000000;320.0000000;319.4500000;320.0000000;2920
TATN;5;20160913;111500;320.0000000;320.2000000;319.7000000;319.7500000;5060
TATN;5;20160913;112000;319.7500000;319.8500000;319.5000000;319.8500000;3480
TATN;5;20160913;112500;319.8500000;319.8500000;319.4500000;319.7000000;790
TATN;5;20160913;113000;319.8000000;320.1000000;319.8000000;320.0500000;1150
TATN;5;20160913;113500;320.0000000;320.2000000;320.0000000;320.2000000;7050
TATN;5;20160913;114000;320.2000000;320.2000000;319.6500000;320.0000000;5470
TATN;5;20160913;114500;320.0500000;320.1000000;319.7000000;319.7000000;420
TATN;5;20160913;115000;319.6000000;319.7500000;319.4500000;319.6500000;5700
TATN;5;20160913;115500;319.7000000;319.7000000;319.4000000;319.4000000;3840
TATN;5;20160913;120000;319.5000000;319.5500000;319.0000000;319.0000000;6370
TATN;5;20160913;120500;319.0000000;319.3000000;319.0000000;319.3000000;250
TATN;5;20160913;121000;319.2500000;319.4500000;319.0500000;319.1500000;2770
TATN;5;20160913;121500;319.1500000;319.3500000;319.0500000;319.1000000;550
TATN;5;20160913;122000;319.1000000;319.1000000;318.6000000;318.9500000;11160
TATN;5;20160913;122500;318.9500000;319.1000000;318.8500000;318.8500000;1020
TATN;5;20160913;123500;319.1000000;319.1500000;319.1000000;319.1500000;270
TATN;5;20160913;124000;319.1000000;319.1500000;319.1000000;319.1000000;240
TATN;5;20160913;124500;319.1000000;319.3500000;319.0000000;319.0000000;2000
TATN;5;20160913;125000;319.2000000;319.3500000;319.0000000;319.3500000;1330
TATN;5;20160913;125500;319.3500000;319.5000000;319.2000000;319.4000000;650
TATN;5;20160913;130000;319.4500000;319.5500000;319.2000000;319.3500000;1110
TATN;5;20160913;130500;319.2500000;319.3500000;319.0000000;319.0000000;1630
TATN;5;20160913;131000;319.2000000;319.2000000;319.0000000;319.0000000;640
TATN;5;20160913;131500;319.0000000;319.0500000;318.8000000;318.8000000;580
TATN;5;20160913;132000;318.8000000;319.0500000;318.8000000;318.8500000;740
TATN;5;20160913;132500;318.8500000;319.0500000;318.8000000;318.8000000;1360
TATN;5;20160913;133000;318.8000000;319.0500000;318.8000000;319.0500000;1490
TATN;5;20160913;133500;318.8000000;319.1500000;318.8000000;319.1000000;1070
TATN;5;20160913;134000;318.9000000;318.9000000;318.8500000;318.9000000;160
TATN;5;20160913;134500;318.9000000;319.3000000;318.8000000;319.3000000;1050
TATN;5;20160913;135000;318.9000000;319.1000000;318.9000000;319.1000000;1460
TATN;5;20160913;135500;318.9500000;319.1500000;318.9500000;319.0000000;190
TATN;5;20160913;140000;319.0500000;319.3000000;319.0500000;319.1500000;1150
TATN;5;20160913;140500;319.1500000;319.2000000;318.8500000;318.8500000;1150
TATN;5;20160913;141000;318.9500000;319.0500000;318.9500000;319.0500000;300
TATN;5;20160913;141500;319.0500000;319.2500000;319.0000000;319.0000000;860
TATN;5;20160913;142000;319.1000000;319.1000000;318.8500000;318.8500000;740
TATN;5;20160913;142500;318.8500000;319.1000000;318.6000000;319.1000000;7370
TATN;5;20160913;143000;318.9000000;319.1000000;318.7500000;319.0000000;12430
TATN;5;20160913;143500;319.0000000;319.1500000;318.9000000;319.1000000;2220
TATN;5;20160913;144000;318.9000000;319.3000000;318.9000000;319.3000000;1030
TATN;5;20160913;144500;319.3000000;319.4000000;319.1500000;319.4000000;600
TATN;5;20160913;145000;319.3500000;319.8000000;319.2000000;319.8000000;4240
TATN;5;20160913;145500;319.6500000;319.8500000;319.6500000;319.8500000;2720
TATN;5;20160913;150000;319.9000000;320.5000000;319.7000000;319.9000000;6350
TATN;5;20160913;150500;319.9500000;320.3000000;319.7500000;320.2000000;1260
TATN;5;20160913;151000;320.2000000;320.2000000;319.5500000;319.5500000;1390
TATN;5;20160913;151500;319.5000000;319.7000000;319.2500000;319.3000000;2120
TATN;5;20160913;152000;319.2500000;319.2500000;319.1500000;319.1500000;310
TATN;5;20160913;152500;319.1000000;319.1500000;318.5000000;319.0500000;15060
TATN;5;20160913;153000;319.1000000;319.1000000;318.5500000;319.0500000;6330
TATN;5;20160913;153500;319.0500000;319.3500000;318.7000000;319.3500000;5990
TATN;5;20160913;154000;319.2000000;319.6500000;319.2000000;319.6000000;2740
TATN;5;20160913;154500;319.5000000;319.5000000;318.8500000;319.1500000;5680
TATN;5;20160913;155000;318.8500000;319.4500000;318.7000000;319.0000000;12550
TATN;5;20160913;155500;318.8000000;319.1500000;318.8000000;318.8000000;3080
TATN;5;20160913;160000;318.8500000;318.9500000;318.6000000;318.8500000;5440
TATN;5;20160913;160500;318.8500000;319.4000000;318.8000000;319.2000000;11950
TATN;5;20160913;161000;319.0000000;319.2000000;318.7000000;318.7000000;3650
TATN;5;20160913;161500;318.7500000;319.4500000;318.5500000;319.3000000;12320
TATN;5;20160913;162000;319.2500000;319.5500000;319.2000000;319.3500000;2870
TATN;5;20160913;162500;319.2500000;319.5000000;319.0500000;319.4500000;2260
TATN;5;20160913;163000;319.1500000;319.2500000;318.9000000;319.2000000;2160
TATN;5;20160913;163500;319.2000000;319.4500000;319.0000000;319.4500000;7250
TATN;5;20160913;164000;319.1000000;319.3500000;318.9000000;319.3000000;7830
TATN;5;20160913;164500;319.3500000;319.9000000;319.3000000;319.8000000;14510
TATN;5;20160913;165000;319.8000000;320.4000000;319.4000000;319.7000000;6040
TATN;5;20160913;165500;319.3000000;319.6500000;319.0000000;319.1000000;4010
TATN;5;20160913;170000;319.3000000;319.6500000;319.1000000;319.4000000;5900
TATN;5;20160913;170500;319.1500000;319.4000000;319.1500000;319.4000000;13750
TATN;5;20160913;171000;319.4000000;319.6500000;319.3000000;319.3000000;3140
TATN;5;20160913;171500;319.5000000;319.5000000;318.8500000;319.4500000;14470
TATN;5;20160913;172000;319.3000000;319.3500000;319.0000000;319.0500000;2810
TATN;5;20160913;172500;319.0500000;319.4000000;318.8000000;319.1500000;7030
TATN;5;20160913;173000;319.1500000;319.4000000;318.9000000;319.4000000;5210
TATN;5;20160913;173500;319.3000000;319.3000000;318.9000000;319.2000000;1350
TATN;5;20160913;174000;319.2000000;319.2000000;318.8000000;318.9000000;2730
TATN;5;20160913;174500;318.8500000;319.4000000;318.7500000;318.8500000;7600
TATN;5;20160913;175000;318.8500000;319.3000000;318.8500000;318.9500000;2060
TATN;5;20160913;175500;318.7500000;319.0500000;318.6000000;318.6000000;2560
TATN;5;20160913;180000;318.6000000;318.6000000;318.4000000;318.4500000;19330
TATN;5;20160913;180500;318.5000000;318.7000000;318.3000000;318.3000000;3670
TATN;5;20160913;181000;318.3000000;318.4500000;317.5000000;317.7000000;41220
TATN;5;20160913;181500;317.6500000;317.7500000;317.5000000;317.6500000;5170
TATN;5;20160913;182000;317.6500000;318.2000000;317.6000000;317.9500000;14320
TATN;5;20160913;182500;318.1500000;318.5500000;318.0000000;318.5000000;2410
TATN;5;20160913;183000;318.5000000;318.5000000;317.9500000;317.9500000;1610
TATN;5;20160913;183500;317.9500000;318.3000000;317.9000000;317.9000000;7640
TATN;5;20160913;184000;317.9000000;318.0500000;317.0000000;317.4000000;81850
TATN;5;20160913;185000;318.4000000;318.4000000;318.4000000;318.4000000;22200
TATN;5;20160914;100500;318.9500000;319.0000000;317.5000000;318.6500000;9650
TATN;5;20160914;101000;319.0000000;319.3000000;317.2500000;317.5000000;23610
TATN;5;20160914;101500;317.2000000;317.6000000;317.2000000;317.3500000;11240
TATN;5;20160914;102000;317.2500000;317.8000000;317.2500000;317.5000000;540
TATN;5;20160914;102500;317.6000000;317.9000000;316.2000000;316.8500000;20460
TATN;5;20160914;103000;317.0500000;317.3500000;316.6500000;316.8500000;8690
TATN;5;20160914;103500;316.9000000;317.2000000;316.3000000;316.4500000;7480
TATN;5;20160914;104000;316.4000000;317.1500000;316.2000000;316.7500000;6050
TATN;5;20160914;104500;316.6000000;317.4000000;316.4000000;316.8000000;8770
TATN;5;20160914;105000;316.7500000;316.9500000;316.2500000;316.6500000;5490
TATN;5;20160914;105500;316.5500000;317.0000000;316.3500000;317.0000000;8990
TATN;5;20160914;110000;317.1000000;317.4500000;316.8500000;317.2000000;3070
TATN;5;20160914;110500;317.4000000;317.4000000;316.3500000;316.7500000;7180
TATN;5;20160914;111000;316.5500000;317.8500000;316.5500000;317.3500000;19920
TATN;5;20160914;111500;317.6000000;318.3500000;317.2000000;317.8500000;48540
TATN;5;20160914;112000;317.8000000;318.6000000;317.5500000;318.5500000;7250
TATN;5;20160914;112500;318.6000000;318.7000000;318.2000000;318.3000000;2190
TATN;5;20160914;113000;318.4000000;319.1500000;318.2500000;318.4500000;4230
TATN;5;20160914;113500;318.7500000;319.0500000;318.4500000;318.9000000;1280
TATN;5;20160914;114000;318.7500000;318.7500000;317.9500000;318.2000000;6500
TATN;5;20160914;114500;317.9000000;317.9000000;316.6500000;316.9500000;12190
TATN;5;20160914;115000;316.6000000;316.9500000;316.6000000;316.6000000;410
TATN;5;20160914;115500;316.6500000;316.9500000;316.5500000;316.6500000;2710
TATN;5;20160914;120000;316.6500000;317.2500000;316.6500000;316.7000000;2420
TATN;5;20160914;120500;317.1000000;317.2500000;316.3000000;316.3000000;7520
TATN;5;20160914;121000;316.5500000;316.5500000;316.1000000;316.4500000;18540
TATN;5;20160914;121500;316.3000000;316.4500000;316.1000000;316.2500000;9350
TATN;5;20160914;122000;316.3000000;316.5000000;316.2000000;316.5000000;3290
TATN;5;20160914;122500;316.3500000;316.4500000;316.1000000;316.3000000;9540
TATN;5;20160914;123000;316.4500000;316.6500000;316.1000000;316.3000000;9310
TATN;5;20160914;123500;316.3000000;316.7500000;316.1000000;316.3000000;22660
TATN;5;20160914;124000;316.3000000;316.6000000;316.3000000;316.3000000;480
TATN;5;20160914;124500;316.4000000;316.7000000;316.3500000;316.4000000;160
TATN;5;20160914;125000;316.4000000;316.7000000;316.3000000;316.4000000;1420
TATN;5;20160914;125500;316.3500000;316.8000000;316.2500000;316.7500000;4050
TATN;5;20160914;130000;316.3000000;316.6500000;316.1500000;316.5500000;7060
TATN;5;20160914;130500;316.3000000;316.6000000;316.3000000;316.3000000;1430
TATN;5;20160914;131000;316.3000000;316.6500000;316.2000000;316.6500000;2140
TATN;5;20160914;131500;316.3000000;316.5500000;316.2000000;316.3000000;2620
TATN;5;20160914;132000;316.3000000;316.3000000;316.2000000;316.3000000;1030
TATN;5;20160914;132500;316.5500000;316.6000000;316.3000000;316.3500000;2180
TATN;5;20160914;133000;316.3500000;316.9500000;316.3000000;316.5500000;3860
TATN;5;20160914;133500;316.9000000;318.9000000;316.9000000;318.3000000;44190
TATN;5;20160914;134000;318.6000000;318.6000000;317.6500000;318.1500000;6160
TATN;5;20160914;134500;318.2500000;318.2500000;317.4500000;318.0000000;1480
TATN;5;20160914;135000;318.2000000;318.2000000;317.3000000;317.5000000;260
TATN;5;20160914;135500;317.9000000;317.9500000;316.8500000;316.8500000;2950
TATN;5;20160914;140000;317.0500000;317.6500000;316.9500000;317.6500000;950
TATN;5;20160914;140500;317.4000000;317.4500000;317.1000000;317.2500000;850
TATN;5;20160914;141000;317.2500000;317.8000000;317.1000000;317.4500000;940
TATN;5;20160914;141500;317.5500000;317.9000000;317.3500000;317.4500000;790
TATN;5;20160914;142000;317.4500000;318.5000000;317.4500000;318.0500000;3540
TATN;5;20160914;142500;318.0500000;318.5000000;318.0500000;318.1500000;1440
TATN;5;20160914;143000;318.4000000;318.4500000;318.0000000;318.1000000;1180
TATN;5;20160914;143500;318.4500000;318.4500000;317.2000000;317.4500000;1910
TATN;5;20160914;144000;317.5000000;318.0500000;317.3500000;317.6000000;530
TATN;5;20160914;144500;317.6000000;318.0500000;317.1000000;317.4500000;4990
TATN;5;20160914;145000;317.4500000;317.7000000;317.2000000;317.3500000;1290
TATN;5;20160914;145500;317.3000000;317.5000000;317.1500000;317.2500000;560
TATN;5;20160914;150000;317.2500000;317.7000000;317.1000000;317.3500000;1380
TATN;5;20160914;150500;317.9000000;318.3000000;317.2000000;317.4000000;5530
TATN;5;20160914;151000;318.0000000;318.3500000;317.4000000;318.1000000;4340
TATN;5;20160914;151500;317.8500000;318.4000000;317.5000000;318.0000000;8870
TATN;5;20160914;152000;318.0000000;318.3000000;317.9000000;318.0000000;2060
TATN;5;20160914;152500;318.0000000;318.4500000;317.9500000;318.2000000;3720
TATN;5;20160914;153000;318.2000000;318.6500000;318.2000000;318.6500000;2350
TATN;5;20160914;153500;318.6500000;318.8000000;318.1000000;318.3500000;5440
TATN;5;20160914;154000;318.3500000;318.6500000;318.1500000;318.1500000;1740
TATN;5;20160914;154500;318.1500000;318.2500000;317.5500000;317.5500000;3840
TATN;5;20160914;155000;317.5500000;317.9000000;317.4000000;317.9000000;1280
TATN;5;20160914;155500;318.0000000;318.4000000;317.7500000;317.8500000;2410
TATN;5;20160914;160000;317.8500000;318.3500000;317.6000000;317.7000000;1770
TATN;5;20160914;160500;318.3000000;318.6000000;317.9000000;318.3000000;2100
TATN;5;20160914;161000;318.5000000;318.9000000;317.9500000;318.3500000;17770
TATN;5;20160914;161500;318.4000000;318.8000000;318.0500000;318.3000000;4720
TATN;5;20160914;162000;318.6000000;318.6500000;317.7000000;317.8500000;880
TATN;5;20160914;162500;317.7500000;318.2500000;317.5500000;317.6000000;2300
TATN;5;20160914;163000;317.6000000;318.1500000;317.5500000;318.1500000;640
TATN;5;20160914;163500;317.6500000;318.2000000;317.2000000;317.8500000;13580
TATN;5;20160914;164000;317.5000000;318.0000000;317.4000000;318.0000000;5490
TATN;5;20160914;164500;317.7000000;318.0000000;317.3000000;317.3500000;8180
TATN;5;20160914;165000;317.3500000;317.4500000;317.0000000;317.0500000;12800
TATN;5;20160914;165500;317.0500000;317.1500000;316.2000000;316.3500000;20570
TATN;5;20160914;170000;316.2500000;316.9000000;315.5000000;316.1500000;59330
TATN;5;20160914;170500;316.2000000;316.3500000;315.4000000;316.0000000;27680
TATN;5;20160914;171000;316.0000000;316.0000000;315.4000000;315.6000000;5190
TATN;5;20160914;171500;315.5500000;315.6500000;315.0500000;315.2500000;80640
TATN;5;20160914;172000;315.2500000;315.6000000;315.0500000;315.6000000;4570
TATN;5;20160914;172500;315.5000000;315.7500000;314.3000000;314.9000000;110910
TATN;5;20160914;173000;314.9500000;315.5000000;314.7500000;314.8500000;31110
TATN;5;20160914;173500;315.3000000;315.7000000;314.7500000;315.7000000;25840
TATN;5;20160914;174000;315.7000000;316.3500000;315.5000000;315.5000000;12280
TATN;5;20160914;174500;315.3500000;315.5500000;314.7000000;314.7000000;34090
TATN;5;20160914;175000;314.7000000;315.2500000;314.7000000;314.9000000;4940
TATN;5;20160914;175500;314.9000000;315.0500000;314.8500000;314.9000000;3670
TATN;5;20160914;180000;315.0000000;315.0500000;314.7000000;314.7000000;5490
TATN;5;20160914;180500;314.7000000;314.8500000;314.6000000;314.7000000;21240
TATN;5;20160914;181000;314.8000000;315.0500000;314.5500000;314.9500000;13280
TATN;5;20160914;181500;314.9500000;314.9500000;314.0000000;314.2500000;24520
TATN;5;20160914;182000;314.3500000;314.6000000;314.1500000;314.2000000;13970
TATN;5;20160914;182500;314.5000000;314.6000000;314.0500000;314.0500000;16760
TATN;5;20160914;183000;314.1000000;314.2000000;314.0000000;314.0000000;5760
TATN;5;20160914;183500;314.0000000;314.3500000;313.7500000;313.7500000;19840
TATN;5;20160914;184000;313.8000000;315.0500000;313.7500000;314.4000000;27230
TATN;5;20160914;185000;313.7000000;313.7000000;313.7000000;313.7000000;21160
TATN;5;20160915;100500;313.9000000;313.9500000;312.4500000;312.7000000;18780
TATN;5;20160915;101000;312.7000000;313.7500000;312.5000000;313.4500000;15040
TATN;5;20160915;101500;313.0000000;314.0000000;312.9500000;313.8000000;8490
TATN;5;20160915;102000;313.9500000;313.9500000;313.7000000;313.7000000;1090
TATN;5;20160915;102500;313.7500000;314.8000000;313.5000000;314.7000000;18860
TATN;5;20160915;103000;314.6000000;315.3500000;313.7500000;315.3500000;29890
TATN;5;20160915;103500;315.0500000;315.0500000;314.4500000;314.6000000;4770
TATN;5;20160915;104000;314.7500000;315.0000000;314.5000000;314.9500000;2200
TATN;5;20160915;104500;314.9500000;315.1000000;314.7500000;315.0500000;4300
TATN;5;20160915;105000;315.0500000;315.0500000;314.4500000;314.9000000;2080
TATN;5;20160915;105500;314.9000000;314.9000000;314.0500000;314.2500000;21310
TATN;5;20160915;110000;314.4500000;314.6000000;314.1000000;314.6000000;2360
TATN;5;20160915;110500;314.6000000;314.7500000;314.4500000;314.5500000;3580
TATN;5;20160915;111000;314.7000000;314.7000000;314.3000000;314.7000000;4810
TATN;5;20160915;111500;314.7000000;314.9500000;314.2500000;314.9000000;15710
TATN;5;20160915;112000;314.9000000;315.0000000;314.6500000;314.9500000;9470
TATN;5;20160915;112500;314.9500000;314.9500000;314.4000000;314.9500000;5640
TATN;5;20160915;113000;314.9500000;314.9500000;314.7500000;314.9000000;1830
TATN;5;20160915;113500;314.9000000;314.9000000;314.6000000;314.6500000;6500
TATN;5;20160915;114000;314.7500000;314.7500000;314.6500000;314.6500000;500
TATN;5;20160915;114500;314.7500000;314.8000000;314.5500000;314.8000000;5750
TATN;5;20160915;115000;314.8000000;314.8000000;314.5500000;314.7500000;4100
TATN;5;20160915;115500;314.7000000;315.1000000;314.6000000;314.6500000;6840
TATN;5;20160915;120000;315.0000000;315.3500000;314.5500000;315.3500000;3990
TATN;5;20160915;120500;315.3500000;315.8000000;314.9000000;315.5000000;8210
TATN;5;20160915;121000;315.8000000;315.8000000;315.2500000;315.7000000;3370
TATN;5;20160915;121500;315.7000000;316.0500000;315.4000000;316.0000000;5330
TATN;5;20160915;122000;315.9500000;316.1500000;315.2500000;315.9500000;6680
TATN;5;20160915;122500;315.9500000;316.0000000;315.6000000;315.8500000;3120
TATN;5;20160915;123000;315.9500000;315.9500000;315.2500000;315.7000000;5470
TATN;5;20160915;123500;315.6500000;315.6500000;314.8500000;314.8500000;2680
TATN;5;20160915;124000;314.7000000;315.2500000;314.6500000;314.7000000;600
TATN;5;20160915;124500;314.7000000;315.2500000;314.6000000;315.2500000;1220
TATN;5;20160915;125000;314.7500000;315.3000000;314.7500000;314.8000000;730
TATN;5;20160915;125500;315.2000000;315.2000000;314.3500000;315.2000000;4870
TATN;5;20160915;130000;314.7500000;315.3500000;314.7500000;315.3500000;2670
TATN;5;20160915;130500;315.3500000;315.5000000;314.9000000;315.5000000;5870
TATN;5;20160915;131000;315.6000000;315.6000000;315.0500000;315.1500000;500
TATN;5;20160915;131500;315.5500000;315.5500000;315.2000000;315.5500000;360
TATN;5;20160915;132000;315.1500000;315.5500000;315.1500000;315.5000000;330
TATN;5;20160915;132500;315.2000000;315.6500000;315.2000000;315.6500000;350
TATN;5;20160915;133000;315.3500000;315.7500000;315.3000000;315.7500000;2850
TATN;5;20160915;133500;315.4000000;315.7500000;315.4000000;315.4000000;1020
TATN;5;20160915;134000;315.7000000;315.7500000;315.5000000;315.5500000;1310
TATN;5;20160915;134500;315.6000000;315.7500000;315.5500000;315.6000000;880
TATN;5;20160915;135000;315.7500000;315.8500000;315.6000000;315.6000000;1690
TATN;5;20160915;135500;315.8000000;315.8500000;315.5500000;315.8500000;1470
TATN;5;20160915;140000;315.6000000;315.9500000;315.5500000;315.8500000;3010
TATN;5;20160915;140500;315.7000000;315.9500000;315.6500000;315.7000000;1260
TATN;5;20160915;141000;315.7000000;315.9500000;315.4500000;315.4500000;4420
TATN;5;20160915;141500;315.7500000;315.8500000;314.9500000;315.0500000;3770
TATN;5;20160915;142000;315.0500000;315.4000000;314.5500000;314.6000000;5590
TATN;5;20160915;142500;314.6000000;315.0000000;314.4500000;314.8000000;5710
TATN;5;20160915;143000;314.9000000;315.1000000;314.6500000;315.0500000;1690
TATN;5;20160915;143500;314.8000000;315.7000000;314.8000000;315.6500000;10470
TATN;5;20160915;144000;315.4000000;315.4000000;315.4000000;315.4000000;300
TATN;5;20160915;144500;315.4000000;315.6500000;315.4000000;315.4500000;800
TATN;5;20160915;145000;315.4000000;315.6500000;315.4000000;315.4000000;1400
TATN;5;20160915;145500;315.3500000;315.7000000;315.3500000;315.7000000;480
TATN;5;20160915;150000;315.4000000;315.4500000;315.2000000;315.2000000;2370
TATN;5;20160915;150500;315.2500000;315.5500000;314.8000000;315.1500000;11320
TATN;5;20160915;151000;315.1500000;315.2000000;314.8000000;314.9500000;11160
TATN;5;20160915;151500;314.9500000;315.1500000;314.7000000;314.7500000;13310
TATN;5;20160915;152000;314.8000000;315.5500000;314.7500000;315.3500000;13840
TATN;5;20160915;152500;315.2500000;315.8000000;315.2500000;315.5000000;12440
TATN;5;20160915;153000;315.5000000;315.7500000;314.8000000;315.0000000;20180
TATN;5;20160915;153500;314.9000000;315.7500000;314.7500000;315.2500000;36960
TATN;5;20160915;154000;315.2500000;316.6500000;315.2500000;316.1000000;40280
TATN;5;20160915;154500;316.1000000;316.9000000;316.1000000;316.5500000;19750
TATN;5;20160915;155000;316.7500000;317.3000000;316.1500000;316.9000000;28770
TATN;5;20160915;155500;316.8500000;317.0500000;316.3000000;316.6500000;12820
TATN;5;20160915;160000;316.7500000;317.3500000;316.6500000;316.8000000;14480
TATN;5;20160915;160500;317.3000000;317.4000000;317.0000000;317.0000000;3530
TATN;5;20160915;161000;317.0500000;317.4000000;316.8000000;316.8000000;2010
TATN;5;20160915;161500;316.8500000;317.4500000;316.5500000;316.9500000;10190
TATN;5;20160915;162000;316.9500000;317.8500000;316.9500000;317.8500000;9440
TATN;5;20160915;162500;317.3000000;317.9500000;317.3000000;317.8000000;2090
TATN;5;20160915;163000;317.4500000;317.8000000;317.2500000;317.5000000;1190
TATN;5;20160915;163500;317.2000000;317.6000000;317.0000000;317.0000000;6690
TATN;5;20160915;164000;317.3500000;317.7000000;316.9000000;316.9000000;4720
TATN;5;20160915;164500;316.9000000;317.4000000;316.7500000;317.1000000;1440
TATN;5;20160915;165000;316.8500000;317.1500000;316.7000000;317.1500000;6950
TATN;5;20160915;165500;316.9000000;317.6500000;316.8500000;317.6500000;7000
TATN;5;20160915;170000;317.2500000;317.6500000;317.1000000;317.1000000;2050
TATN;5;20160915;170500;317.1500000;317.5500000;316.7000000;317.0500000;6060
TATN;5;20160915;171000;316.6500000;317.4000000;316.6500000;316.9500000;1920
TATN;5;20160915;171500;316.9500000;317.4000000;316.7000000;316.9500000;6170
TATN;5;20160915;172000;316.9500000;317.6000000;316.7000000;317.6000000;8210
TATN;5;20160915;172500;317.5500000;317.7000000;317.1500000;317.1500000;2670
TATN;5;20160915;173000;317.1500000;317.4500000;314.9000000;315.6000000;16190
TATN;5;20160915;173500;315.5000000;315.5500000;314.2500000;314.3500000;30950
TATN;5;20160915;174000;314.3500000;315.0000000;314.2500000;315.0000000;10820
TATN;5;20160915;174500;315.0000000;315.6500000;314.2500000;314.7500000;29400
TATN;5;20160915;175000;314.4500000;314.9500000;314.3500000;314.6500000;1930
TATN;5;20160915;175500;314.6000000;315.5500000;314.5000000;315.5500000;3330
TATN;5;20160915;180000;315.5000000;316.5000000;315.5000000;316.4000000;5940
TATN;5;20160915;180500;316.5000000;316.6500000;315.6500000;315.8000000;2540
TATN;5;20160915;181000;316.2500000;316.3000000;316.2500000;316.2500000;370
TATN;5;20160915;181500;316.2500000;317.2000000;316.0500000;317.0000000;8030
TATN;5;20160915;182000;317.0000000;317.2000000;316.3000000;316.9500000;3820
TATN;5;20160915;182500;316.5500000;317.1500000;316.5500000;316.6500000;2100
TATN;5;20160915;183000;316.7000000;317.1500000;316.7000000;316.7500000;5300
TATN;5;20160915;183500;316.7500000;317.2000000;316.7000000;317.2000000;25160
TATN;5;20160915;184000;317.1500000;318.0000000;317.1500000;317.9500000;48790
TATN;5;20160915;185000;318.2500000;318.2500000;318.2500000;318.2500000;24960
TATN;5;20160916;100500;317.0500000;317.9500000;316.6500000;317.2500000;4160
TATN;5;20160916;101000;317.2500000;317.6000000;316.6500000;317.6000000;11560
TATN;5;20160916;101500;317.2500000;317.8500000;316.7500000;317.3000000;25340
TATN;5;20160916;102000;317.2000000;317.4000000;316.6500000;317.1000000;14590
TATN;5;20160916;102500;317.0000000;317.1000000;316.6000000;316.9000000;3840
TATN;5;20160916;103000;316.8500000;316.8500000;316.2500000;316.2500000;2740
TATN;5;20160916;103500;316.2500000;317.1500000;316.2500000;316.4500000;6860
TATN;5;20160916;104000;316.7500000;317.0000000;316.4500000;316.9000000;2490
TATN;5;20160916;104500;316.8500000;316.9000000;316.4500000;316.7000000;1410
TATN;5;20160916;105000;316.6000000;317.0000000;316.5500000;316.8000000;2670
TATN;5;20160916;105500;317.0000000;317.5500000;316.9000000;317.3000000;3250
TATN;5;20160916;110000;317.2500000;317.2500000;317.1000000;317.2500000;320
TATN;5;20160916;110500;317.4500000;317.7500000;317.0500000;317.3000000;5040
TATN;5;20160916;111000;317.2500000;317.5000000;317.0500000;317.2500000;1070
TATN;5;20160916;111500;317.3000000;318.0000000;317.3000000;317.8000000;2840
TATN;5;20160916;112000;318.0000000;318.4000000;317.8000000;318.2000000;5990
TATN;5;20160916;112500;318.2000000;318.7000000;318.2000000;318.7000000;3630
TATN;5;20160916;113000;318.4500000;318.9000000;318.3000000;318.7500000;3240
TATN;5;20160916;113500;318.7500000;319.2000000;318.5000000;318.9500000;12070
TATN;5;20160916;114000;319.2000000;319.3000000;319.0000000;319.1000000;3200
TATN;5;20160916;114500;319.2000000;319.4500000;318.6500000;319.3000000;20530
TATN;5;20160916;115000;319.3500000;319.8500000;318.7000000;319.5500000;45720
TATN;5;20160916;115500;319.5000000;320.0000000;319.5000000;320.0000000;17630
TATN;5;20160916;120000;320.0000000;321.0000000;320.0000000;320.5500000;20040
TATN;5;20160916;120500;320.7500000;321.0000000;320.0500000;320.2000000;15890
TATN;5;20160916;121000;320.3500000;320.4000000;320.1500000;320.1500000;3460
TATN;5;20160916;121500;320.0500000;320.4500000;320.0500000;320.4500000;10470
TATN;5;20160916;122000;320.2000000;320.7500000;320.2000000;320.5500000;2980
TATN;5;20160916;122500;320.5500000;320.9000000;320.2500000;320.4000000;3120
TATN;5;20160916;123000;320.4000000;320.4000000;320.0500000;320.2500000;6590
TATN;5;20160916;123500;320.2500000;320.9500000;319.4500000;319.7000000;28410
TATN;5;20160916;124000;319.7000000;320.2000000;319.7000000;319.9000000;3430
TATN;5;20160916;124500;319.7500000;320.0500000;319.4500000;319.4500000;2270
TATN;5;20160916;125000;319.4500000;320.0000000;319.4500000;319.5000000;4330
TATN;5;20160916;125500;320.1000000;320.8000000;320.0500000;320.2000000;5050
TATN;5;20160916;130000;320.1000000;320.6500000;320.1000000;320.6500000;6810
TATN;5;20160916;130500;320.1500000;320.1500000;319.6000000;319.7500000;1010
TATN;5;20160916;131000;320.3000000;320.4500000;320.0500000;320.0500000;820
TATN;5;20160916;131500;319.9500000;319.9500000;319.6000000;319.6000000;1040
TATN;5;20160916;132000;319.5500000;320.1500000;319.5500000;320.1500000;2640
TATN;5;20160916;132500;320.1000000;320.3500000;319.9000000;320.1500000;1370
TATN;5;20160916;133000;319.7500000;319.8000000;319.6000000;319.6000000;1180
TATN;5;20160916;133500;319.6000000;319.8500000;319.0000000;319.0000000;12230
TATN;5;20160916;134000;318.9500000;319.3000000;318.8500000;319.3000000;750
TATN;5;20160916;134500;319.2500000;319.2500000;318.5500000;318.5500000;5600
TATN;5;20160916;135000;318.7000000;318.7000000;318.6000000;318.6000000;490
TATN;5;20160916;135500;318.7500000;319.4000000;318.0500000;318.0500000;16140
TATN;5;20160916;140000;318.0500000;318.3500000;317.6000000;317.7000000;1480
TATN;5;20160916;140500;317.9000000;318.0000000;317.9000000;318.0000000;470
TATN;5;20160916;141000;318.0000000;318.0000000;317.0500000;317.9500000;8410
TATN;5;20160916;141500;317.5500000;318.7500000;317.5000000;318.3500000;370
TATN;5;20160916;142000;318.7000000;319.2500000;318.7000000;319.2500000;2020
TATN;5;20160916;142500;319.2000000;319.2500000;318.7500000;318.8500000;930
TATN;5;20160916;143000;319.0000000;319.2000000;318.5500000;318.8000000;2040
TATN;5;20160916;143500;319.1000000;319.1000000;317.6500000;318.3500000;7140
TATN;5;20160916;144000;318.5000000;318.8500000;318.3500000;318.3500000;1900
TATN;5;20160916;144500;318.3500000;319.0500000;318.3500000;318.8000000;3960
TATN;5;20160916;145000;318.8000000;319.0000000;318.6500000;319.0000000;1980
TATN;5;20160916;145500;318.9500000;319.0000000;318.7000000;318.8000000;1120
TATN;5;20160916;150000;319.0000000;319.2000000;319.0000000;319.2000000;940
TATN;5;20160916;150500;318.9500000;319.2500000;318.5500000;319.2500000;3520
TATN;5;20160916;151000;319.2500000;319.2500000;318.8500000;319.1000000;330
TATN;5;20160916;151500;318.9000000;318.9000000;318.1500000;318.1500000;7840
TATN;5;20160916;152000;318.2500000;318.8000000;318.0500000;318.3000000;12300
TATN;5;20160916;152500;318.2500000;318.4000000;318.2500000;318.4000000;3450
TATN;5;20160916;153000;318.4500000;318.6500000;318.4000000;318.5000000;4080
TATN;5;20160916;153500;318.4500000;318.6500000;318.2000000;318.6500000;3970
TATN;5;20160916;154000;318.4000000;318.8000000;318.4000000;318.5500000;2840
TATN;5;20160916;154500;318.9500000;318.9500000;318.3500000;318.7000000;7650
TATN;5;20160916;155000;318.7000000;318.9000000;318.3500000;318.9000000;14270
TATN;5;20160916;155500;318.9000000;319.0000000;318.2500000;318.8500000;3180
TATN;5;20160916;160000;318.8500000;319.4000000;318.8500000;319.3500000;16170
TATN;5;20160916;160500;319.3500000;319.7000000;318.9500000;319.7000000;10670
TATN;5;20160916;161000;319.7000000;319.8000000;319.3000000;319.3000000;4830
TATN;5;20160916;161500;319.5000000;319.8500000;319.4000000;319.8500000;1540
TATN;5;20160916;162000;319.8500000;319.9000000;319.6000000;319.6000000;2860
TATN;5;20160916;162500;319.5500000;319.7500000;319.4000000;319.6500000;3680
TATN;5;20160916;163000;319.6000000;319.8500000;319.5000000;319.8500000;6570
TATN;5;20160916;163500;319.8000000;320.1000000;319.4500000;320.0000000;31090
TATN;5;20160916;164000;319.9500000;319.9500000;319.5000000;319.7500000;5040
TATN;5;20160916;164500;319.7500000;320.4000000;319.5500000;319.9500000;11540
TATN;5;20160916;165000;320.2000000;320.5000000;320.2000000;320.5000000;14400
TATN;5;20160916;165500;320.5000000;320.9000000;320.3000000;320.5000000;17570
TATN;5;20160916;170000;320.7500000;321.5000000;320.5000000;321.5000000;30070
TATN;5;20160916;170500;321.5000000;321.5000000;319.3500000;320.2500000;20480
TATN;5;20160916;171000;320.2500000;320.7000000;320.0000000;320.7000000;10760
TATN;5;20160916;171500;320.7000000;320.8500000;319.5000000;320.7500000;16480
TATN;5;20160916;172000;320.6500000;320.6500000;320.0000000;320.5500000;12260
TATN;5;20160916;172500;320.2000000;320.5500000;320.0000000;320.0500000;6690
TATN;5;20160916;173000;320.3000000;320.5500000;320.2000000;320.5000000;14360
TATN;5;20160916;173500;320.5500000;320.7000000;320.1500000;320.5000000;8790
TATN;5;20160916;174000;320.5000000;321.2500000;320.5000000;321.2500000;27180
TATN;5;20160916;174500;321.0000000;321.8000000;320.4000000;321.5500000;40130
TATN;5;20160916;175000;321.6500000;321.9000000;321.5000000;321.7500000;17560
TATN;5;20160916;175500;321.5000000;321.7000000;320.9500000;321.0500000;13770
TATN;5;20160916;180000;321.3500000;321.3500000;320.4500000;320.9500000;9630
TATN;5;20160916;180500;320.6500000;320.9000000;320.1500000;320.5000000;4050
TATN;5;20160916;181000;320.5000000;321.0000000;320.5000000;320.9500000;5890
TATN;5;20160916;181500;321.0000000;321.4500000;321.0000000;321.4500000;15840
TATN;5;20160916;182000;321.1500000;321.4500000;319.7000000;319.7000000;38230
TATN;5;20160916;182500;319.5500000;319.5500000;314.7000000;314.9000000;271910
TATN;5;20160916;183000;314.9000000;316.4000000;314.6000000;316.0500000;124160
TATN;5;20160916;183500;315.7500000;316.4000000;315.5500000;315.9000000;98980
TATN;5;20160916;184000;315.6500000;316.5500000;310.2000000;310.2000000;513210
TATN;5;20160916;185000;316.7000000;316.7000000;316.7000000;316.7000000;234710
TATN;5;20160919;100500;316.8500000;318.6000000;316.8500000;317.7500000;40910
TATN;5;20160919;101000;317.7500000;318.5000000;317.7500000;317.9500000;10420
TATN;5;20160919;101500;318.0000000;318.0000000;317.5000000;317.8000000;42980
TATN;5;20160919;102000;317.9500000;318.0000000;317.7000000;317.8500000;14730
TATN;5;20160919;102500;317.7000000;317.9500000;317.7000000;317.9000000;4210
TATN;5;20160919;103000;317.9000000;318.0000000;317.5000000;317.6000000;11330
TATN;5;20160919;103500;317.6000000;317.9000000;317.2000000;317.2000000;16730
TATN;5;20160919;104000;317.1500000;317.5000000;317.1500000;317.4500000;9510
TATN;5;20160919;104500;317.4500000;317.7500000;317.2000000;317.6500000;16340
TATN;5;20160919;105000;317.7000000;317.8000000;317.5000000;317.7000000;25150
TATN;5;20160919;105500;317.8000000;317.9000000;317.5500000;317.6500000;1690
TATN;5;20160919;110000;317.6500000;317.8000000;317.4500000;317.5000000;1100
TATN;5;20160919;110500;317.5000000;317.5500000;316.8500000;316.8500000;12830
TATN;5;20160919;111000;316.8500000;317.3500000;316.6500000;317.0500000;7990
TATN;5;20160919;111500;316.7500000;317.4000000;316.5000000;316.5000000;8450
TATN;5;20160919;112000;316.5500000;317.0000000;316.5500000;316.7000000;1960
TATN;5;20160919;112500;316.7000000;317.0500000;316.6500000;316.6500000;4820
TATN;5;20160919;113000;316.5500000;316.7000000;315.5000000;315.7500000;13040
TATN;5;20160919;113500;315.5000000;315.8000000;315.3500000;315.3500000;3450
TATN;5;20160919;114000;315.4500000;315.8000000;315.4500000;315.4500000;3720
TATN;5;20160919;114500;315.4500000;315.7500000;315.3500000;315.3500000;1940
TATN;5;20160919;115000;315.3500000;315.5000000;315.0000000;315.0500000;9680
TATN;5;20160919;115500;315.0000000;315.7500000;314.8000000;315.6000000;10660
TATN;5;20160919;120000;315.3000000;315.7500000;315.3000000;315.3000000;12780
TATN;5;20160919;120500;315.6000000;315.9000000;315.3000000;315.4500000;7130
TATN;5;20160919;121000;315.4500000;316.0000000;315.4500000;315.7000000;6500
TATN;5;20160919;121500;315.7000000;316.0000000;315.7000000;315.7000000;2360
TATN;5;20160919;122000;315.7000000;315.7000000;315.5000000;315.6500000;640
TATN;5;20160919;122500;315.5000000;315.6000000;315.4500000;315.4500000;270
TATN;5;20160919;123000;315.4500000;315.7000000;315.3000000;315.5000000;2310
TATN;5;20160919;123500;315.3000000;315.5000000;315.3000000;315.4000000;3210
TATN;5;20160919;124000;315.3000000;315.4500000;315.3000000;315.4500000;3560
TATN;5;20160919;124500;315.3000000;315.4500000;315.1000000;315.1500000;3590
TATN;5;20160919;125000;315.0500000;315.2000000;314.8500000;315.2000000;2660
TATN;5;20160919;125500;314.8500000;315.3000000;314.8500000;315.0500000;1060
TATN;5;20160919;130000;315.0000000;315.0500000;315.0000000;315.0000000;840
TATN;5;20160919;130500;315.0500000;315.0500000;315.0000000;315.0000000;50
TATN;5;20160919;131000;315.0000000;315.0000000;314.9000000;314.9000000;410
TATN;5;20160919;131500;314.9000000;315.7000000;314.9000000;315.7000000;6420
TATN;5;20160919;132000;315.3000000;315.7000000;315.3000000;315.3500000;350
TATN;5;20160919;132500;315.3500000;315.5000000;315.3500000;315.5000000;80
TATN;5;20160919;133000;315.3500000;316.0000000;315.3500000;315.6000000;3920
TATN;5;20160919;133500;315.9000000;315.9500000;315.9000000;315.9500000;50
TATN;5;20160919;134500;315.9500000;315.9500000;315.7000000;315.9500000;680
TATN;5;20160919;135000;316.0000000;316.0000000;315.4500000;315.4500000;3910
TATN;5;20160919;135500;315.4500000;315.4500000;315.3500000;315.3500000;810
TATN;5;20160919;140000;315.7500000;315.8500000;315.4500000;315.6000000;1830
TATN;5;20160919;141000;315.5500000;315.9500000;315.1000000;315.7000000;5290
TATN;5;20160919;141500;315.5500000;316.1500000;315.5500000;315.6500000;15780
TATN;5;20160919;142000;315.6500000;316.1000000;315.6500000;316.1000000;4560
TATN;5;20160919;142500;316.1000000;316.3500000;315.8500000;315.9500000;6950
TATN;5;20160919;143000;316.2500000;316.2500000;315.5500000;315.5500000;3200
TATN;5;20160919;143500;315.5500000;315.8500000;315.5000000;315.5000000;2970
TATN;5;20160919;144000;315.5500000;316.5000000;315.5500000;316.3500000;7100
TATN;5;20160919;144500;316.0500000;316.3500000;316.0000000;316.0000000;720
TATN;5;20160919;145000;316.2000000;317.0500000;316.2000000;316.7000000;21070
TATN;5;20160919;145500;317.0000000;317.2500000;316.9000000;317.1500000;2960
TATN;5;20160919;150000;317.3500000;317.5000000;316.9000000;317.3000000;12500
TATN;5;20160919;150500;317.1000000;317.7000000;317.0500000;317.7000000;5150
TATN;5;20160919;151000;317.6500000;317.7500000;317.4000000;317.4000000;6290
TATN;5;20160919;151500;317.2000000;318.0000000;317.2000000;317.6500000;15100
TATN;5;20160919;152000;317.6500000;318.0000000;317.6500000;318.0000000;4450
TATN;5;20160919;152500;317.7500000;317.9000000;317.0000000;317.8000000;34810
TATN;5;20160919;153000;317.8000000;317.9500000;317.5000000;317.5000000;5920
TATN;5;20160919;153500;317.5500000;317.8500000;316.7000000;317.0500000;16340
TATN;5;20160919;154000;317.1500000;317.7500000;317.0500000;317.7500000;3690
TATN;5;20160919;154500;317.1000000;317.4500000;317.0500000;317.4500000;600
TATN;5;20160919;155000;317.4500000;317.7500000;317.4000000;317.7000000;3950
TATN;5;20160919;155500;317.5000000;317.9000000;317.5000000;317.8500000;5310
TATN;5;20160919;160000;317.8500000;317.9000000;317.7000000;317.8000000;11830
TATN;5;20160919;160500;317.9000000;317.9000000;317.6500000;317.9000000;11600
TATN;5;20160919;161000;317.8000000;317.9000000;317.4500000;317.4500000;6690
TATN;5;20160919;161500;317.4500000;317.8500000;317.4000000;317.7000000;6810
TATN;5;20160919;162000;317.7000000;317.8500000;317.5000000;317.5000000;4250
TATN;5;20160919;162500;317.5500000;317.5500000;317.3500000;317.3500000;650
TATN;5;20160919;163000;317.1500000;317.5000000;317.1500000;317.2000000;5240
TATN;5;20160919;163500;317.3500000;317.4500000;316.9000000;317.2500000;2900
TATN;5;20160919;164000;317.2500000;317.5500000;317.1000000;317.5000000;14150
TATN;5;20160919;164500;317.2500000;317.2500000;316.8000000;316.8000000;2730
TATN;5;20160919;165000;317.4000000;317.5500000;317.2000000;317.3500000;17690
TATN;5;20160919;165500;317.5500000;317.5500000;317.5000000;317.5500000;4600
TATN;5;20160919;170000;317.5500000;317.8000000;317.4000000;317.4000000;7160
TATN;5;20160919;170500;317.8000000;318.2500000;317.3500000;318.1000000;25780
TATN;5;20160919;171000;318.1000000;318.7000000;317.9500000;318.6500000;33180
TATN;5;20160919;171500;318.6500000;319.4500000;318.6500000;319.4000000;27220
TATN;5;20160919;172000;319.3000000;320.0000000;319.2500000;320.0000000;34390
TATN;5;20160919;172500;320.0000000;320.0000000;319.6500000;319.8000000;18700
TATN;5;20160919;173000;319.7500000;320.0000000;319.5500000;319.9500000;14870
TATN;5;20160919;173500;319.9500000;320.0000000;319.7500000;319.9000000;3210
TATN;5;20160919;174000;319.8500000;319.9000000;319.6500000;319.9000000;1020
TATN;5;20160919;174500;319.9000000;319.9000000;319.5000000;319.5000000;3530
TATN;5;20160919;175000;319.5500000;319.7000000;319.5500000;319.7000000;3130
TATN;5;20160919;175500;319.7000000;320.5500000;319.7000000;320.1500000;57330
TATN;5;20160919;180000;320.1000000;320.4000000;320.0500000;320.2500000;5640
TATN;5;20160919;180500;320.3000000;320.5000000;320.2000000;320.3500000;4030
TATN;5;20160919;181000;320.3500000;322.3000000;320.3500000;322.1500000;82080
TATN;5;20160919;181500;322.0500000;322.1500000;320.5500000;320.5500000;15290
TATN;5;20160919;182000;320.5500000;320.6500000;320.0000000;320.5000000;13560
TATN;5;20160919;182500;320.6500000;321.0000000;320.6500000;321.0000000;2300
TATN;5;20160919;183000;320.9500000;321.3000000;320.9500000;321.0000000;750
TATN;5;20160919;183500;321.2000000;321.5500000;321.1000000;321.2000000;8890
TATN;5;20160919;184000;321.5000000;322.0500000;321.2000000;322.0500000;32620
TATN;5;20160919;185000;323.9500000;323.9500000;323.9500000;323.9500000;209800
TATN;5;20160920;100500;322.3000000;322.9000000;321.0500000;322.5000000;25410
TATN;5;20160920;101000;322.7500000;322.8000000;322.5000000;322.5500000;8430
TATN;5;20160920;101500;322.6500000;322.9000000;322.1000000;322.6000000;47240
TATN;5;20160920;102000;322.8000000;323.1500000;322.4500000;322.5000000;24850
TATN;5;20160920;102500;322.5000000;322.6500000;321.6500000;322.0500000;56490
TATN;5;20160920;103000;322.1500000;322.4000000;322.0000000;322.2000000;21430
TATN;5;20160920;103500;322.2000000;322.3500000;321.8000000;321.9000000;21020
TATN;5;20160920;104000;321.7500000;322.0000000;321.6000000;321.8000000;6360
TATN;5;20160920;104500;321.8000000;321.9500000;321.6500000;321.7500000;4730
TATN;5;20160920;105000;321.7500000;321.8000000;321.5000000;321.7000000;5410
TATN;5;20160920;105500;321.5500000;321.6000000;321.3000000;321.5000000;4210
TATN;5;20160920;110000;321.4500000;321.9000000;321.3000000;321.9000000;11640
TATN;5;20160920;110500;321.7000000;321.9500000;321.5500000;321.5500000;3870
TATN;5;20160920;111000;321.7000000;321.7000000;320.8500000;320.9500000;13050
TATN;5;20160920;111500;320.9500000;321.2500000;320.9500000;321.0500000;1050
TATN;5;20160920;112000;321.0500000;321.2500000;319.7000000;319.7000000;20410
TATN;5;20160920;112500;319.9500000;319.9500000;318.5000000;318.6000000;15120
TATN;5;20160920;113000;318.6000000;319.2000000;318.5000000;318.9000000;6800
TATN;5;20160920;113500;318.9500000;319.3500000;318.8000000;319.3500000;3430
TATN;5;20160920;114000;319.3500000;319.8000000;319.3500000;319.5500000;2020
TATN;5;20160920;114500;319.4500000;319.6500000;319.3000000;319.4500000;1650
TATN;5;20160920;115000;319.6000000;320.0000000;319.3500000;319.4000000;4030
TATN;5;20160920;115500;319.4500000;319.5000000;319.1500000;319.4500000;1810
TATN;5;20160920;120000;319.1000000;319.1500000;318.8000000;318.8500000;2790
TATN;5;20160920;120500;318.8500000;318.9500000;318.5500000;318.7000000;25070
TATN;5;20160920;121000;318.9500000;319.5500000;318.9500000;319.2500000;12300
TATN;5;20160920;121500;319.6500000;319.6500000;319.3000000;319.3000000;40
TATN;5;20160920;122000;319.6000000;319.6000000;319.4500000;319.4500000;70
TATN;5;20160920;122500;319.5000000;319.5500000;319.5000000;319.5500000;380
TATN;5;20160920;123000;319.7000000;320.3500000;319.7000000;320.3500000;3780
TATN;5;20160920;123500;320.3500000;320.8000000;320.2500000;320.8000000;16730
TATN;5;20160920;124000;320.9000000;321.2500000;320.7000000;321.0500000;1900
TATN;5;20160920;124500;320.9500000;320.9500000;320.3500000;320.7000000;3560
TATN;5;20160920;125000;320.8000000;321.2000000;320.8000000;321.2000000;760
TATN;5;20160920;125500;321.2000000;321.2000000;321.0000000;321.0000000;3050
TATN;5;20160920;130000;321.0000000;321.2000000;320.7000000;321.2000000;2440
TATN;5;20160920;130500;321.2000000;321.2000000;321.2000000;321.2000000;420
TATN;5;20160920;131000;321.0000000;321.0000000;320.2500000;320.5000000;6860
TATN;5;20160920;131500;320.5000000;320.8000000;320.3000000;320.3000000;310
TATN;5;20160920;132000;320.3500000;320.6000000;320.0000000;320.6000000;6690
TATN;5;20160920;132500;320.3000000;320.3000000;320.1000000;320.1500000;800
TATN;5;20160920;133000;320.2500000;320.2500000;320.1000000;320.1000000;1590
TATN;5;20160920;133500;320.2500000;320.7500000;320.2500000;320.7500000;1390
TATN;5;20160920;134000;320.5500000;320.7500000;320.5000000;320.7500000;690
TATN;5;20160920;134500;320.9000000;320.9000000;320.6500000;320.9000000;240
TATN;5;20160920;135000;320.7500000;321.1500000;320.7500000;321.1000000;1830
TATN;5;20160920;135500;320.9000000;320.9500000;320.7500000;320.9500000;190
TATN;5;20160920;140000;320.4500000;320.6500000;320.4000000;320.6000000;360
TATN;5;20160920;140500;320.4500000;320.8000000;320.4500000;320.8000000;220
TATN;5;20160920;141000;320.5000000;320.8500000;320.5000000;320.5000000;460
TATN;5;20160920;141500;320.8500000;321.2500000;320.7000000;321.0000000;9170
TATN;5;20160920;142000;321.0000000;321.5000000;320.9000000;321.5000000;3510
TATN;5;20160920;142500;321.2500000;321.5000000;321.0000000;321.4000000;2940
TATN;5;20160920;143000;321.2000000;321.2000000;321.2000000;321.2000000;290
TATN;5;20160920;143500;321.2000000;321.4500000;320.8500000;321.4500000;2770
TATN;5;20160920;144000;321.0500000;321.3000000;321.0000000;321.3000000;1120
TATN;5;20160920;144500;321.0000000;321.4500000;321.0000000;321.4000000;6150
TATN;5;20160920;145000;321.3500000;321.9000000;321.3500000;321.7000000;5580
TATN;5;20160920;145500;321.7500000;321.7500000;321.2000000;321.7500000;2980
TATN;5;20160920;150000;321.4000000;321.6000000;321.3500000;321.6000000;660
TATN;5;20160920;150500;321.3000000;321.6000000;320.8500000;321.0000000;2540
TATN;5;20160920;151000;320.8500000;320.9500000;320.3000000;320.3000000;1670
TATN;5;20160920;151500;320.6000000;320.6000000;320.3000000;320.3500000;2420
TATN;5;20160920;152000;320.3500000;320.3500000;320.0000000;320.3000000;3440
TATN;5;20160920;152500;320.0500000;320.0500000;319.9000000;319.9000000;1140
TATN;5;20160920;153000;320.0500000;320.6000000;320.0500000;320.2500000;1650
TATN;5;20160920;153500;320.2500000;320.5000000;319.9500000;319.9500000;2680
TATN;5;20160920;154000;319.9500000;319.9500000;319.6000000;319.6000000;2110
TATN;5;20160920;154500;319.6500000;319.6500000;319.6500000;319.6500000;190
TATN;5;20160920;155000;319.9000000;320.4500000;319.9000000;320.1000000;4480
TATN;5;20160920;155500;320.5500000;321.4500000;320.5500000;321.4500000;30530
TATN;5;20160920;160000;321.6000000;323.8000000;321.4000000;323.5000000;133910
TATN;5;20160920;160500;323.7000000;323.7000000;322.8000000;323.3000000;44460
TATN;5;20160920;161000;323.5000000;323.6000000;322.2000000;323.3000000;31080
TATN;5;20160920;161500;323.4500000;323.4500000;322.5500000;323.1500000;20400
TATN;5;20160920;162000;323.1500000;323.1500000;322.5500000;322.7500000;7180
TATN;5;20160920;162500;322.7000000;322.9000000;322.2000000;322.5500000;6620
TATN;5;20160920;163000;322.5500000;322.6000000;322.2000000;322.6000000;1260
TATN;5;20160920;163500;322.6000000;322.6000000;321.8000000;322.4500000;5530
TATN;5;20160920;164000;322.4500000;322.4500000;321.0500000;321.7000000;10740
TATN;5;20160920;164500;321.8500000;321.9500000;321.8500000;321.9500000;510
TATN;5;20160920;165000;321.6000000;321.6000000;320.9500000;321.0500000;8620
TATN;5;20160920;165500;321.5000000;321.5000000;321.3500000;321.3500000;1060
TATN;5;20160920;170000;321.6000000;321.7500000;321.1500000;321.7500000;4290
TATN;5;20160920;170500;321.7500000;321.8000000;321.5000000;321.5000000;750
TATN;5;20160920;171000;321.8000000;322.2500000;321.3000000;321.4000000;6260
TATN;5;20160920;171500;321.3500000;321.8000000;320.9000000;321.8000000;9350
TATN;5;20160920;172000;321.5500000;321.8000000;320.9500000;321.6500000;10520
TATN;5;20160920;172500;321.5000000;321.6000000;320.7000000;320.7000000;11700
TATN;5;20160920;173000;320.8000000;321.3000000;320.5000000;320.6000000;19560
TATN;5;20160920;173500;320.6000000;320.8500000;320.1500000;320.1500000;6000
TATN;5;20160920;174000;320.3500000;321.6500000;320.0000000;321.6500000;22990
TATN;5;20160920;174500;321.6500000;322.0500000;321.2000000;321.8000000;10270
TATN;5;20160920;175000;321.8000000;322.9000000;321.8000000;322.9000000;6000
TATN;5;20160920;175500;322.9000000;322.9500000;322.3500000;322.9500000;2770
TATN;5;20160920;180000;322.9500000;322.9500000;322.5000000;322.8500000;990
TATN;5;20160920;180500;322.8500000;322.9000000;322.6500000;322.9000000;4140
TATN;5;20160920;181000;322.9000000;322.9000000;322.6500000;322.7000000;990
TATN;5;20160920;181500;322.5500000;322.6500000;322.1500000;322.6000000;10300
TATN;5;20160920;182000;322.6500000;323.1000000;322.6500000;323.1000000;12670
TATN;5;20160920;182500;323.1000000;323.3500000;322.7500000;323.3500000;12900
TATN;5;20160920;183000;323.3500000;323.4500000;322.8000000;323.1500000;16370
TATN;5;20160920;183500;323.1500000;324.8500000;323.1000000;324.6000000;70330
TATN;5;20160920;184000;324.8500000;325.0000000;324.4000000;325.0000000;135970
TATN;5;20160920;185000;324.3500000;324.3500000;324.3500000;324.3500000;32510
TATN;5;20160921;100500;324.5500000;326.7000000;324.2000000;325.9500000;31400
TATN;5;20160921;101000;325.9500000;326.1000000;325.1500000;325.2000000;20520
TATN;5;20160921;101500;325.2000000;325.7500000;325.2000000;325.2500000;10250
TATN;5;20160921;102000;325.3500000;325.7500000;324.7500000;325.5000000;27810
TATN;5;20160921;102500;325.5500000;325.9000000;324.5500000;324.6000000;24590
TATN;5;20160921;103000;324.7000000;325.0000000;324.5000000;324.8500000;7530
TATN;5;20160921;103500;324.8500000;324.8500000;324.6000000;324.8000000;880
TATN;5;20160921;104000;324.8000000;325.0000000;324.5000000;324.9500000;7360
TATN;5;20160921;104500;324.9000000;324.9500000;324.6500000;324.9500000;7260
TATN;5;20160921;105000;324.9000000;325.0500000;324.8000000;325.0500000;2940
TATN;5;20160921;105500;324.8500000;325.1500000;324.8000000;325.1500000;4480
TATN;5;20160921;110000;325.2500000;325.5000000;325.1500000;325.5000000;2560
TATN;5;20160921;110500;325.5000000;325.7000000;324.6500000;324.6500000;5340
TATN;5;20160921;111000;325.0500000;325.1000000;324.6500000;324.8000000;2390
TATN;5;20160921;111500;324.9000000;325.3000000;324.7000000;325.1500000;9890
TATN;5;20160921;112000;325.1500000;325.1500000;324.5000000;324.5000000;5890
TATN;5;20160921;112500;324.6000000;324.8500000;324.5000000;324.5000000;960
TATN;5;20160921;113000;324.8500000;324.8500000;324.5500000;324.5500000;1020
TATN;5;20160921;113500;324.5000000;324.5500000;324.2000000;324.2500000;5480
TATN;5;20160921;114000;324.2000000;324.3500000;324.1000000;324.1000000;4590
TATN;5;20160921;114500;324.1000000;324.1000000;324.1000000;324.1000000;390
TATN;5;20160921;115000;324.3000000;324.3000000;324.1000000;324.1000000;250
TATN;5;20160921;115500;324.1000000;324.2500000;324.0500000;324.2500000;1230
TATN;5;20160921;120000;324.2500000;324.5500000;324.2500000;324.2500000;2410
TATN;5;20160921;120500;324.2500000;324.5500000;324.2000000;324.2500000;3710
TATN;5;20160921;121000;324.4500000;324.8500000;324.3500000;324.3500000;12010
TATN;5;20160921;121500;324.3500000;325.0000000;324.3500000;324.9500000;6850
TATN;5;20160921;122000;325.1000000;325.7000000;324.6500000;325.4500000;10790
TATN;5;20160921;122500;325.7000000;325.7000000;325.3500000;325.4000000;4720
TATN;5;20160921;123000;325.6500000;325.6500000;324.6000000;325.0000000;6990
TATN;5;20160921;123500;325.0000000;325.0000000;324.8000000;324.8000000;230
TATN;5;20160921;124000;324.9500000;325.4000000;324.8500000;324.8500000;10410
TATN;5;20160921;124500;324.8500000;325.0500000;324.6000000;325.0500000;1650
TATN;5;20160921;125000;324.7500000;324.9000000;324.6000000;324.9000000;2560
TATN;5;20160921;125500;324.6000000;324.6000000;324.6000000;324.6000000;140
TATN;5;20160921;130000;324.5000000;324.5000000;324.4500000;324.4500000;1330
TATN;5;20160921;130500;324.8500000;324.8500000;324.3000000;324.3000000;1600
TATN;5;20160921;131000;324.4500000;324.4500000;324.0000000;324.2000000;4890
TATN;5;20160921;131500;324.2500000;324.2500000;324.0500000;324.2500000;2260
TATN;5;20160921;132000;324.2000000;324.4000000;324.0000000;324.0000000;1470
TATN;5;20160921;132500;324.0000000;324.4000000;324.0000000;324.4000000;1640
TATN;5;20160921;133000;324.1000000;324.1000000;324.1000000;324.1000000;10
TATN;5;20160921;133500;324.2500000;324.3000000;324.2000000;324.3000000;730
TATN;5;20160921;134000;324.2500000;324.2500000;324.1500000;324.1500000;630
TATN;5;20160921;134500;324.0500000;324.1000000;323.8500000;323.9000000;5240
TATN;5;20160921;135000;323.8500000;323.8500000;323.8500000;323.8500000;210
TATN;5;20160921;135500;323.8500000;324.0000000;323.8000000;323.8000000;1490
TATN;5;20160921;140000;323.8000000;324.0000000;323.8000000;323.8000000;2570
TATN;5;20160921;140500;323.9500000;323.9500000;323.9500000;323.9500000;100
TATN;5;20160921;141000;323.9500000;323.9500000;323.8000000;323.8500000;1390
TATN;5;20160921;141500;323.8000000;323.8500000;323.5000000;323.5500000;5520
TATN;5;20160921;142000;323.5500000;323.7500000;323.1000000;323.1000000;5050
TATN;5;20160921;142500;323.3000000;323.5000000;322.8000000;322.9000000;5360
TATN;5;20160921;143000;323.0000000;323.0000000;322.2500000;322.3000000;9890
TATN;5;20160921;143500;322.6500000;322.6500000;322.5500000;322.5500000;1360
TATN;5;20160921;144000;322.5000000;322.5000000;322.4000000;322.4000000;510
TATN;5;20160921;144500;322.5000000;322.5500000;322.2500000;322.2500000;12460
TATN;5;20160921;145000;322.3000000;322.3000000;322.2500000;322.2500000;890
TATN;5;20160921;145500;322.2500000;322.3000000;322.1000000;322.2000000;4360
TATN;5;20160921;150000;322.2000000;322.5500000;322.2000000;322.5000000;1190
TATN;5;20160921;150500;322.3500000;322.5000000;322.3500000;322.5000000;680
TATN;5;20160921;151000;322.3500000;322.5500000;322.3500000;322.5500000;1790
TATN;5;20160921;151500;322.6000000;322.6000000;322.4500000;322.4500000;780
TATN;5;20160921;152000;322.3500000;322.3500000;322.3500000;322.3500000;540
TATN;5;20160921;152500;322.3500000;322.3500000;322.3500000;322.3500000;410
TATN;5;20160921;153000;322.3500000;322.3500000;321.8500000;321.9500000;5320
TATN;5;20160921;153500;321.9500000;321.9500000;321.8500000;321.9000000;2660
TATN;5;20160921;154000;321.9000000;321.9000000;321.6500000;321.6500000;1390
TATN;5;20160921;154500;321.6000000;321.7500000;321.4000000;321.7500000;3720
TATN;5;20160921;155000;321.7000000;321.7000000;320.8000000;320.8500000;11290
TATN;5;20160921;155500;320.8500000;321.0000000;320.7000000;320.7000000;2740
TATN;5;20160921;160000;320.7000000;320.8500000;320.5500000;320.8500000;3970
TATN;5;20160921;160500;320.9500000;321.0500000;320.6000000;320.9000000;4870
TATN;5;20160921;161000;320.9000000;321.2000000;320.9000000;321.0000000;1280
TATN;5;20160921;161500;321.2500000;321.2500000;321.0000000;321.2500000;1130
TATN;5;20160921;162000;321.2500000;321.2500000;321.1000000;321.1000000;4860
TATN;5;20160921;162500;321.1000000;321.3000000;321.0000000;321.2000000;10080
TATN;5;20160921;163000;321.0000000;321.3000000;320.7500000;320.9500000;5430
TATN;5;20160921;163500;321.1500000;321.4000000;320.5000000;320.7500000;15540
TATN;5;20160921;164000;320.7500000;320.7500000;320.3500000;320.5000000;11550
TATN;5;20160921;164500;320.6000000;320.7500000;320.3000000;320.3500000;16030
TATN;5;20160921;165000;320.3500000;320.6000000;320.3000000;320.3000000;11800
TATN;5;20160921;165500;320.5500000;320.6500000;320.1500000;320.1500000;15550
TATN;5;20160921;170000;320.3500000;320.3500000;319.5500000;320.0500000;27740
TATN;5;20160921;170500;320.2000000;320.2000000;319.6000000;319.6000000;12440
TATN;5;20160921;171000;319.8500000;320.0500000;319.4500000;319.5000000;12990
TATN;5;20160921;171500;319.6500000;319.6500000;319.3000000;319.5000000;9340
TATN;5;20160921;172000;319.5000000;319.7000000;319.3000000;319.7000000;14500
TATN;5;20160921;172500;319.7000000;319.7500000;318.7500000;319.3500000;21510
TATN;5;20160921;173000;319.2000000;319.5500000;318.3500000;319.1000000;37990
TATN;5;20160921;173500;318.5500000;320.2500000;318.5500000;319.9500000;39220
TATN;5;20160921;174000;320.1000000;320.1000000;319.0500000;319.0500000;18710
TATN;5;20160921;174500;319.1000000;319.1500000;318.3500000;318.6500000;17290
TATN;5;20160921;175000;318.7000000;318.7000000;318.0000000;318.3500000;18630
TATN;5;20160921;175500;318.5000000;318.7500000;318.3500000;318.7500000;11470
TATN;5;20160921;180000;318.7000000;318.7500000;318.3500000;318.4000000;15600
TATN;5;20160921;180500;318.5500000;318.7500000;318.3500000;318.7500000;13790
TATN;5;20160921;181000;318.7500000;318.7500000;318.0500000;318.3500000;17750
TATN;5;20160921;181500;318.2500000;318.5500000;318.1000000;318.2500000;8560
TATN;5;20160921;182000;318.5000000;318.5500000;318.2000000;318.2000000;8900
TATN;5;20160921;182500;318.4000000;318.7500000;318.2500000;318.7000000;12010
TATN;5;20160921;183000;318.7500000;318.8000000;318.4500000;318.6000000;20730
TATN;5;20160921;183500;318.6000000;318.7000000;318.0000000;318.1500000;36290
TATN;5;20160921;184000;318.1500000;318.1500000;317.0500000;317.0500000;103080
TATN;5;20160921;185000;318.4500000;318.4500000;318.4500000;318.4500000;60960
TATN;5;20160922;100500;319.9000000;320.3000000;319.0000000;319.2500000;53450
TATN;5;20160922;101000;319.2500000;319.6500000;319.2000000;319.4500000;20180
TATN;5;20160922;101500;319.2500000;319.7000000;319.2000000;319.2500000;10890
TATN;5;20160922;102000;319.2500000;319.4500000;319.1000000;319.1000000;13910
TATN;5;20160922;102500;319.0500000;319.2000000;318.6000000;318.6000000;16120
TATN;5;20160922;103000;318.6000000;318.8500000;318.1000000;318.2500000;9210
TATN;5;20160922;103500;318.1000000;318.7000000;317.5500000;318.3000000;24060
TATN;5;20160922;104000;318.3000000;318.5500000;317.4500000;318.3000000;41790
TATN;5;20160922;104500;318.3000000;318.3500000;317.8500000;317.9000000;1410
TATN;5;20160922;105000;317.9000000;318.5500000;317.7500000;318.3500000;11220
TATN;5;20160922;105500;318.1500000;319.2500000;318.1500000;318.9500000;7660
TATN;5;20160922;110000;318.9500000;319.2000000;318.6500000;318.6500000;1140
TATN;5;20160922;110500;318.7000000;318.9500000;318.0000000;318.1000000;7970
TATN;5;20160922;111000;318.0000000;318.2500000;317.7500000;317.7500000;3880
TATN;5;20160922;111500;317.7500000;318.1500000;317.7500000;317.7500000;3660
TATN;5;20160922;112000;317.7500000;318.5000000;317.7500000;318.2500000;4400
TATN;5;20160922;112500;318.1500000;318.3000000;318.1500000;318.2500000;520
TATN;5;20160922;113000;318.2500000;318.6000000;318.2500000;318.6000000;1490
TATN;5;20160922;113500;318.5500000;318.9000000;318.3500000;318.8500000;5210
TATN;5;20160922;114000;318.7000000;319.3000000;318.7000000;319.0500000;3870
TATN;5;20160922;114500;319.0500000;319.2500000;319.0500000;319.1500000;730
TATN;5;20160922;115000;319.1500000;319.2500000;319.0500000;319.0500000;4050
TATN;5;20160922;115500;319.0500000;319.2000000;318.8000000;318.9000000;5420
TATN;5;20160922;120000;318.5500000;318.9000000;318.5500000;318.7000000;1130
TATN;5;20160922;120500;318.7000000;319.3000000;318.7000000;318.8000000;6820
TATN;5;20160922;121000;318.8000000;318.9500000;318.0500000;318.7500000;45630
TATN;5;20160922;121500;318.4000000;318.7000000;318.2500000;318.2500000;2000
TATN;5;20160922;122000;318.2500000;318.3000000;318.2500000;318.3000000;470
TATN;5;20160922;122500;318.3000000;318.6500000;318.3000000;318.6500000;1420
TATN;5;20160922;123000;318.4500000;318.9500000;318.4500000;318.6500000;1540
TATN;5;20160922;123500;318.6500000;318.6500000;318.1500000;318.2000000;19160
TATN;5;20160922;124000;318.2000000;319.0000000;318.2000000;318.7000000;7000
TATN;5;20160922;124500;318.7500000;319.3500000;318.6000000;319.3000000;10460
TATN;5;20160922;125000;318.9500000;319.5000000;318.2500000;318.7000000;19790
TATN;5;20160922;125500;318.4000000;319.0500000;318.4000000;318.6500000;21830
TATN;5;20160922;130000;318.6500000;319.4500000;318.6500000;319.2000000;6800
TATN;5;20160922;130500;319.2000000;319.9000000;319.2000000;319.4000000;24210
TATN;5;20160922;131000;319.4000000;319.8500000;319.4000000;319.8500000;890
TATN;5;20160922;131500;319.6000000;320.0000000;319.3000000;319.7500000;11360
TATN;5;20160922;132000;319.7500000;320.0000000;319.7500000;319.8000000;6300
TATN;5;20160922;132500;319.8000000;320.5000000;319.8000000;320.0500000;13510
TATN;5;20160922;133000;320.0500000;320.0500000;319.9000000;319.9000000;850
TATN;5;20160922;133500;319.9000000;319.9000000;319.3500000;319.6000000;5810
TATN;5;20160922;134000;319.7500000;320.1000000;319.5500000;319.5500000;300
TATN;5;20160922;134500;319.5500000;319.6000000;319.3500000;319.3500000;1280
TATN;5;20160922;135000;319.3500000;320.1000000;319.3500000;319.7500000;6110
TATN;5;20160922;135500;319.7500000;319.9500000;319.3000000;319.3000000;4010
TATN;5;20160922;140000;319.3000000;319.3500000;319.2000000;319.2000000;540
TATN;5;20160922;140500;319.2000000;319.2500000;319.2000000;319.2500000;470
TATN;5;20160922;141000;319.2500000;319.4500000;319.1000000;319.1000000;2360
TATN;5;20160922;141500;319.1000000;319.1000000;319.0500000;319.0500000;720
TATN;5;20160922;142000;319.0500000;319.2500000;319.0500000;319.0500000;580
TATN;5;20160922;142500;319.0500000;319.1500000;319.0500000;319.1500000;470
TATN;5;20160922;143000;319.1500000;319.3000000;319.0500000;319.1000000;710
TATN;5;20160922;143500;319.1000000;319.3500000;319.1000000;319.1000000;470
TATN;5;20160922;144000;319.1000000;320.1500000;319.1000000;319.9000000;11250
TATN;5;20160922;144500;319.9000000;320.5000000;319.8500000;320.1500000;8830
TATN;5;20160922;145000;320.1500000;320.4500000;320.0000000;320.0000000;2490
TATN;5;20160922;145500;320.0000000;320.3500000;320.0000000;320.0500000;1580
TATN;5;20160922;150000;320.0500000;320.4000000;319.0500000;319.0500000;14670
TATN;5;20160922;150500;319.0500000;319.1000000;319.0500000;319.1000000;1360
TATN;5;20160922;151000;319.1000000;319.1500000;319.1000000;319.1000000;770
TATN;5;20160922;151500;319.1000000;319.5000000;319.1000000;319.2000000;4300
TATN;5;20160922;152000;319.2000000;319.4500000;319.2000000;319.3000000;500
TATN;5;20160922;152500;319.2500000;319.4500000;319.1500000;319.2000000;710
TATN;5;20160922;153000;319.2000000;319.3000000;319.0000000;319.1500000;13170
TATN;5;20160922;153500;319.2000000;319.2500000;319.0500000;319.1000000;3550
TATN;5;20160922;154000;319.1000000;319.6000000;319.1000000;319.2500000;9020
TATN;5;20160922;154500;319.2500000;319.6000000;319.0500000;319.1500000;19090
TATN;5;20160922;155000;319.1500000;319.2500000;319.0500000;319.1000000;10720
TATN;5;20160922;155500;319.1000000;319.2000000;319.0500000;319.1000000;3140
TATN;5;20160922;160000;319.1000000;319.1000000;318.3000000;318.4000000;15170
TATN;5;20160922;160500;318.4000000;318.6500000;318.3000000;318.5000000;2560
TATN;5;20160922;161000;318.5000000;319.1500000;318.5000000;319.0000000;1080
TATN;5;20160922;161500;318.9000000;319.1000000;318.9000000;318.9000000;1840
TATN;5;20160922;162000;318.8000000;319.1500000;318.8000000;319.0000000;2630
TATN;5;20160922;162500;319.0000000;319.0000000;318.6000000;318.7500000;4990
TATN;5;20160922;163000;318.7500000;319.7000000;318.7500000;319.3500000;8710
TATN;5;20160922;163500;319.4500000;320.2000000;319.4500000;319.8500000;5410
TATN;5;20160922;164000;319.8500000;320.7500000;319.8500000;320.7000000;21620
TATN;5;20160922;164500;320.6500000;320.8500000;320.4500000;320.7000000;14050
TATN;5;20160922;165000;320.7500000;321.6500000;320.7500000;320.9000000;45860
TATN;5;20160922;165500;320.9000000;321.5000000;320.5000000;320.8000000;29430
TATN;5;20160922;170000;320.8000000;321.4500000;320.1000000;320.5500000;18650
TATN;5;20160922;170500;320.5500000;320.7500000;319.2500000;319.5000000;28740
TATN;5;20160922;171000;319.5000000;319.7500000;319.2500000;319.5500000;2170
TATN;5;20160922;171500;319.5500000;320.1000000;319.5500000;319.8000000;3160
TATN;5;20160922;172000;319.8500000;320.2000000;319.8500000;320.1000000;3190
TATN;5;20160922;172500;320.1500000;320.4500000;320.1000000;320.2000000;11190
TATN;5;20160922;173000;320.2000000;320.3500000;319.8000000;319.8000000;27080
TATN;5;20160922;173500;319.9000000;320.4500000;319.9000000;320.3000000;5800
TATN;5;20160922;174000;320.3000000;320.4500000;319.9000000;319.9000000;1670
TATN;5;20160922;174500;319.9000000;320.1500000;319.8500000;319.9500000;3840
TATN;5;20160922;175000;320.0000000;320.1500000;320.0000000;320.1000000;540
TATN;5;20160922;175500;320.1000000;320.2000000;319.8000000;319.9000000;2510
TATN;5;20160922;180000;319.9000000;320.6500000;319.9000000;320.4500000;8800
TATN;5;20160922;180500;320.5000000;320.6000000;320.2500000;320.3000000;1070
TATN;5;20160922;181000;320.3000000;320.6000000;320.2500000;320.2500000;1470
TATN;5;20160922;181500;320.2500000;320.4500000;320.1000000;320.3000000;1240
TATN;5;20160922;182000;320.2000000;320.4000000;320.2000000;320.3000000;2510
TATN;5;20160922;182500;320.3000000;320.5000000;320.0500000;320.0500000;2120
TATN;5;20160922;183000;320.1500000;320.6000000;320.1500000;320.5000000;2700
TATN;5;20160922;183500;320.6000000;321.6000000;320.5000000;321.3000000;43690
TATN;5;20160922;184000;321.4500000;321.6500000;320.8000000;320.8000000;60170
TATN;5;20160922;185000;322.4500000;322.4500000;322.4500000;322.4500000;86080
TATN;5;20160923;100500;321.6000000;321.7000000;320.6000000;321.0500000;11310
TATN;5;20160923;101000;320.7500000;321.0000000;319.6000000;319.8000000;23610
TATN;5;20160923;101500;319.7500000;320.0000000;319.7000000;319.9500000;3750
TATN;5;20160923;102000;319.9500000;320.0000000;319.4500000;319.7000000;5770
TATN;5;20160923;102500;319.7000000;319.9000000;319.4500000;319.6000000;5510
TATN;5;20160923;103000;319.7500000;319.9500000;319.5000000;319.9500000;2040
TATN;5;20160923;103500;319.9500000;319.9500000;319.5500000;319.7500000;2800
TATN;5;20160923;104000;319.8000000;319.9500000;319.6500000;319.9000000;1490
TATN;5;20160923;104500;319.9000000;320.0000000;319.7000000;319.7000000;5720
TATN;5;20160923;105000;319.8500000;320.0000000;319.0000000;319.0000000;17240
TATN;5;20160923;105500;319.0000000;319.2500000;318.8000000;319.2500000;8650
TATN;5;20160923;110000;319.2000000;319.4500000;319.0500000;319.1500000;5060
TATN;5;20160923;110500;319.2000000;319.7500000;319.1000000;319.7500000;5540
TATN;5;20160923;111000;319.7500000;319.8000000;319.5000000;319.8000000;870
TATN;5;20160923;111500;319.7000000;320.2500000;319.6000000;319.9500000;9490
TATN;5;20160923;112000;319.9000000;320.3000000;319.6500000;320.2500000;8150
TATN;5;20160923;112500;320.2500000;320.7000000;320.2000000;320.4000000;1170
TATN;5;20160923;113000;320.5500000;320.5500000;319.8000000;320.0000000;5710
TATN;5;20160923;113500;320.0500000;320.3500000;319.7500000;320.0500000;2510
TATN;5;20160923;114000;320.0500000;320.4500000;320.0000000;320.4500000;770
TATN;5;20160923;114500;320.4500000;320.4500000;319.8500000;320.1000000;1240
TATN;5;20160923;115000;320.1000000;320.2500000;319.7500000;320.2500000;700
TATN;5;20160923;115500;320.2500000;320.3000000;319.3000000;319.6000000;6580
TATN;5;20160923;120000;319.7000000;319.7000000;319.1000000;319.1500000;5100
TATN;5;20160923;120500;319.1000000;319.6000000;319.0500000;319.6000000;6930
TATN;5;20160923;121000;319.5500000;319.8500000;319.5500000;319.6000000;1740
TATN;5;20160923;121500;319.6500000;319.8500000;319.1000000;319.1500000;3430
TATN;5;20160923;122000;319.5500000;319.9000000;319.2500000;319.7000000;3190
TATN;5;20160923;122500;319.5500000;319.5500000;319.1500000;319.4500000;2860
TATN;5;20160923;123000;319.4500000;319.5500000;319.3000000;319.5000000;350
TATN;5;20160923;123500;319.5000000;319.8500000;319.5000000;319.8500000;3050
TATN;5;20160923;124000;319.8000000;319.8000000;319.1500000;319.3500000;2720
TATN;5;20160923;124500;319.4000000;319.7500000;319.0500000;319.7500000;9980
TATN;5;20160923;125000;319.8500000;320.6500000;319.8000000;320.6000000;12300
TATN;5;20160923;125500;320.5000000;320.7000000;320.0500000;320.7000000;6440
TATN;5;20160923;130000;320.8000000;321.0000000;319.3000000;320.2500000;20500
TATN;5;20160923;130500;320.1000000;320.1000000;319.7500000;320.0000000;620
TATN;5;20160923;131000;320.0000000;320.7000000;320.0000000;320.7000000;4410
TATN;5;20160923;131500;320.7000000;320.7000000;320.4000000;320.4500000;440
TATN;5;20160923;132000;320.5000000;321.0000000;320.5000000;320.9000000;29660
TATN;5;20160923;132500;320.7500000;320.8000000;319.6000000;319.8500000;15750
TATN;5;20160923;133000;319.8500000;319.8500000;319.5000000;319.8000000;3100
TATN;5;20160923;133500;319.8500000;320.1000000;319.8500000;320.1000000;2610
TATN;5;20160923;134000;319.8500000;320.1500000;319.8000000;320.0000000;750
TATN;5;20160923;134500;320.0000000;320.1000000;319.7000000;320.0000000;1330
TATN;5;20160923;135000;320.0000000;320.2500000;320.0000000;320.2500000;610
TATN;5;20160923;135500;320.2500000;320.3000000;319.9000000;320.2500000;1800
TATN;5;20160923;140000;320.2500000;320.2500000;319.8000000;319.9500000;750
TATN;5;20160923;140500;319.8000000;320.3000000;319.8000000;320.3000000;2800
TATN;5;20160923;141000;320.2500000;320.4000000;319.9000000;319.9000000;1600
TATN;5;20160923;141500;320.1000000;320.2500000;319.9500000;320.2500000;420
TATN;5;20160923;142000;319.9000000;320.1000000;319.9000000;320.1000000;210
TATN;5;20160923;142500;320.1000000;320.1000000;319.5500000;319.6500000;3470
TATN;5;20160923;143000;319.5500000;319.7000000;319.5000000;319.5000000;3740
TATN;5;20160923;143500;319.5500000;319.5500000;319.5000000;319.5000000;660
TATN;5;20160923;144000;319.7000000;320.0000000;319.5500000;320.0000000;1010
TATN;5;20160923;144500;319.9500000;320.0000000;319.7000000;319.7000000;2700
TATN;5;20160923;145000;319.6500000;319.7000000;318.8000000;319.1000000;21490
TATN;5;20160923;145500;318.8000000;319.0000000;318.5500000;319.0000000;2500
TATN;5;20160923;150000;318.9500000;319.2000000;318.6500000;318.6500000;3510
TATN;5;20160923;150500;318.9000000;319.0500000;318.8000000;318.9000000;400
TATN;5;20160923;151000;319.0500000;319.8500000;319.0500000;319.8000000;14770
TATN;5;20160923;152000;319.8000000;319.9500000;319.7000000;319.9500000;1210
TATN;5;20160923;152500;319.8000000;319.8000000;319.6500000;319.6500000;2340
TATN;5;20160923;153000;319.6500000;319.6500000;319.0000000;319.0000000;4630
TATN;5;20160923;153500;319.0500000;319.3000000;319.0500000;319.3000000;530
TATN;5;20160923;154000;319.2500000;319.2500000;319.2500000;319.2500000;20
TATN;5;20160923;154500;319.1500000;319.2500000;319.1500000;319.2500000;770
TATN;5;20160923;155000;319.2500000;319.3000000;319.0000000;319.3000000;2440
TATN;5;20160923;155500;319.1000000;319.2500000;319.1000000;319.2000000;750
TATN;5;20160923;160000;319.3000000;319.3000000;319.0000000;319.1000000;10840
TATN;5;20160923;160500;319.2500000;319.3000000;319.1000000;319.1000000;6470
TATN;5;20160923;161000;319.2000000;319.2500000;318.9500000;319.2500000;2480
TATN;5;20160923;161500;319.2500000;319.3000000;319.1000000;319.3000000;7110
TATN;5;20160923;162000;319.3000000;319.3000000;319.1500000;319.1500000;3840
TATN;5;20160923;162500;319.3000000;319.6000000;319.3000000;319.6000000;7490
TATN;5;20160923;163000;319.5500000;319.8000000;319.4000000;319.6000000;2010
TATN;5;20160923;163500;319.5000000;320.8500000;319.5000000;320.5000000;19060
TATN;5;20160923;164000;320.7500000;320.8000000;320.5500000;320.8000000;600
TATN;5;20160923;164500;320.7500000;320.8500000;320.5000000;320.7000000;1400
TATN;5;20160923;165000;320.8000000;321.0000000;320.7500000;321.0000000;8630
TATN;5;20160923;165500;320.9500000;321.0000000;320.7000000;321.0000000;11520
TATN;5;20160923;170000;320.8500000;320.8500000;319.8500000;319.8500000;7960
TATN;5;20160923;170500;319.8500000;320.0000000;319.8500000;320.0000000;250
TATN;5;20160923;171000;319.9000000;319.9000000;319.8000000;319.8000000;890
TATN;5;20160923;171500;319.8500000;320.0000000;319.5000000;319.9500000;4090
TATN;5;20160923;172000;319.8500000;320.1500000;319.7000000;319.7000000;3670
TATN;5;20160923;172500;319.7000000;319.9500000;319.5500000;319.6000000;5880
TATN;5;20160923;173000;319.6000000;319.7500000;319.5500000;319.5500000;3100
TATN;5;20160923;173500;319.6000000;319.8000000;319.4000000;319.4000000;1850
TATN;5;20160923;174000;319.4000000;319.6000000;319.4000000;319.5500000;270
TATN;5;20160923;174500;319.5500000;320.1000000;319.5500000;320.0500000;2460
TATN;5;20160923;175000;320.0000000;320.1500000;319.9000000;319.9000000;440
TATN;5;20160923;175500;320.0500000;320.5500000;320.0500000;320.1000000;10700
TATN;5;20160923;180000;320.2500000;320.4500000;320.2500000;320.4000000;890
TATN;5;20160923;180500;320.3000000;320.6500000;320.2500000;320.6500000;3550
TATN;5;20160923;181000;320.6500000;320.8000000;320.6500000;320.7000000;2950
TATN;5;20160923;181500;320.7000000;320.8000000;320.7000000;320.8000000;120
TATN;5;20160923;182000;320.8500000;321.0000000;320.6000000;321.0000000;8600
TATN;5;20160923;182500;320.8500000;321.2500000;320.8000000;320.8000000;13890
TATN;5;20160923;183000;321.1500000;322.3500000;321.1500000;322.3500000;37290
TATN;5;20160923;183500;322.3000000;322.8000000;322.3000000;322.6000000;37690
TATN;5;20160923;184000;322.8000000;323.9500000;322.2500000;323.3500000;234980
TATN;5;20160923;185000;323.2500000;323.2500000;323.2500000;323.2500000;40180
TATN;5;20160926;100500;320.4000000;321.6500000;319.5500000;319.9500000;41600
TATN;5;20160926;101000;319.9500000;320.6000000;319.9000000;320.2500000;5930
TATN;5;20160926;101500;320.2500000;320.6500000;320.0500000;320.0500000;26610
TATN;5;20160926;102000;320.0500000;320.1000000;319.5500000;319.5500000;36510
TATN;5;20160926;102500;319.7500000;319.7500000;319.3000000;319.7000000;6330
TATN;5;20160926;103000;319.6000000;319.8500000;319.1000000;319.4500000;11040
TATN;5;20160926;103500;319.2000000;319.3000000;318.5500000;319.1500000;18500
TATN;5;20160926;104000;319.1000000;319.7000000;318.8000000;319.7000000;26400
TATN;5;20160926;104500;319.7000000;319.7500000;319.3500000;319.6000000;3180
TATN;5;20160926;105000;319.6000000;319.7000000;319.4000000;319.6000000;2460
TATN;5;20160926;105500;319.6000000;319.6500000;319.1500000;319.3000000;3340
TATN;5;20160926;110000;319.4500000;319.7000000;319.4500000;319.5000000;2340
TATN;5;20160926;110500;319.4500000;319.6000000;319.4500000;319.6000000;1340
TATN;5;20160926;111000;319.4500000;319.5000000;319.0000000;319.3000000;10250
TATN;5;20160926;111500;319.2000000;319.4000000;319.2000000;319.4000000;110
TATN;5;20160926;112000;319.4500000;319.9000000;319.4500000;319.6000000;2420
TATN;5;20160926;112500;319.5500000;319.7000000;319.2500000;319.4000000;2640
TATN;5;20160926;113000;319.4500000;319.4500000;319.4000000;319.4000000;180
TATN;5;20160926;113500;319.5500000;319.9500000;319.5500000;319.9500000;3090
TATN;5;20160926;114000;319.8000000;319.8500000;319.7500000;319.8000000;680
TATN;5;20160926;114500;319.9500000;320.0000000;319.9500000;320.0000000;160
TATN;5;20160926;115000;319.9000000;320.1500000;319.8500000;320.0000000;3180
TATN;5;20160926;115500;319.8500000;319.8500000;319.2500000;319.5000000;5100
TATN;5;20160926;120500;319.7000000;320.0000000;319.6000000;319.7000000;2340
TATN;5;20160926;121000;319.6500000;319.6500000;319.6500000;319.6500000;170
TATN;5;20160926;121500;319.6500000;320.3000000;319.6500000;319.8000000;7110
TATN;5;20160926;122000;319.9500000;320.1000000;319.9500000;320.1000000;230
TATN;5;20160926;122500;320.0500000;320.1000000;320.0000000;320.1000000;610
TATN;5;20160926;123000;320.0000000;320.3500000;320.0000000;320.3500000;1110
TATN;5;20160926;123500;320.3500000;320.5000000;320.3500000;320.3500000;1710
TATN;5;20160926;124000;320.4000000;320.5000000;320.3500000;320.4500000;940
TATN;5;20160926;124500;320.4500000;320.5000000;320.3000000;320.5000000;480
TATN;5;20160926;125000;320.5500000;320.6500000;319.5500000;319.6000000;12910
TATN;5;20160926;125500;319.7500000;319.9000000;319.6500000;319.7500000;4590
TATN;5;20160926;130500;319.8500000;319.8500000;319.8500000;319.8500000;50
TATN;5;20160926;131000;319.9000000;319.9000000;319.8000000;319.8500000;770
TATN;5;20160926;131500;319.8500000;320.0000000;319.5000000;319.5000000;12060
TATN;5;20160926;132000;319.6500000;319.8000000;319.2500000;319.4000000;6270
TATN;5;20160926;132500;319.5000000;319.7500000;319.3500000;319.3500000;16050
TATN;5;20160926;133000;319.5000000;319.7000000;319.4500000;319.5500000;2950
TATN;5;20160926;133500;319.6000000;319.6500000;319.4500000;319.4500000;1920
TATN;5;20160926;134000;319.6000000;319.6000000;319.5500000;319.6000000;900
TATN;5;20160926;134500;319.6000000;319.6000000;319.6000000;319.6000000;110
TATN;5;20160926;135000;319.5000000;319.6500000;319.5000000;319.6500000;1440
TATN;5;20160926;135500;319.6500000;319.6500000;319.5000000;319.5000000;2280
TATN;5;20160926;140000;319.5000000;319.7500000;319.3500000;319.3500000;5960
TATN;5;20160926;140500;319.4000000;319.4000000;319.3000000;319.4000000;530
TATN;5;20160926;141000;319.4000000;319.6500000;319.4000000;319.6500000;560
TATN;5;20160926;141500;319.5500000;319.6500000;319.2500000;319.6500000;870
TATN;5;20160926;142000;319.5000000;319.5000000;319.5000000;319.5000000;1180
TATN;5;20160926;142500;319.5000000;319.5000000;319.4000000;319.4000000;210
TATN;5;20160926;143000;319.5500000;319.7000000;319.4500000;319.4500000;1230
TATN;5;20160926;143500;319.4500000;319.4500000;319.3000000;319.3500000;1720
TATN;5;20160926;144000;319.3500000;319.3500000;319.0500000;319.1500000;3420
TATN;5;20160926;144500;319.1000000;319.1000000;319.1000000;319.1000000;120
TATN;5;20160926;145000;319.1500000;319.1500000;318.6500000;318.9000000;14900
TATN;5;20160926;145500;318.9500000;318.9500000;318.9500000;318.9500000;1360
TATN;5;20160926;150000;319.0000000;319.2500000;318.8500000;318.8500000;2180
TATN;5;20160926;150500;318.9500000;319.2500000;318.8000000;318.8000000;2590
TATN;5;20160926;151000;318.7500000;319.2500000;318.7500000;319.2000000;3060
TATN;5;20160926;151500;319.2000000;319.2500000;318.8500000;319.2500000;2290
TATN;5;20160926;152000;319.2000000;319.4000000;318.9500000;318.9500000;3860
TATN;5;20160926;152500;319.0000000;319.0000000;319.0000000;319.0000000;20
TATN;5;20160926;153000;319.0500000;319.0500000;318.8000000;319.0000000;1620
TATN;5;20160926;153500;318.8500000;319.0500000;318.8000000;319.0500000;2520
TATN;5;20160926;154000;319.1000000;319.1500000;318.9500000;319.0000000;570
TATN;5;20160926;154500;318.9500000;319.0000000;318.8000000;318.8500000;700
TATN;5;20160926;155000;318.8500000;318.9000000;318.7500000;318.8000000;2990
TATN;5;20160926;155500;318.8000000;318.9000000;318.7500000;318.9000000;370
TATN;5;20160926;160000;318.9000000;319.4000000;318.8500000;319.4000000;8700
TATN;5;20160926;160500;319.3000000;319.3500000;319.1000000;319.1000000;440
TATN;5;20160926;161000;318.9500000;319.2000000;318.9000000;318.9000000;8680
TATN;5;20160926;161500;319.0000000;319.0000000;318.9000000;318.9000000;2220
TATN;5;20160926;162000;318.9000000;319.0000000;318.8000000;319.0000000;1060
TATN;5;20160926;162500;319.0500000;319.0500000;318.9500000;318.9500000;570
TATN;5;20160926;163000;319.0500000;319.1000000;319.0500000;319.1000000;350
TATN;5;20160926;163500;319.0000000;319.1500000;318.7000000;319.1500000;13360
TATN;5;20160926;164000;318.8500000;318.8500000;318.8500000;318.8500000;110
TATN;5;20160926;164500;318.8000000;318.9500000;318.7000000;318.7500000;480
TATN;5;20160926;165000;318.7500000;318.9500000;318.7500000;318.9500000;960
TATN;5;20160926;165500;318.9500000;319.0000000;318.1000000;318.1000000;25250
TATN;5;20160926;170000;318.1500000;318.4000000;318.1500000;318.3000000;7410
TATN;5;20160926;170500;318.1500000;318.6000000;318.1500000;318.5500000;6620
TATN;5;20160926;171000;318.5500000;318.5500000;318.1500000;318.2500000;8830
TATN;5;20160926;171500;318.2000000;318.7500000;318.1000000;318.7000000;14760
TATN;5;20160926;172000;318.6500000;318.8000000;317.8000000;318.1000000;35980
TATN;5;20160926;172500;318.0500000;318.2000000;318.0000000;318.1000000;3170
TATN;5;20160926;173000;318.1000000;318.1500000;317.9000000;317.9000000;2350
TATN;5;20160926;173500;318.0500000;318.4000000;318.0500000;318.3500000;4840
TATN;5;20160926;174000;318.4000000;318.9000000;318.4000000;318.8500000;8430
TATN;5;20160926;174500;318.8500000;318.9000000;318.6000000;318.6000000;6500
TATN;5;20160926;175000;318.5500000;318.7500000;318.5500000;318.6500000;16570
TATN;5;20160926;175500;318.6500000;318.7500000;318.6000000;318.6500000;5300
TATN;5;20160926;180000;318.5500000;318.7500000;318.5500000;318.7000000;5610
TATN;5;20160926;180500;318.5500000;318.7500000;318.5500000;318.7500000;8770
TATN;5;20160926;181000;318.6500000;318.7000000;318.6000000;318.6500000;2960
TATN;5;20160926;181500;318.6000000;318.7500000;318.5500000;318.5500000;14150
TATN;5;20160926;182000;318.6000000;318.9000000;318.5500000;318.8500000;23670
TATN;5;20160926;182500;318.7500000;319.0500000;318.7500000;319.0500000;10560
TATN;5;20160926;183000;319.0000000;319.2000000;318.8500000;319.1000000;10440
TATN;5;20160926;183500;319.1000000;319.1500000;318.5000000;318.5500000;12500
TATN;5;20160926;184000;318.4000000;319.2500000;318.4000000;319.0000000;89430
TATN;5;20160926;185000;319.1500000;319.1500000;319.1500000;319.1500000;30030
TATN;5;20160927;100500;319.1500000;319.6000000;318.3000000;318.4000000;16160
TATN;5;20160927;101000;318.4000000;318.7000000;317.3500000;318.1000000;26080
TATN;5;20160927;101500;318.1000000;318.1500000;317.9000000;317.9500000;2610
TATN;5;20160927;102000;317.9500000;317.9500000;317.7000000;317.7500000;4660
TATN;5;20160927;102500;317.7000000;318.2000000;317.6500000;317.8500000;5920
TATN;5;20160927;103000;317.8500000;318.0500000;317.5000000;317.7000000;7840
TATN;5;20160927;103500;317.5000000;318.0500000;317.4500000;317.9500000;19840
TATN;5;20160927;104000;317.9000000;318.0000000;317.8500000;317.8500000;1650
TATN;5;20160927;104500;317.9000000;318.2500000;317.4500000;317.5500000;18990
TATN;5;20160927;105000;317.7000000;317.9000000;317.4000000;317.8000000;10900
TATN;5;20160927;105500;317.7000000;317.9000000;317.5500000;317.7500000;8300
TATN;5;20160927;110000;317.7500000;317.8000000;317.6000000;317.6500000;1110
TATN;5;20160927;110500;317.6000000;317.7500000;317.4500000;317.4500000;8940
TATN;5;20160927;111000;317.5000000;317.7500000;317.4000000;317.6500000;10250
TATN;5;20160927;111500;317.5500000;317.5500000;317.1000000;317.2500000;17200
TATN;5;20160927;112000;317.2000000;317.2000000;316.6000000;317.1500000;28510
TATN;5;20160927;112500;317.0000000;317.2000000;316.8000000;316.8000000;2410
TATN;5;20160927;113000;316.8000000;316.8000000;316.6000000;316.7000000;2420
TATN;5;20160927;113500;316.7000000;316.8500000;316.2000000;316.2000000;10090
TATN;5;20160927;114000;316.4000000;316.7000000;316.2000000;316.5000000;9230
TATN;5;20160927;114500;316.3500000;316.8500000;316.3000000;316.6000000;8100
TATN;5;20160927;115000;316.6000000;316.8000000;316.5500000;316.7500000;1720
TATN;5;20160927;115500;316.6000000;316.7500000;316.3500000;316.3500000;5810
TATN;5;20160927;120000;316.5000000;316.6500000;316.3500000;316.3500000;4780
TATN;5;20160927;120500;316.3500000;316.5500000;315.2500000;315.7000000;47210
TATN;5;20160927;121000;315.7500000;315.7500000;315.3000000;315.7500000;19030
TATN;5;20160927;121500;315.7500000;315.8000000;315.5000000;315.5000000;3100
TATN;5;20160927;122000;315.5000000;315.7000000;315.4500000;315.6000000;8910
TATN;5;20160927;122500;315.4500000;315.6000000;315.3500000;315.4500000;20620
TATN;5;20160927;123000;315.5500000;315.7000000;315.5000000;315.5500000;8290
TATN;5;20160927;123500;315.5000000;315.7000000;315.5000000;315.7000000;1610
TATN;5;20160927;124000;315.7000000;315.8000000;315.3500000;315.6000000;31270
TATN;5;20160927;124500;315.5000000;315.7000000;315.5000000;315.6500000;2560
TATN;5;20160927;125000;315.6500000;315.7000000;315.3500000;315.5500000;55000
TATN;5;20160927;125500;315.6000000;315.9500000;315.6000000;315.9500000;8700
TATN;5;20160927;130000;315.9000000;316.1000000;315.9000000;316.1000000;2740
TATN;5;20160927;130500;316.0500000;316.1000000;315.6500000;315.8000000;12930
TATN;5;20160927;131000;315.8000000;315.9500000;315.6500000;315.6500000;2670
TATN;5;20160927;131500;315.7000000;315.8000000;315.6000000;315.7500000;4800
TATN;5;20160927;132000;315.6000000;315.7500000;315.6000000;315.7500000;3460
TATN;5;20160927;132500;315.6000000;315.7500000;315.6000000;315.6500000;2470
TATN;5;20160927;133000;315.7500000;315.7500000;315.6000000;315.7500000;2610
TATN;5;20160927;133500;315.6500000;315.7000000;315.6000000;315.7000000;1500
TATN;5;20160927;134000;315.6000000;315.9000000;315.6000000;315.8500000;2950
TATN;5;20160927;134500;315.7500000;315.8500000;315.6000000;315.6500000;4960
TATN;5;20160927;135000;315.6500000;315.8000000;315.6000000;315.7500000;2690
TATN;5;20160927;135500;315.6000000;315.7500000;315.6000000;315.7500000;2710
TATN;5;20160927;140000;315.6000000;315.7500000;315.5000000;315.5500000;1500
TATN;5;20160927;140500;315.5500000;315.5500000;315.5000000;315.5500000;500
TATN;5;20160927;141000;315.6500000;315.7000000;315.4000000;315.5000000;6410
TATN;5;20160927;141500;315.4500000;315.5500000;315.4000000;315.5500000;2220
TATN;5;20160927;142000;315.4000000;315.8000000;315.3500000;315.5000000;10030
TATN;5;20160927;142500;315.3500000;315.5500000;315.3500000;315.4500000;2920
TATN;5;20160927;143000;315.3500000;315.6000000;315.3500000;315.5500000;3300
TATN;5;20160927;143500;315.3500000;315.6000000;315.3500000;315.6000000;1300
TATN;5;20160927;144000;315.4000000;315.8000000;315.4000000;315.8000000;1600
TATN;5;20160927;144500;315.7500000;315.9500000;315.5500000;315.9500000;5970
TATN;5;20160927;145000;315.8000000;316.0000000;315.8000000;316.0000000;10840
TATN;5;20160927;145500;315.8000000;316.1000000;315.6000000;315.8000000;11700
TATN;5;20160927;150000;315.8000000;316.0000000;315.6000000;315.8000000;2770
TATN;5;20160927;150500;315.8000000;316.0000000;315.8000000;315.9000000;2890
TATN;5;20160927;151000;315.9000000;316.1000000;315.9000000;315.9000000;3130
TATN;5;20160927;151500;315.9000000;316.4000000;315.8500000;316.2000000;8080
TATN;5;20160927;152000;316.2000000;316.3000000;316.1000000;316.1000000;700
TATN;5;20160927;152500;316.2500000;316.3500000;316.2500000;316.3500000;20
TATN;5;20160927;153000;316.3000000;316.3000000;316.0500000;316.2500000;2780
TATN;5;20160927;153500;316.1500000;316.1500000;316.1000000;316.1500000;320
TATN;5;20160927;154000;316.1500000;316.3000000;316.0500000;316.3000000;710
TATN;5;20160927;154500;316.1000000;316.3000000;316.0500000;316.2000000;3430
TATN;5;20160927;155000;316.2000000;316.2500000;316.0500000;316.2500000;2710
TATN;5;20160927;155500;316.2500000;316.2500000;315.9000000;315.9500000;2310
TATN;5;20160927;160000;316.0000000;316.2500000;316.0000000;316.2500000;1600
TATN;5;20160927;160500;316.1000000;316.3500000;315.9500000;316.2500000;2930
TATN;5;20160927;161000;316.2500000;316.4500000;316.0000000;316.3500000;6920
TATN;5;20160927;161500;316.4000000;316.5000000;316.2000000;316.4000000;2910
TATN;5;20160927;162000;316.2500000;316.7000000;316.2000000;316.3500000;17650
TATN;5;20160927;162500;316.3500000;316.9000000;316.1500000;316.9000000;17860
TATN;5;20160927;163000;316.9000000;316.9500000;316.8500000;316.9500000;3530
TATN;5;20160927;163500;316.8500000;317.1000000;316.6000000;317.1000000;12230
TATN;5;20160927;164000;317.1000000;317.5500000;317.0500000;317.4000000;7420
TATN;5;20160927;164500;317.4000000;317.7500000;317.4000000;317.7500000;10220
TATN;5;20160927;165000;317.7000000;317.9000000;317.5000000;317.9000000;7240
TATN;5;20160927;165500;317.9000000;318.2500000;317.0000000;317.9500000;50650
TATN;5;20160927;170000;318.2500000;318.2500000;317.9500000;317.9500000;4210
TATN;5;20160927;170500;318.0500000;318.2000000;317.6500000;317.8500000;7420
TATN;5;20160927;171000;317.8500000;317.8500000;317.0500000;317.5000000;10070
TATN;5;20160927;171500;317.4000000;317.6000000;316.1500000;316.7000000;39720
TATN;5;20160927;172000;316.4500000;316.8000000;316.2500000;316.3000000;14760
TATN;5;20160927;172500;316.5500000;317.4000000;316.0000000;317.3000000;24540
TATN;5;20160927;173000;317.3000000;317.3000000;316.7000000;316.7500000;9290
TATN;5;20160927;173500;316.9000000;317.1000000;316.9000000;317.1000000;2990
TATN;5;20160927;174000;317.2500000;317.8500000;317.2000000;317.6000000;12600
TATN;5;20160927;174500;317.6000000;318.2000000;317.5000000;318.0000000;21860
TATN;5;20160927;175000;318.0000000;318.0000000;317.6000000;317.8000000;6940
TATN;5;20160927;175500;317.8000000;317.8500000;317.5500000;317.6000000;1500
TATN;5;20160927;180000;317.5500000;317.6500000;317.2500000;317.5500000;6470
TATN;5;20160927;180500;317.5000000;317.5000000;317.0000000;317.0000000;6410
TATN;5;20160927;181000;317.0000000;317.6500000;316.9000000;317.3500000;8670
TATN;5;20160927;181500;317.3000000;317.4000000;316.4000000;316.5500000;16900
TATN;5;20160927;182000;316.4000000;316.8000000;315.7000000;316.0500000;35650
TATN;5;20160927;182500;316.0500000;316.0500000;315.6500000;315.7500000;39490
TATN;5;20160927;183000;315.9000000;316.4000000;315.6500000;316.0000000;47580
TATN;5;20160927;183500;316.0000000;316.2000000;315.5500000;315.8000000;43990
TATN;5;20160927;184000;315.8500000;317.6500000;315.3500000;317.6500000;259590
TATN;5;20160927;185000;316.8000000;316.8000000;316.8000000;316.8000000;24920
TATN;5;20160928;100500;316.1000000;316.2500000;315.7000000;316.0000000;9800
TATN;5;20160928;101000;315.9500000;317.2000000;315.9000000;316.8000000;13600
TATN;5;20160928;101500;316.9000000;317.2500000;316.1500000;316.7500000;13840
TATN;5;20160928;102000;316.6000000;317.1500000;316.4500000;317.1500000;2130
TATN;5;20160928;102500;317.0500000;317.3500000;316.9500000;317.2000000;790
TATN;5;20160928;103000;317.1000000;317.2500000;316.6500000;317.1000000;2510
TATN;5;20160928;103500;317.0500000;317.3000000;317.0500000;317.2000000;4200
TATN;5;20160928;104000;317.2000000;317.3000000;317.1000000;317.1000000;3250
TATN;5;20160928;104500;317.1500000;317.5000000;316.9500000;317.4000000;8850
TATN;5;20160928;105000;317.3000000;317.5000000;317.0000000;317.4500000;2520
TATN;5;20160928;105500;317.3000000;317.4500000;317.0000000;317.4000000;4190
TATN;5;20160928;110000;317.4000000;317.5000000;317.0000000;317.3500000;8030
TATN;5;20160928;110500;317.4000000;318.1000000;317.3000000;318.0500000;8730
TATN;5;20160928;111000;317.8000000;318.0500000;317.5000000;317.7500000;3850
TATN;5;20160928;111500;318.0500000;318.1500000;317.9500000;318.1000000;8540
TATN;5;20160928;112000;317.9500000;317.9500000;317.5500000;317.5500000;3040
TATN;5;20160928;112500;317.8000000;317.9500000;317.8000000;317.9500000;2270
TATN;5;20160928;113000;317.9500000;318.0000000;317.6500000;318.0000000;2340
TATN;5;20160928;113500;317.9000000;318.6000000;317.9000000;318.4500000;13700
TATN;5;20160928;114000;318.5500000;318.6000000;318.4500000;318.5500000;2190
TATN;5;20160928;114500;318.4500000;318.6000000;317.9500000;318.3500000;3600
TATN;5;20160928;115000;318.0500000;318.6000000;317.9000000;318.6000000;1850
TATN;5;20160928;115500;318.4000000;318.6000000;318.4000000;318.5000000;1380
TATN;5;20160928;120000;318.5500000;318.5500000;318.0500000;318.2500000;7240
TATN;5;20160928;120500;318.3000000;318.6000000;318.1500000;318.4500000;1990
TATN;5;20160928;121000;318.2500000;318.6000000;318.2500000;318.5500000;7970
TATN;5;20160928;121500;318.3500000;318.5500000;318.1500000;318.5500000;3480
TATN;5;20160928;122000;318.5000000;319.0500000;318.5000000;319.0000000;13050
TATN;5;20160928;122500;319.0500000;319.2500000;318.6500000;319.2000000;10360
TATN;5;20160928;123000;318.9500000;319.4000000;318.7500000;319.0000000;6030
TATN;5;20160928;123500;318.9500000;319.1000000;318.7500000;319.1000000;500
TATN;5;20160928;124000;318.8500000;319.0000000;318.5500000;318.8000000;1970
TATN;5;20160928;124500;319.0000000;319.0000000;318.6000000;318.6000000;840
TATN;5;20160928;125000;318.7000000;318.9500000;318.6000000;318.7000000;2960
TATN;5;20160928;125500;318.9000000;318.9500000;318.6000000;318.7500000;2800
TATN;5;20160928;130000;318.5500000;318.8000000;318.5000000;318.8000000;390
TATN;5;20160928;130500;318.8000000;318.8000000;318.4000000;318.7500000;1650
TATN;5;20160928;131000;318.6500000;318.7500000;318.6500000;318.7500000;520
TATN;5;20160928;131500;318.5500000;318.7000000;318.4000000;318.6500000;1140
TATN;5;20160928;132000;318.7000000;318.7500000;318.2500000;318.5000000;9760
TATN;5;20160928;132500;318.5000000;318.8000000;318.2500000;318.6500000;20240
TATN;5;20160928;133000;318.7000000;319.2000000;318.4000000;319.0000000;16430
TATN;5;20160928;133500;319.2500000;319.6000000;319.0000000;319.6000000;12620
TATN;5;20160928;134000;319.4500000;319.5500000;319.3000000;319.5500000;1180
TATN;5;20160928;134500;319.5500000;319.8000000;319.2000000;319.7000000;7020
TATN;5;20160928;135000;319.5000000;319.7000000;319.0500000;319.4500000;5200
TATN;5;20160928;135500;319.5000000;319.6000000;319.1000000;319.1000000;1310
TATN;5;20160928;140000;319.4000000;319.6500000;319.1000000;319.5000000;7520
TATN;5;20160928;140500;319.4500000;319.6500000;319.1500000;319.5500000;2210
TATN;5;20160928;141000;319.6000000;319.9000000;319.3500000;319.7000000;14310
TATN;5;20160928;141500;319.7000000;319.7000000;319.4500000;319.7000000;3060
TATN;5;20160928;142000;319.6500000;319.8000000;319.5000000;319.7500000;3480
TATN;5;20160928;142500;319.8000000;319.9000000;319.6500000;319.9000000;3390
TATN;5;20160928;143000;319.8500000;320.0000000;319.6500000;319.7500000;3770
TATN;5;20160928;143500;320.0000000;320.0000000;319.7500000;319.9500000;3210
TATN;5;20160928;144000;319.8000000;319.9500000;319.7500000;319.9000000;2860
TATN;5;20160928;144500;319.9000000;319.9500000;319.6000000;319.6500000;4420
TATN;5;20160928;145000;319.8500000;319.9000000;319.8500000;319.9000000;1980
TATN;5;20160928;145500;319.9000000;320.2500000;319.9000000;320.0000000;8280
TATN;5;20160928;150000;320.1500000;320.1500000;319.8500000;320.1500000;2680
TATN;5;20160928;150500;320.1500000;320.3000000;319.9500000;320.2500000;4580
TATN;5;20160928;151000;320.2500000;320.3000000;319.9500000;320.2500000;7430
TATN;5;20160928;151500;320.2500000;320.3000000;319.9500000;319.9500000;2610
TATN;5;20160928;152000;319.9500000;320.2500000;319.9500000;320.0500000;3760
TATN;5;20160928;152500;320.0500000;320.2500000;320.0000000;320.1500000;3710
TATN;5;20160928;153000;319.9500000;320.1500000;319.8500000;320.0000000;3680
TATN;5;20160928;153500;320.0000000;320.3500000;320.0000000;320.2500000;9090
TATN;5;20160928;154000;320.2500000;320.4500000;320.1000000;320.3000000;6770
TATN;5;20160928;154500;320.2000000;320.2500000;319.9500000;320.0000000;5220
TATN;5;20160928;155000;320.2000000;320.2000000;319.2000000;319.2000000;5140
TATN;5;20160928;155500;319.2000000;319.4500000;319.1000000;319.2000000;4220
TATN;5;20160928;160000;319.2000000;319.2500000;319.1500000;319.1500000;1020
TATN;5;20160928;160500;319.4000000;319.6500000;319.3500000;319.3500000;900
TATN;5;20160928;161000;319.5000000;320.2000000;319.3500000;319.7500000;3660
TATN;5;20160928;162000;319.9000000;320.0000000;319.6000000;319.6000000;1150
TATN;5;20160928;162500;319.6000000;319.8500000;319.5000000;319.5000000;1800
TATN;5;20160928;163000;319.7000000;320.1500000;319.4500000;320.1000000;25380
TATN;5;20160928;163500;320.1000000;320.4500000;319.9500000;320.1500000;29700
TATN;5;20160928;164000;320.1500000;320.4000000;320.1000000;320.1000000;6350
TATN;5;20160928;164500;320.2500000;320.4000000;320.0500000;320.0500000;4560
TATN;5;20160928;165000;320.2500000;320.9500000;320.0000000;320.8000000;24050
TATN;5;20160928;165500;320.8000000;320.9500000;320.5500000;320.9000000;5990
TATN;5;20160928;170000;320.9500000;320.9500000;319.7000000;320.0000000;21510
TATN;5;20160928;170500;320.0500000;320.3500000;319.5500000;320.1500000;8040
TATN;5;20160928;171000;320.2500000;320.3500000;320.0500000;320.3500000;3850
TATN;5;20160928;171500;320.3500000;320.4000000;320.0500000;320.4000000;3910
TATN;5;20160928;172000;320.4000000;320.8000000;320.0500000;320.4500000;11920
TATN;5;20160928;172500;320.4500000;320.7000000;319.0500000;319.6000000;27930
TATN;5;20160928;173000;319.6000000;320.1500000;319.5500000;320.1500000;13520
TATN;5;20160928;173500;320.2000000;320.8500000;319.9500000;320.0500000;7420
TATN;5;20160928;174000;320.3000000;320.3500000;319.7500000;319.9000000;7090
TATN;5;20160928;174500;320.0500000;320.1500000;319.6000000;319.6000000;4910
TATN;5;20160928;175000;319.7000000;319.7000000;319.1500000;319.5000000;7620
TATN;5;20160928;175500;319.6500000;319.6500000;319.1000000;319.1000000;7030
TATN;5;20160928;180000;319.3000000;319.3000000;318.4500000;318.5000000;13890
TATN;5;20160928;180500;318.7500000;319.3000000;318.6000000;319.0500000;4500
TATN;5;20160928;181000;319.2500000;319.3500000;318.7500000;319.0000000;5600
TATN;5;20160928;181500;319.2000000;319.2000000;318.7500000;318.8500000;4740
TATN;5;20160928;182000;319.0500000;319.1500000;318.8500000;318.9000000;2860
TATN;5;20160928;182500;319.1500000;319.2000000;318.8500000;318.8500000;2470
TATN;5;20160928;183000;319.1000000;319.1000000;318.7500000;318.8000000;4460
TATN;5;20160928;183500;319.0000000;319.1000000;318.7500000;318.8500000;2940
TATN;5;20160928;184000;318.8000000;319.1000000;318.0500000;318.0500000;24520
TATN;5;20160928;185000;319.5000000;319.5000000;319.5000000;319.5000000;20000
TATN;5;20160929;100500;324.2000000;324.3000000;321.5000000;321.9500000;50930
TATN;5;20160929;101000;322.0500000;322.7500000;321.7000000;322.4000000;23330
TATN;5;20160929;101500;322.7000000;322.9500000;322.0000000;322.3000000;25330
TATN;5;20160929;102000;322.3000000;323.1000000;321.5500000;323.1000000;37690
TATN;5;20160929;102500;322.9500000;323.5000000;322.9000000;323.5000000;9190
TATN;5;20160929;103000;323.5000000;324.3500000;323.5000000;324.2500000;59000
TATN;5;20160929;103500;324.3000000;326.0000000;324.3000000;325.6000000;148180
TATN;5;20160929;104000;325.6000000;326.3000000;325.4000000;326.0000000;94030
TATN;5;20160929;104500;326.1000000;326.1000000;323.8500000;324.9000000;61940
TATN;5;20160929;105000;325.1500000;325.5000000;324.7000000;325.4500000;20270
TATN;5;20160929;105500;325.5000000;325.5000000;324.2000000;324.6000000;29340
TATN;5;20160929;110000;324.7000000;325.0000000;324.4500000;324.7500000;5190
TATN;5;20160929;110500;325.0000000;325.0500000;324.7000000;324.9500000;5970
TATN;5;20160929;111000;324.8000000;325.0000000;324.8000000;325.0000000;4810
TATN;5;20160929;111500;325.0500000;325.2000000;324.8000000;325.1000000;7360
TATN;5;20160929;112000;325.2000000;325.5000000;325.1500000;325.5000000;16200
TATN;5;20160929;112500;325.5000000;325.5000000;324.7000000;324.7500000;14380
TATN;5;20160929;113000;324.7500000;325.2500000;324.7500000;325.2500000;2360
TATN;5;20160929;113500;325.2500000;325.3500000;324.9500000;325.0000000;9020
TATN;5;20160929;114000;325.2000000;325.4000000;325.1000000;325.1000000;5330
TATN;5;20160929;114500;325.2000000;325.5000000;325.2000000;325.5000000;15400
TATN;5;20160929;115000;325.5000000;325.5000000;325.1000000;325.1000000;14020
TATN;5;20160929;115500;325.3000000;325.5000000;324.9500000;325.4500000;18570
TATN;5;20160929;120000;325.3000000;325.5000000;325.3000000;325.5000000;9600
TATN;5;20160929;120500;325.4500000;325.4500000;325.2000000;325.4500000;4900
TATN;5;20160929;121000;325.4000000;325.5000000;325.3000000;325.5000000;3810
TATN;5;20160929;121500;325.5000000;325.5000000;325.2500000;325.2500000;5760
TATN;5;20160929;122000;325.2500000;325.5000000;325.2000000;325.2000000;14430
TATN;5;20160929;122500;325.3000000;325.3500000;324.8500000;325.1000000;15540
TATN;5;20160929;123000;325.1000000;325.3000000;324.6000000;324.9500000;6050
TATN;5;20160929;123500;324.7500000;325.0000000;324.5500000;324.5500000;7310
TATN;5;20160929;124000;324.6000000;325.0000000;324.5500000;325.0000000;2260
TATN;5;20160929;124500;325.0500000;325.1000000;324.5500000;324.6000000;8460
TATN;5;20160929;125000;324.6500000;324.6500000;324.1500000;324.2500000;14320
TATN;5;20160929;125500;324.4000000;325.0000000;324.3500000;325.0000000;4240
TATN;5;20160929;130000;325.0000000;325.0000000;324.6000000;324.9000000;7290
TATN;5;20160929;130500;324.9000000;324.9500000;324.6500000;324.7000000;4960
TATN;5;20160929;131000;324.7500000;325.0000000;324.7000000;324.8500000;4740
TATN;5;20160929;131500;325.0000000;325.0000000;324.8500000;325.0000000;3850
TATN;5;20160929;132000;325.0000000;325.1500000;324.9000000;325.1500000;3910
TATN;5;20160929;132500;325.0500000;325.2500000;324.7000000;325.2500000;4460
TATN;5;20160929;133000;325.2500000;325.3000000;324.7000000;324.7500000;6210
TATN;5;20160929;133500;324.9500000;325.2000000;324.9500000;325.0500000;1580
TATN;5;20160929;134000;325.1500000;325.3000000;325.0500000;325.2000000;3630
TATN;5;20160929;134500;325.2000000;325.3500000;325.1500000;325.3500000;2750
TATN;5;20160929;135000;325.3500000;325.4000000;324.8500000;325.1500000;10720
TATN;5;20160929;135500;325.3000000;325.3500000;324.7000000;324.8500000;6500
TATN;5;20160929;140000;325.2000000;325.3500000;325.2000000;325.3500000;2150
TATN;5;20160929;140500;325.3500000;325.4000000;325.2500000;325.2500000;4160
TATN;5;20160929;141000;325.3000000;325.5000000;325.3000000;325.4000000;23800
TATN;5;20160929;141500;325.3500000;325.4500000;325.2500000;325.3000000;3330
TATN;5;20160929;142000;325.3500000;325.4500000;325.1500000;325.1500000;4360
TATN;5;20160929;142500;325.2000000;325.3500000;325.1000000;325.3000000;2260
TATN;5;20160929;143000;325.3000000;325.3500000;324.8500000;325.1000000;7580
TATN;5;20160929;143500;325.1000000;325.2000000;324.9500000;325.1500000;2360
TATN;5;20160929;144000;325.2000000;325.2500000;325.1000000;325.2500000;3440
TATN;5;20160929;144500;325.2500000;325.4500000;325.1500000;325.4500000;4320
TATN;5;20160929;145000;325.4500000;325.4500000;324.8500000;324.9000000;7140
TATN;5;20160929;145500;324.9000000;325.4000000;324.9000000;325.2000000;5660
TATN;5;20160929;150000;325.2000000;325.2500000;325.1500000;325.2000000;3320
TATN;5;20160929;150500;325.2500000;325.4000000;325.1500000;325.3500000;3440
TATN;5;20160929;151000;325.3000000;325.4000000;325.1000000;325.3500000;6810
TATN;5;20160929;151500;325.3500000;325.3500000;324.7500000;325.0000000;11850
TATN;5;20160929;152000;325.0000000;325.3500000;324.9500000;324.9500000;7410
TATN;5;20160929;152500;324.9500000;325.3500000;324.9500000;325.3000000;4820
TATN;5;20160929;153000;325.3000000;325.3500000;325.0000000;325.0000000;8530
TATN;5;20160929;153500;325.0000000;325.3500000;324.8000000;325.3500000;15060
TATN;5;20160929;154000;325.3500000;325.4500000;325.1500000;325.2500000;9020
TATN;5;20160929;154500;325.3000000;325.5000000;324.8000000;325.4000000;40160
TATN;5;20160929;155000;325.4000000;325.9500000;325.2000000;325.6500000;52000
TATN;5;20160929;155500;325.6500000;325.9500000;325.6500000;325.9500000;4020
TATN;5;20160929;160000;325.7500000;326.0000000;325.6500000;326.0000000;6600
TATN;5;20160929;160500;326.0000000;326.2000000;325.8500000;325.9000000;13060
TATN;5;20160929;161000;326.1000000;326.1500000;325.9000000;326.1000000;6180
TATN;5;20160929;161500;326.1000000;326.1500000;325.0500000;325.1500000;24770
TATN;5;20160929;162000;325.2000000;325.5000000;325.1000000;325.5000000;5710
TATN;5;20160929;162500;325.5000000;325.5000000;325.1500000;325.3500000;5080
TATN;5;20160929;163000;325.3500000;325.8000000;325.0500000;325.1000000;14050
TATN;5;20160929;163500;325.1000000;325.7000000;324.9000000;325.2000000;12920
TATN;5;20160929;164000;325.1000000;326.5000000;325.1000000;326.4500000;176810
TATN;5;20160929;164500;326.4000000;326.6000000;326.2000000;326.4500000;20630
TATN;5;20160929;165000;326.4000000;326.6000000;326.0000000;326.0500000;17490
TATN;5;20160929;165500;326.0500000;326.2500000;326.0000000;326.2500000;6980
TATN;5;20160929;170000;326.2500000;326.3000000;326.0000000;326.1500000;17880
TATN;5;20160929;170500;326.1000000;326.2000000;326.0000000;326.0000000;11290
TATN;5;20160929;171000;326.0000000;326.3500000;325.6500000;326.2500000;7390
TATN;5;20160929;171500;326.3000000;326.6500000;326.2500000;326.4000000;7920
TATN;5;20160929;172000;326.5500000;326.6000000;326.4000000;326.4500000;10370
TATN;5;20160929;172500;326.4500000;326.4500000;326.2000000;326.2000000;7320
TATN;5;20160929;173000;326.2000000;326.4000000;326.1500000;326.3500000;6030
TATN;5;20160929;173500;326.3500000;326.6000000;326.2500000;326.4500000;8910
TATN;5;20160929;174000;326.4500000;326.5500000;326.1000000;326.5500000;17260
TATN;5;20160929;174500;326.6000000;326.8000000;326.6000000;326.6000000;12370
TATN;5;20160929;175000;326.6000000;326.6000000;326.3000000;326.5000000;5390
TATN;5;20160929;175500;326.4000000;326.8000000;326.4000000;326.7500000;7070
TATN;5;20160929;180000;326.8000000;327.4000000;326.8000000;327.4000000;28420
TATN;5;20160929;180500;327.4000000;327.5500000;327.1500000;327.1500000;16020
TATN;5;20160929;181000;327.1500000;327.2000000;326.8000000;326.8000000;12750
TATN;5;20160929;181500;326.9500000;326.9500000;326.7000000;326.8000000;6500
TATN;5;20160929;182000;326.9500000;326.9500000;326.8500000;326.9500000;11550
TATN;5;20160929;182500;326.9500000;326.9500000;326.8500000;326.9500000;6500
TATN;5;20160929;183000;326.9500000;327.0000000;326.9000000;327.0000000;15500
TATN;5;20160929;183500;327.0000000;327.1000000;326.7500000;327.0000000;38150
TATN;5;20160929;184000;327.0000000;327.0000000;326.1500000;326.1500000;35040
TATN;5;20160929;185000;325.8500000;325.8500000;325.8500000;325.8500000;36240
TATN;5;20160930;100500;324.6500000;324.7500000;324.1500000;324.4500000;27670
TATN;5;20160930;101000;324.2500000;324.4500000;323.4500000;323.6000000;7890
TATN;5;20160930;101500;323.4500000;325.1000000;323.2500000;325.0500000;16590
TATN;5;20160930;102000;324.8500000;325.2000000;324.6500000;325.2000000;5040
TATN;5;20160930;102500;325.0500000;325.8000000;324.8000000;325.7000000;10510
TATN;5;20160930;103000;325.6500000;326.1500000;325.6000000;326.1500000;18650
TATN;5;20160930;103500;326.1500000;326.1500000;325.3500000;325.4500000;11100
TATN;5;20160930;104000;325.4000000;325.4000000;324.5500000;324.6500000;13050
TATN;5;20160930;104500;324.7500000;325.7500000;324.6500000;325.5000000;11140
TATN;5;20160930;105000;325.6500000;325.7500000;325.3000000;325.4000000;5260
TATN;5;20160930;105500;325.4000000;325.5000000;325.4000000;325.5000000;930
TATN;5;20160930;110000;325.5500000;325.5500000;325.0000000;325.2000000;2200
TATN;5;20160930;110500;325.5500000;325.6500000;325.2500000;325.2500000;3400
TATN;5;20160930;111000;325.5000000;326.4000000;325.5000000;326.3500000;12900
TATN;5;20160930;111500;326.2500000;326.5000000;326.0000000;326.1500000;6660
TATN;5;20160930;112000;326.1000000;326.2000000;325.8000000;325.8000000;1040
TATN;5;20160930;112500;325.9500000;326.3000000;325.9500000;326.1000000;1480
TATN;5;20160930;113000;326.3000000;326.7000000;326.0500000;326.0500000;17060
TATN;5;20160930;113500;325.9000000;326.0500000;325.7000000;325.9000000;2490
TATN;5;20160930;114000;325.7500000;325.8000000;325.3500000;325.5500000;5470
TATN;5;20160930;114500;325.3500000;325.4000000;325.3500000;325.4000000;370
TATN;5;20160930;115000;325.4500000;325.4500000;324.6500000;324.7500000;4520
TATN;5;20160930;115500;324.7500000;325.2000000;324.5500000;324.5500000;10220
TATN;5;20160930;120000;324.5500000;324.5500000;323.9000000;323.9000000;9030
TATN;5;20160930;120500;323.9000000;324.1500000;323.7500000;323.8500000;7520
TATN;5;20160930;121000;323.8500000;323.9000000;323.5500000;323.5500000;3520
TATN;5;20160930;121500;323.6000000;323.9500000;323.5000000;323.6000000;6950
TATN;5;20160930;122000;323.8000000;324.6000000;323.7500000;324.6000000;7500
TATN;5;20160930;122500;324.4000000;324.4000000;324.1000000;324.2000000;2150
TATN;5;20160930;123000;324.1000000;324.1500000;324.1000000;324.1000000;2960
TATN;5;20160930;123500;324.1000000;324.3000000;323.8000000;324.2000000;16310
TATN;5;20160930;124000;324.2000000;324.3500000;324.0500000;324.3500000;950
TATN;5;20160930;124500;324.3000000;324.3000000;324.2000000;324.2000000;3580
TATN;5;20160930;125000;324.2000000;324.5000000;324.1000000;324.5000000;12260
TATN;5;20160930;125500;324.5000000;324.6000000;324.0000000;324.1500000;21530
TATN;5;20160930;130000;324.2500000;324.9000000;324.2500000;324.6500000;12760
TATN;5;20160930;130500;324.6500000;325.2500000;324.6500000;325.2500000;1110
TATN;5;20160930;131000;325.4000000;325.8000000;325.4000000;325.6500000;2270
TATN;5;20160930;131500;325.7000000;325.7000000;325.5500000;325.5500000;490
TATN;5;20160930;132000;325.5500000;325.5500000;325.4500000;325.4500000;110
TATN;5;20160930;132500;325.5000000;325.6000000;325.5000000;325.6000000;4450
TATN;5;20160930;133000;325.6000000;325.7500000;325.5500000;325.6000000;4280
TATN;5;20160930;134000;325.7000000;326.0500000;325.7000000;326.0000000;3230
TATN;5;20160930;134500;326.0000000;326.4000000;326.0000000;326.0000000;3860
TATN;5;20160930;135000;326.0500000;326.0500000;326.0500000;326.0500000;50
TATN;5;20160930;135500;326.0500000;326.3500000;326.0500000;326.3000000;40
TATN;5;20160930;140000;326.2000000;326.4500000;325.1500000;325.8000000;25860
TATN;5;20160930;140500;325.7000000;325.7500000;325.2000000;325.3500000;2210
TATN;5;20160930;141000;325.3500000;325.3500000;324.9000000;325.0000000;4590
TATN;5;20160930;141500;325.0000000;325.0000000;325.0000000;325.0000000;300
TATN;5;20160930;142000;325.1000000;325.1000000;324.7500000;325.0000000;9210
TATN;5;20160930;142500;325.0000000;325.0500000;324.5000000;324.5000000;15730
TATN;5;20160930;143000;324.4500000;324.7000000;324.4500000;324.7000000;5350
TATN;5;20160930;143500;324.7000000;325.0500000;324.5500000;325.0500000;840
TATN;5;20160930;144000;324.8500000;325.0500000;324.8000000;324.8500000;2530
TATN;5;20160930;144500;324.8500000;325.0500000;324.5500000;324.5500000;4790
TATN;5;20160930;145000;324.6500000;324.6500000;324.2500000;324.2500000;7260
TATN;5;20160930;145500;324.4000000;324.6500000;324.3000000;324.6500000;330
TATN;5;20160930;150000;324.6500000;324.9500000;324.6500000;324.9500000;2050
TATN;5;20160930;150500;324.8000000;324.8500000;324.8000000;324.8500000;270
TATN;5;20160930;151000;324.8500000;325.0500000;324.8000000;325.0500000;1680
TATN;5;20160930;151500;324.8000000;324.9000000;324.5500000;324.8000000;7760
TATN;5;20160930;152000;324.8000000;324.8000000;324.6500000;324.6500000;1230
TATN;5;20160930;152500;324.6500000;324.6500000;324.5500000;324.5500000;130
TATN;5;20160930;153000;324.5000000;324.7500000;324.2500000;324.5000000;6100
TATN;5;20160930;153500;324.6000000;324.7500000;323.9500000;324.4000000;4600
TATN;5;20160930;154000;324.4000000;324.4000000;324.3000000;324.3000000;630
TATN;5;20160930;154500;324.2500000;324.5000000;324.0000000;324.0000000;5750
TATN;5;20160930;155000;324.2000000;324.3500000;323.8000000;324.2500000;9230
TATN;5;20160930;155500;324.2500000;324.2500000;324.1500000;324.2500000;970
TATN;5;20160930;160000;324.4000000;324.4500000;323.9500000;324.3000000;12840
TATN;5;20160930;160500;324.2500000;324.2500000;323.9000000;323.9500000;3780
TATN;5;20160930;161000;323.8500000;323.8500000;323.7500000;323.7500000;4750
TATN;5;20160930;161500;323.7000000;323.9000000;323.5000000;323.5500000;3220
TATN;5;20160930;162000;323.7000000;323.7000000;323.4000000;323.4500000;8850
TATN;5;20160930;162500;323.4500000;323.5500000;323.4500000;323.5000000;900
TATN;5;20160930;163000;323.6000000;324.0500000;323.3500000;323.9500000;11160
TATN;5;20160930;163500;323.8500000;324.0500000;323.7000000;324.0000000;7950
TATN;5;20160930;164000;324.0500000;324.0500000;323.9500000;323.9500000;7510
TATN;5;20160930;164500;324.0000000;324.4000000;323.9500000;324.4000000;3810
TATN;5;20160930;165000;324.5000000;324.9000000;324.3000000;324.7000000;8580
TATN;5;20160930;165500;324.7000000;324.7000000;324.0500000;324.2000000;9120
TATN;5;20160930;170000;324.2500000;324.3000000;324.2000000;324.3000000;700
TATN;5;20160930;170500;324.2000000;324.2000000;324.2000000;324.2000000;40
TATN;5;20160930;171000;324.2000000;324.5000000;324.1000000;324.4500000;3520
TATN;5;20160930;171500;324.2500000;324.2500000;324.0000000;324.0000000;4940
TATN;5;20160930;172000;324.0000000;324.2500000;323.7000000;323.7000000;9010
TATN;5;20160930;172500;323.7500000;323.8500000;323.4500000;323.4500000;11480
TATN;5;20160930;173000;323.4500000;323.8500000;323.0000000;323.0500000;23630
TATN;5;20160930;173500;323.0500000;323.3500000;322.5000000;322.5000000;12200
TATN;5;20160930;174000;322.5000000;324.2500000;322.3500000;324.0500000;51770
TATN;5;20160930;174500;323.9500000;324.6500000;323.6000000;323.6000000;18890
TATN;5;20160930;175000;323.6000000;324.9500000;323.6000000;324.1000000;22540
TATN;5;20160930;175500;324.1000000;324.1000000;323.3500000;323.3500000;10580
TATN;5;20160930;180000;323.3500000;323.5500000;323.2000000;323.2000000;9200
TATN;5;20160930;180500;323.2500000;323.4000000;323.0500000;323.0500000;9480
TATN;5;20160930;181000;323.1000000;323.4000000;323.0000000;323.0500000;12800
TATN;5;20160930;181500;323.0500000;323.4000000;323.0000000;323.2500000;9620
TATN;5;20160930;182000;323.4000000;323.6000000;323.0500000;323.1000000;10200
TATN;5;20160930;182500;323.1000000;323.3000000;322.5500000;322.5500000;16180
TATN;5;20160930;183000;322.6000000;322.7000000;322.1000000;322.6500000;33640
TATN;5;20160930;183500;322.5000000;322.5500000;321.5000000;321.5000000;44150
TATN;5;20160930;184000;321.7500000;322.1500000;320.1000000;321.5000000;195000
TATN;5;20160930;185000;320.2500000;320.2500000;320.2500000;320.2500000;254030
TATN;5;20161003;100500;321.0500000;322.5000000;320.5000000;320.7000000;36650
TATN;5;20161003;101000;320.5000000;321.1000000;320.5000000;320.6000000;11070
TATN;5;20161003;101500;320.5500000;321.2000000;320.4500000;321.0500000;10300
TATN;5;20161003;102000;320.8000000;322.1000000;320.6000000;321.9000000;16340
TATN;5;20161003;102500;322.1500000;322.2000000;321.2500000;321.2500000;7420
TATN;5;20161003;103000;321.3000000;321.5000000;320.7000000;320.7500000;4720
TATN;5;20161003;103500;320.9500000;321.6500000;320.7500000;321.6500000;17840
TATN;5;20161003;104000;321.6500000;321.8500000;321.5000000;321.7000000;1320
TATN;5;20161003;104500;321.5500000;321.8000000;321.4000000;321.6500000;1690
TATN;5;20161003;105000;321.6500000;322.1000000;321.3500000;321.4500000;9050
TATN;5;20161003;105500;321.3000000;321.4000000;321.2500000;321.3000000;330
TATN;5;20161003;110000;321.3500000;321.3500000;321.3500000;321.3500000;340
TATN;5;20161003;110500;321.4000000;321.5500000;321.2000000;321.2000000;4100
TATN;5;20161003;111000;321.2000000;321.3500000;320.7000000;320.7000000;18050
TATN;5;20161003;111500;320.8500000;321.1000000;320.8500000;321.0000000;1140
TATN;5;20161003;112000;321.0000000;321.3500000;320.8500000;321.3000000;49270
TATN;5;20161003;112500;321.1000000;321.6000000;321.0500000;321.4000000;2620
TATN;5;20161003;113000;321.5000000;321.6000000;321.4000000;321.5500000;5480
TATN;5;20161003;113500;321.4500000;321.5000000;321.3000000;321.3500000;11720
TATN;5;20161003;114000;321.3500000;321.6000000;321.2000000;321.2500000;8450
TATN;5;20161003;114500;321.2500000;321.6000000;321.2500000;321.4000000;26290
TATN;5;20161003;115000;321.4000000;321.4000000;321.2000000;321.2000000;14200
TATN;5;20161003;115500;321.2500000;321.3500000;321.2000000;321.2000000;610
TATN;5;20161003;120000;321.2500000;321.2500000;320.9000000;321.2000000;13910
TATN;5;20161003;120500;321.2500000;321.4500000;320.6000000;320.8500000;35940
TATN;5;20161003;121000;320.6500000;320.9500000;320.5500000;320.6500000;2790
TATN;5;20161003;121500;320.8500000;320.8500000;320.6500000;320.7000000;1410
TATN;5;20161003;122000;320.7000000;320.8000000;320.5500000;320.7500000;10250
TATN;5;20161003;122500;320.6000000;320.6500000;320.2500000;320.5500000;8600
TATN;5;20161003;123000;320.4000000;320.8000000;320.4000000;320.5500000;700
TATN;5;20161003;123500;320.5500000;320.5500000;320.4500000;320.4500000;290
TATN;5;20161003;124000;320.5000000;320.8500000;320.5000000;320.7500000;1240
TATN;5;20161003;124500;320.6500000;320.9000000;320.6000000;320.6000000;630
TATN;5;20161003;125000;320.8000000;320.8000000;320.4500000;320.4500000;3140
TATN;5;20161003;125500;320.5000000;320.5000000;320.3500000;320.4000000;1230
TATN;5;20161003;130000;320.3500000;320.7000000;320.3500000;320.3500000;2110
TATN;5;20161003;130500;320.3000000;320.3000000;320.0500000;320.1000000;4350
TATN;5;20161003;131000;320.1000000;320.2000000;320.0000000;320.0500000;3170
TATN;5;20161003;131500;320.0500000;320.2500000;319.5500000;319.7000000;8650
TATN;5;20161003;132000;319.7000000;319.9000000;319.4000000;319.4500000;2140
TATN;5;20161003;132500;319.4000000;319.7500000;319.4000000;319.4000000;1750
TATN;5;20161003;133000;319.4500000;319.5000000;319.3000000;319.5000000;530
TATN;5;20161003;133500;319.4500000;319.5500000;319.3500000;319.4000000;710
TATN;5;20161003;134000;319.4000000;319.4000000;319.2500000;319.3500000;1790
TATN;5;20161003;134500;319.3000000;319.8000000;319.3000000;319.8000000;8530
TATN;5;20161003;135000;319.6000000;319.8000000;319.2000000;319.2000000;8740
TATN;5;20161003;135500;319.2500000;319.6000000;319.2500000;319.5500000;800
TATN;5;20161003;140000;319.5500000;319.7000000;319.5500000;319.5500000;5520
TATN;5;20161003;140500;319.5500000;319.7500000;319.5500000;319.7000000;780
TATN;5;20161003;141000;319.7000000;320.1000000;319.7000000;319.7500000;6580
TATN;5;20161003;141500;319.7500000;320.0500000;319.4000000;319.4000000;12740
TATN;5;20161003;142000;319.4000000;319.5500000;319.2500000;319.3000000;6570
TATN;5;20161003;142500;319.3000000;319.6000000;319.3000000;319.3500000;3440
TATN;5;20161003;143000;319.3500000;319.5500000;319.2500000;319.4000000;3130
TATN;5;20161003;143500;319.3500000;319.4500000;319.2000000;319.3000000;1360
TATN;5;20161003;144000;319.3000000;319.6500000;319.2000000;319.6000000;4500
TATN;5;20161003;144500;319.5000000;319.9000000;319.5000000;319.7000000;6380
TATN;5;20161003;145000;319.7000000;319.8000000;319.5000000;319.7000000;5410
TATN;5;20161003;145500;319.7000000;320.2000000;319.7000000;320.0000000;8020
TATN;5;20161003;150000;320.0000000;320.5500000;320.0000000;320.2500000;2740
TATN;5;20161003;150500;320.4500000;320.5500000;320.2500000;320.2500000;9970
TATN;5;20161003;151000;320.2000000;320.2500000;319.8500000;319.9500000;3130
TATN;5;20161003;151500;319.9500000;320.4500000;319.9500000;320.4000000;2570
TATN;5;20161003;152000;320.2000000;320.2000000;320.0000000;320.0500000;8220
TATN;5;20161003;152500;320.0000000;320.3000000;320.0000000;320.2000000;2960
TATN;5;20161003;153000;320.0500000;320.3500000;320.0500000;320.2000000;7050
TATN;5;20161003;153500;320.1500000;320.4500000;320.1000000;320.1000000;6950
TATN;5;20161003;154000;320.1000000;320.5500000;320.1000000;320.3000000;2670
TATN;5;20161003;154500;320.2500000;320.5500000;320.2000000;320.4500000;2110
TATN;5;20161003;155000;320.3000000;320.5500000;320.3000000;320.4500000;1490
TATN;5;20161003;155500;320.4500000;320.5000000;320.2000000;320.4500000;1960
TATN;5;20161003;160000;320.4500000;320.6000000;320.2500000;320.4500000;4440
TATN;5;20161003;160500;320.5500000;320.6000000;320.2500000;320.5500000;7700
TATN;5;20161003;161000;320.5000000;320.5000000;320.0500000;320.2000000;6460
TATN;5;20161003;161500;320.2000000;320.5000000;320.1000000;320.5000000;3300
TATN;5;20161003;162000;320.3500000;320.6000000;319.7000000;320.0000000;9480
TATN;5;20161003;162500;319.8000000;320.2000000;319.7000000;320.0500000;2190
TATN;5;20161003;163000;319.9500000;319.9500000;319.6500000;319.9500000;3850
TATN;5;20161003;163500;319.9000000;319.9000000;319.7000000;319.8500000;1060
TATN;5;20161003;164000;319.7000000;319.7000000;319.3000000;319.3500000;4780
TATN;5;20161003;164500;319.3500000;319.3500000;319.2000000;319.3500000;2050
TATN;5;20161003;165000;319.3000000;319.5000000;319.3000000;319.4500000;1090
TATN;5;20161003;165500;319.5500000;319.5500000;319.4000000;319.4000000;3030
TATN;5;20161003;170000;319.5500000;320.2500000;319.5500000;320.1000000;3710
TATN;5;20161003;170500;320.2000000;320.6500000;320.2000000;320.6500000;7070
TATN;5;20161003;171000;320.4500000;320.7000000;320.3000000;320.6500000;2380
TATN;5;20161003;171500;320.4500000;321.0000000;320.4500000;321.0000000;3050
TATN;5;20161003;172000;320.8500000;320.8500000;319.4500000;319.7500000;18520
TATN;5;20161003;172500;319.5500000;319.5500000;318.6000000;318.7500000;28140
TATN;5;20161003;173000;318.7000000;318.8000000;318.6000000;318.6000000;1740
TATN;5;20161003;173500;318.6000000;320.0500000;318.6000000;320.0000000;26160
TATN;5;20161003;174000;319.9000000;320.5500000;319.8000000;320.4500000;18420
TATN;5;20161003;174500;320.4000000;320.6000000;320.2500000;320.6000000;3210
TATN;5;20161003;175000;320.6000000;320.8000000;320.4000000;320.7000000;7960
TATN;5;20161003;175500;320.6500000;320.6500000;320.4000000;320.4000000;710
TATN;5;20161003;180000;320.5500000;320.5500000;320.2000000;320.3000000;9290
TATN;5;20161003;180500;320.1500000;320.4000000;319.7000000;319.8000000;3700
TATN;5;20161003;181000;319.9000000;319.9000000;319.7000000;319.7500000;930
TATN;5;20161003;181500;319.7000000;320.0000000;319.6500000;319.7000000;4520
TATN;5;20161003;182000;319.7000000;319.7000000;319.5000000;319.5000000;2380
TATN;5;20161003;182500;319.5500000;320.2000000;319.5500000;320.2000000;7650
TATN;5;20161003;183000;320.3000000;321.0000000;320.3000000;321.0000000;41360
TATN;5;20161003;183500;321.0000000;321.3000000;320.9000000;321.2000000;12550
TATN;5;20161003;184000;321.2000000;321.3500000;320.9000000;321.0500000;18520
TATN;5;20161003;185000;320.6500000;320.6500000;320.6500000;320.6500000;28710
TATN;5;20161004;100500;320.5000000;321.2000000;319.9500000;321.1500000;28650
TATN;5;20161004;101000;321.1000000;322.0500000;321.0000000;321.9500000;35670
TATN;5;20161004;101500;321.8000000;322.0000000;321.5000000;321.8000000;12300
TATN;5;20161004;102000;321.9000000;322.7000000;321.6500000;322.4000000;45280
TATN;5;20161004;102500;322.4000000;322.4500000;321.6500000;322.1500000;14830
TATN;5;20161004;103000;322.3500000;322.8000000;322.1500000;322.6000000;14640
TATN;5;20161004;103500;322.6000000;322.8000000;321.9000000;322.7500000;20630
TATN;5;20161004;104000;322.6500000;322.9500000;322.5000000;322.5000000;29740
TATN;5;20161004;104500;322.5000000;323.0500000;322.4000000;322.8500000;31360
TATN;5;20161004;105000;322.9500000;323.2500000;322.7500000;323.1000000;73230
TATN;5;20161004;105500;323.0500000;323.2000000;322.8500000;323.2000000;10900
TATN;5;20161004;110000;323.2000000;323.7500000;322.8500000;323.7500000;15430
TATN;5;20161004;110500;323.7500000;323.8000000;322.3500000;322.7500000;61510
TATN;5;20161004;111000;322.7000000;323.2500000;322.4500000;323.0500000;32980
TATN;5;20161004;111500;322.8000000;323.5000000;322.7000000;323.5000000;7380
TATN;5;20161004;112000;323.5000000;323.5000000;321.5500000;322.6000000;64450
TATN;5;20161004;112500;322.6000000;323.3000000;322.2500000;323.0000000;11930
TATN;5;20161004;113000;323.1500000;323.4500000;322.9000000;323.2000000;17350
TATN;5;20161004;113500;323.1500000;323.4500000;322.9000000;323.3000000;8030
TATN;5;20161004;114000;323.1000000;323.4000000;323.0000000;323.2500000;8470
TATN;5;20161004;114500;323.2500000;323.3500000;323.0000000;323.2000000;7810
TATN;5;20161004;115000;323.2000000;323.3000000;322.5000000;323.2000000;15620
TATN;5;20161004;115500;323.2000000;323.3500000;322.9000000;323.2500000;7280
TATN;5;20161004;120000;323.0500000;323.3500000;322.7500000;323.1500000;12920
TATN;5;20161004;120500;323.0000000;323.3000000;322.8000000;323.2000000;9550
TATN;5;20161004;121000;323.0000000;323.2500000;322.5000000;323.2000000;19380
TATN;5;20161004;121500;323.2000000;323.2500000;322.9000000;323.2000000;11000
TATN;5;20161004;122000;322.9000000;323.2000000;322.8000000;323.1000000;14630
TATN;5;20161004;122500;323.1000000;323.3500000;322.9500000;323.3500000;8970
TATN;5;20161004;123000;323.2000000;323.4500000;322.8000000;323.0500000;14760
TATN;5;20161004;123500;323.0500000;323.2500000;322.7500000;323.2500000;11310
TATN;5;20161004;124000;323.2000000;323.4500000;322.6500000;322.6500000;16490
TATN;5;20161004;124500;322.7500000;323.0000000;322.6500000;322.8500000;9540
TATN;5;20161004;125000;322.8500000;323.0000000;322.6500000;322.6500000;11640
TATN;5;20161004;125500;322.8000000;322.9000000;322.6000000;322.8500000;6740
TATN;5;20161004;130000;322.8500000;322.9000000;322.4000000;322.4000000;12290
TATN;5;20161004;130500;322.5500000;322.8000000;322.5500000;322.7500000;5400
TATN;5;20161004;131000;322.6500000;322.9000000;322.6000000;322.9000000;6360
TATN;5;20161004;131500;322.9000000;323.1500000;322.6500000;322.6500000;13080
TATN;5;20161004;132000;322.9000000;322.9500000;322.7000000;322.8500000;5480
TATN;5;20161004;132500;322.8500000;322.9500000;322.3500000;322.4500000;14990
TATN;5;20161004;133000;322.6500000;322.8000000;322.5500000;322.5500000;6190
TATN;5;20161004;133500;322.6500000;322.8000000;322.3500000;322.6500000;7810
TATN;5;20161004;134000;322.6500000;322.9000000;322.5000000;322.8000000;6020
TATN;5;20161004;134500;322.8000000;322.9000000;322.3500000;322.6500000;2680
TATN;5;20161004;135000;322.6500000;322.7000000;322.3500000;322.6000000;4760
TATN;5;20161004;135500;322.5500000;322.7000000;322.4000000;322.5000000;1640
TATN;5;20161004;140000;322.7000000;322.8000000;322.5500000;322.5500000;2040
TATN;5;20161004;140500;322.7000000;322.7500000;322.5000000;322.7000000;1450
TATN;5;20161004;141000;322.5500000;322.7000000;322.5500000;322.7000000;210
TATN;5;20161004;141500;322.7000000;323.5000000;322.5500000;323.5000000;32310
TATN;5;20161004;142000;323.5000000;323.6000000;323.0500000;323.4000000;36810
TATN;5;20161004;142500;323.3500000;323.4500000;323.0500000;323.3000000;4350
TATN;5;20161004;143000;323.3000000;323.4000000;323.0500000;323.4000000;4020
TATN;5;20161004;143500;323.1500000;323.4500000;322.9500000;323.3000000;15640
TATN;5;20161004;144000;323.1000000;323.5000000;323.0500000;323.3500000;5580
TATN;5;20161004;144500;323.2000000;323.7500000;322.9000000;323.6000000;23720
TATN;5;20161004;145000;323.6000000;323.7000000;323.4000000;323.5000000;6740
TATN;5;20161004;145500;323.5000000;323.6500000;323.2500000;323.4500000;6650
TATN;5;20161004;150000;323.3000000;323.5000000;323.2000000;323.4000000;3700
TATN;5;20161004;150500;323.2000000;323.3500000;323.0000000;323.2000000;5740
TATN;5;20161004;151000;323.2000000;323.2500000;322.9500000;323.1000000;5960
TATN;5;20161004;151500;322.9500000;323.1000000;322.3000000;322.4500000;87030
TATN;5;20161004;152000;322.4500000;322.6500000;322.2000000;322.4000000;7560
TATN;5;20161004;152500;322.4000000;322.7000000;322.0500000;322.3500000;8190
TATN;5;20161004;153000;322.4500000;322.7000000;322.2000000;322.4000000;6110
TATN;5;20161004;153500;322.5500000;322.8500000;322.5000000;322.8000000;5640
TATN;5;20161004;154000;322.6500000;322.8500000;322.4000000;322.5500000;11730
TATN;5;20161004;154500;322.7000000;323.1500000;322.6000000;322.9500000;43220
TATN;5;20161004;155000;323.1000000;323.5000000;322.9500000;323.3000000;34400
TATN;5;20161004;155500;323.3500000;323.6000000;323.3000000;323.3500000;12930
TATN;5;20161004;160000;323.3500000;323.9000000;323.2000000;323.4500000;84740
TATN;5;20161004;160500;323.4500000;323.5000000;323.1500000;323.3500000;7390
TATN;5;20161004;161000;323.5000000;323.6000000;323.1000000;323.3000000;11800
TATN;5;20161004;161500;323.3000000;323.4000000;322.9000000;323.1500000;8820
TATN;5;20161004;162000;323.1000000;323.3000000;323.0000000;323.1500000;7050
TATN;5;20161004;162500;323.1000000;323.2500000;322.8500000;323.0000000;9720
TATN;5;20161004;163000;323.0000000;323.3000000;322.9000000;323.0000000;13520
TATN;5;20161004;163500;323.0000000;323.0000000;322.5500000;322.9000000;15550
TATN;5;20161004;164000;322.9000000;323.4000000;322.7500000;323.3000000;8260
TATN;5;20161004;164500;323.3000000;323.4500000;322.1500000;322.4500000;36830
TATN;5;20161004;165000;322.4500000;322.5000000;322.1500000;322.3000000;18590
TATN;5;20161004;165500;322.3000000;323.2500000;322.3000000;323.2500000;20230
TATN;5;20161004;170000;323.2500000;323.6000000;323.2000000;323.5500000;7420
TATN;5;20161004;170500;323.4000000;323.7500000;323.4000000;323.6500000;10030
TATN;5;20161004;171000;323.6500000;323.9000000;323.5500000;323.8000000;8000
TATN;5;20161004;171500;323.6000000;324.2000000;323.5000000;324.2000000;10720
TATN;5;20161004;172000;324.2000000;324.2000000;323.2500000;323.2500000;19390
TATN;5;20161004;172500;323.2500000;323.7000000;323.0500000;323.7000000;25900
TATN;5;20161004;173000;323.6500000;323.7000000;322.6000000;323.0500000;23110
TATN;5;20161004;173500;322.9500000;323.9000000;322.9500000;323.8000000;7500
TATN;5;20161004;174000;323.9000000;324.0500000;323.6500000;323.8500000;6410
TATN;5;20161004;174500;323.8500000;323.8500000;323.3000000;323.5500000;14220
TATN;5;20161004;175000;323.5500000;323.7000000;323.5500000;323.6500000;6590
TATN;5;20161004;175500;323.6000000;323.7500000;323.5500000;323.6000000;7930
TATN;5;20161004;180000;323.7000000;324.0000000;323.6500000;324.0000000;5440
TATN;5;20161004;180500;323.9000000;324.0500000;323.5000000;323.7500000;10480
TATN;5;20161004;181000;323.6500000;323.9000000;323.3500000;323.8500000;10590
TATN;5;20161004;181500;323.8500000;323.9500000;323.6500000;323.8000000;7520
TATN;5;20161004;182000;323.8000000;323.9000000;323.6500000;323.9000000;10960
TATN;5;20161004;182500;323.9000000;324.1500000;323.8000000;324.1000000;12840
TATN;5;20161004;183000;324.1000000;324.3500000;323.9500000;324.2500000;21400
TATN;5;20161004;183500;324.2500000;324.3500000;324.0000000;324.2000000;8180
TATN;5;20161004;184000;324.2000000;324.3500000;323.5000000;323.5000000;14680
TATN;5;20161004;185000;324.4500000;324.4500000;324.4500000;324.4500000;43110
TATN;5;20161005;100500;322.7000000;322.7000000;321.1000000;321.1000000;26120
TATN;5;20161005;101000;321.1000000;322.2500000;321.1000000;322.0000000;23380
TATN;5;20161005;101500;322.0000000;322.4500000;321.3000000;321.3000000;7360
TATN;5;20161005;102000;321.3000000;321.8000000;321.1500000;321.2500000;15540
TATN;5;20161005;102500;321.3000000;321.6500000;321.0000000;321.0000000;10450
TATN;5;20161005;103000;321.0000000;321.1500000;320.6500000;321.0500000;14640
TATN;5;20161005;103500;321.0000000;321.6500000;321.0000000;321.0000000;16530
TATN;5;20161005;104000;321.0000000;321.3500000;321.0000000;321.1000000;7960
TATN;5;20161005;104500;321.2000000;321.3500000;321.0500000;321.1000000;3730
TATN;5;20161005;105000;321.0500000;321.3000000;321.0500000;321.0500000;3300
TATN;5;20161005;105500;321.0500000;321.1000000;321.0000000;321.0500000;23840
TATN;5;20161005;110000;321.0000000;321.3500000;321.0000000;321.0500000;9860
TATN;5;20161005;110500;321.0500000;321.1500000;321.0000000;321.0500000;8080
TATN;5;20161005;111000;321.0000000;321.1000000;320.3000000;320.4000000;18610
TATN;5;20161005;111500;320.4000000;320.6000000;320.1500000;320.2500000;5210
TATN;5;20161005;112000;320.2500000;320.5500000;320.2500000;320.5500000;1800
TATN;5;20161005;112500;320.7000000;320.9500000;320.7000000;320.8000000;1140
TATN;5;20161005;113000;320.6000000;320.7000000;320.2000000;320.2500000;1720
TATN;5;20161005;113500;320.2500000;320.6500000;320.0000000;320.1500000;10000
TATN;5;20161005;114000;320.0500000;320.4500000;319.9500000;319.9500000;18550
TATN;5;20161005;114500;320.2000000;321.0000000;320.2000000;320.6000000;16320
TATN;5;20161005;115000;320.7000000;320.8000000;320.6000000;320.8000000;540
TATN;5;20161005;115500;320.8000000;320.8000000;320.8000000;320.8000000;690
TATN;5;20161005;120000;320.8000000;320.8500000;320.7500000;320.8500000;810
TATN;5;20161005;120500;320.8000000;321.2000000;320.5500000;321.1000000;11900
TATN;5;20161005;121000;321.5000000;321.8500000;321.4000000;321.8500000;1140
TATN;5;20161005;121500;321.8000000;321.9500000;321.3500000;321.6000000;6440
TATN;5;20161005;122000;321.6500000;321.6500000;320.6500000;320.6500000;6070
TATN;5;20161005;122500;320.9000000;320.9000000;320.9000000;320.9000000;50
TATN;5;20161005;123000;320.7500000;320.9000000;320.3000000;320.7500000;3770
TATN;5;20161005;123500;320.7500000;320.7500000;320.4000000;320.4500000;2680
TATN;5;20161005;124000;320.5000000;321.0500000;320.5000000;320.7500000;2220
TATN;5;20161005;124500;320.8000000;320.8000000;320.6000000;320.6500000;3690
TATN;5;20161005;125000;320.8500000;321.1500000;320.6000000;320.7000000;13820
TATN;5;20161005;125500;320.8000000;321.6500000;320.7000000;321.3500000;20410
TATN;5;20161005;130000;321.6500000;321.7000000;321.2500000;321.5000000;7180
TATN;5;20161005;130500;321.5000000;321.7500000;321.2000000;321.5000000;11380
TATN;5;20161005;131000;321.5000000;321.7000000;321.2500000;321.6500000;5220
TATN;5;20161005;131500;321.5000000;321.6500000;321.4500000;321.5000000;960
TATN;5;20161005;132000;321.5000000;321.5000000;320.9500000;321.0500000;25630
TATN;5;20161005;132500;321.0500000;321.0500000;321.0000000;321.0000000;1110
TATN;5;20161005;133000;321.0000000;321.1500000;321.0000000;321.1500000;270
TATN;5;20161005;133500;321.1500000;321.1500000;321.0000000;321.0000000;1330
TATN;5;20161005;134000;321.0000000;321.0000000;320.6500000;320.7000000;6620
TATN;5;20161005;134500;320.7000000;321.0000000;320.7000000;320.8500000;960
TATN;5;20161005;135000;320.8500000;321.0000000;320.8000000;320.8500000;1390
TATN;5;20161005;135500;320.8000000;320.9000000;320.7500000;320.8000000;5350
TATN;5;20161005;140000;320.9000000;321.1000000;320.9000000;320.9000000;1200
TATN;5;20161005;140500;320.9000000;320.9000000;320.9000000;320.9000000;150
TATN;5;20161005;141000;320.9000000;321.1500000;320.7000000;320.9500000;6150
TATN;5;20161005;141500;320.9000000;320.9500000;320.8000000;320.9500000;570
TATN;5;20161005;142000;321.1000000;321.1000000;320.9500000;320.9500000;500
TATN;5;20161005;143000;321.2000000;321.2000000;320.9000000;320.9500000;3020
TATN;5;20161005;143500;320.9500000;321.6000000;320.9000000;321.2500000;3030
TATN;5;20161005;144000;321.2500000;321.2500000;321.1500000;321.1500000;520
TATN;5;20161005;144500;321.4000000;321.4500000;321.4000000;321.4000000;130
TATN;5;20161005;145000;321.6000000;321.6000000;321.6000000;321.6000000;10
TATN;5;20161005;145500;321.6000000;321.6000000;321.4500000;321.6000000;1880
TATN;5;20161005;150000;321.4000000;321.5000000;321.2500000;321.5000000;1030
TATN;5;20161005;150500;321.5000000;321.5000000;321.5000000;321.5000000;140
TATN;5;20161005;151000;321.4000000;321.6500000;321.1000000;321.6500000;3260
TATN;5;20161005;151500;321.9000000;322.1000000;321.9000000;321.9500000;1940
TATN;5;20161005;152000;321.8500000;322.1000000;321.8500000;321.9000000;880
TATN;5;20161005;152500;322.1000000;323.5000000;322.1000000;322.6500000;52780
TATN;5;20161005;153000;322.7000000;323.0000000;322.3500000;322.3500000;10490
TATN;5;20161005;153500;322.4000000;322.5500000;322.4000000;322.4000000;70
TATN;5;20161005;154000;322.3500000;322.3500000;321.9500000;321.9500000;1470
TATN;5;20161005;154500;321.8500000;321.8500000;321.6000000;321.6500000;1340
TATN;5;20161005;155000;321.6000000;321.8000000;321.5500000;321.5500000;7790
TATN;5;20161005;155500;321.5000000;321.7500000;321.1000000;321.1000000;3490
TATN;5;20161005;160000;321.0000000;321.2000000;320.9000000;321.2000000;6880
TATN;5;20161005;160500;321.3000000;322.1500000;321.3000000;322.1500000;6720
TATN;5;20161005;161000;322.0000000;322.6500000;322.0000000;322.6500000;13140
TATN;5;20161005;161500;322.6500000;323.1000000;322.5500000;323.1000000;9440
TATN;5;20161005;162000;323.1500000;323.2500000;323.0000000;323.1000000;4320
TATN;5;20161005;162500;323.2500000;323.4500000;323.2500000;323.3000000;14630
TATN;5;20161005;163000;323.4000000;323.4500000;323.3000000;323.3000000;14450
TATN;5;20161005;163500;323.4000000;323.9000000;323.3000000;323.3000000;25580
TATN;5;20161005;164000;323.3500000;323.8000000;323.3000000;323.3500000;11580
TATN;5;20161005;164500;323.4000000;323.6000000;323.2500000;323.5000000;7620
TATN;5;20161005;165000;323.5000000;323.6500000;323.2500000;323.3000000;8140
TATN;5;20161005;165500;323.3000000;323.7000000;323.2500000;323.7000000;9110
TATN;5;20161005;170000;323.7000000;324.0000000;323.7000000;323.9500000;2840
TATN;5;20161005;170500;323.9500000;324.0000000;323.5500000;323.6000000;4960
TATN;5;20161005;171000;323.6500000;324.0000000;323.1000000;323.1000000;12120
TATN;5;20161005;171500;323.1500000;323.4000000;323.1000000;323.4000000;10160
TATN;5;20161005;172000;323.4000000;323.4000000;322.7500000;322.8500000;5480
TATN;5;20161005;172500;322.8500000;322.9000000;322.1000000;322.2500000;17450
TATN;5;20161005;173000;322.4500000;323.0500000;322.3500000;322.3500000;9560
TATN;5;20161005;173500;322.5000000;322.9000000;321.5000000;322.9000000;19630
TATN;5;20161005;174000;322.9500000;323.9500000;322.9500000;323.9000000;17160
TATN;5;20161005;174500;323.9000000;324.0500000;323.7000000;324.0000000;8700
TATN;5;20161005;175000;324.0000000;324.1000000;323.8500000;324.0500000;3230
TATN;5;20161005;175500;324.0000000;324.1000000;323.9500000;324.1000000;6490
TATN;5;20161005;180000;324.1500000;324.2000000;324.0500000;324.2000000;4130
TATN;5;20161005;180500;324.2000000;324.4000000;324.0500000;324.2000000;4240
TATN;5;20161005;181000;324.2000000;325.3000000;323.9500000;325.3000000;29720
TATN;5;20161005;181500;325.3000000;326.4000000;325.1000000;326.1000000;65890
TATN;5;20161005;182000;326.1000000;326.2000000;325.9000000;326.1000000;9500
TATN;5;20161005;182500;326.1000000;326.2000000;325.8000000;325.8000000;9630
TATN;5;20161005;183000;325.9500000;326.0000000;325.5000000;326.0000000;7640
TATN;5;20161005;183500;325.7500000;326.2500000;325.7500000;326.2000000;16160
TATN;5;20161005;184000;326.2500000;326.5500000;326.0500000;326.5500000;30600
TATN;5;20161005;185000;326.1000000;326.1000000;326.1000000;326.1000000;34600
TATN;5;20161006;100500;325.2000000;326.0000000;324.7000000;325.4500000;34190
TATN;5;20161006;101000;325.3000000;325.3500000;324.7000000;324.9500000;20930
TATN;5;20161006;101500;325.0000000;325.4000000;324.6500000;324.9000000;19260
TATN;5;20161006;102000;324.9500000;326.5000000;324.8000000;325.5500000;219230
TATN;5;20161006;102500;325.6000000;325.9000000;325.5500000;325.7500000;3460
TATN;5;20161006;103000;325.7500000;325.9000000;325.3000000;325.4000000;13110
TATN;5;20161006;103500;325.5500000;325.5500000;324.8000000;325.0000000;7360
TATN;5;20161006;104000;325.1000000;325.2000000;324.7000000;325.0500000;2140
TATN;5;20161006;104500;324.9500000;325.0500000;324.7500000;325.0000000;3510
TATN;5;20161006;105000;325.1500000;325.2000000;325.0500000;325.1500000;1190
TATN;5;20161006;105500;325.2000000;325.2500000;324.9500000;325.1500000;2460
TATN;5;20161006;110000;325.2500000;325.2500000;324.5500000;325.0000000;9010
TATN;5;20161006;110500;325.0000000;325.0000000;324.1500000;324.3500000;16690
TATN;5;20161006;111000;324.6000000;325.0000000;324.6000000;324.9000000;1540
TATN;5;20161006;111500;324.9000000;324.9000000;324.7000000;324.8000000;4360
TATN;5;20161006;112000;324.8500000;325.0000000;324.8000000;325.0000000;4780
TATN;5;20161006;112500;325.0500000;325.0500000;324.3000000;324.3500000;11700
TATN;5;20161006;113000;324.3500000;324.5000000;324.2000000;324.2000000;1030
TATN;5;20161006;113500;324.3500000;324.5000000;324.3500000;324.5000000;790
TATN;5;20161006;114000;324.5500000;324.5500000;324.2000000;324.4500000;3670
TATN;5;20161006;114500;324.4500000;324.7000000;324.4500000;324.7000000;940
TATN;5;20161006;115000;324.5000000;324.6000000;324.3500000;324.5000000;2080
TATN;5;20161006;115500;324.6000000;324.7500000;324.3500000;324.5500000;2510
TATN;5;20161006;120000;324.6000000;325.0000000;324.5000000;325.0000000;38990
TATN;5;20161006;120500;325.0000000;325.2500000;324.7000000;324.9000000;8240
TATN;5;20161006;121000;325.0500000;325.2000000;324.9500000;325.1000000;2840
TATN;5;20161006;121500;325.0500000;325.1500000;324.7000000;324.7000000;14970
TATN;5;20161006;122000;324.7000000;324.8000000;324.5500000;324.5500000;2020
TATN;5;20161006;122500;324.8000000;325.0500000;324.6500000;324.6500000;64830
TATN;5;20161006;123000;324.9000000;325.2000000;324.8000000;325.0000000;25390
TATN;5;20161006;123500;325.0000000;325.3000000;325.0000000;325.3000000;7160
TATN;5;20161006;124000;325.3000000;325.4500000;325.2000000;325.2000000;3910
TATN;5;20161006;124500;325.4000000;325.4000000;324.8500000;325.0500000;7630
TATN;5;20161006;125000;325.2000000;325.2500000;325.0000000;325.0000000;2160
TATN;5;20161006;125500;325.2500000;325.3000000;325.1500000;325.3000000;1290
TATN;5;20161006;130000;325.3000000;325.3500000;325.0500000;325.1500000;4540
TATN;5;20161006;130500;325.2500000;325.4500000;325.1000000;325.1500000;24690
TATN;5;20161006;131000;325.4000000;326.3500000;325.1500000;325.5500000;159830
TATN;5;20161006;131500;325.7500000;325.8000000;325.5000000;325.8000000;1720
TATN;5;20161006;132000;325.8500000;325.8500000;325.5500000;325.8000000;3840
TATN;5;20161006;132500;325.8000000;325.8500000;325.4000000;325.4000000;4110
TATN;5;20161006;133000;325.6000000;325.7000000;325.5000000;325.7000000;2770
TATN;5;20161006;133500;325.7000000;325.9500000;325.6500000;325.6500000;4610
TATN;5;20161006;134000;325.9000000;326.0000000;325.6500000;325.8500000;4970
TATN;5;20161006;134500;326.0500000;326.1500000;325.5500000;325.8000000;13890
TATN;5;20161006;135000;325.8000000;326.2500000;325.5500000;325.7500000;4460
TATN;5;20161006;135500;325.8500000;325.9500000;325.3500000;325.5500000;6370
TATN;5;20161006;140000;325.5500000;325.5500000;325.1500000;325.5000000;10440
TATN;5;20161006;140500;325.5000000;325.6500000;325.4000000;325.6500000;2860
TATN;5;20161006;141000;325.6500000;325.6500000;325.2000000;325.2000000;1860
TATN;5;20161006;141500;325.2000000;325.4000000;325.1500000;325.3500000;3240
TATN;5;20161006;142000;325.3500000;325.5500000;325.3500000;325.5500000;690
TATN;5;20161006;142500;325.5000000;325.8000000;325.5000000;325.8000000;720
TATN;5;20161006;143000;325.8000000;325.9000000;325.2000000;325.6000000;3680
TATN;5;20161006;143500;325.4000000;325.6000000;325.0000000;325.4500000;13340
TATN;5;20161006;144000;325.5000000;325.6500000;325.3000000;325.3000000;2520
TATN;5;20161006;144500;325.5500000;325.6500000;325.3500000;325.4500000;930
TATN;5;20161006;145000;325.3500000;325.6000000;324.9500000;325.1000000;13480
TATN;5;20161006;145500;325.3500000;325.5000000;325.2000000;325.5000000;4350
TATN;5;20161006;150000;325.5000000;325.6500000;325.4000000;325.6500000;2570
TATN;5;20161006;150500;325.4500000;325.4500000;325.2000000;325.4500000;2110
TATN;5;20161006;151000;325.4500000;325.6000000;325.1500000;325.3000000;4240
TATN;5;20161006;151500;325.5000000;325.5000000;325.1500000;325.4000000;1830
TATN;5;20161006;152000;325.1500000;325.5000000;325.1500000;325.5000000;1900
TATN;5;20161006;152500;325.5000000;325.6000000;324.8000000;325.2000000;41980
TATN;5;20161006;153000;325.0500000;325.1500000;324.6500000;324.8000000;51920
TATN;5;20161006;153500;324.7500000;324.7500000;324.5000000;324.5000000;1330
TATN;5;20161006;154000;324.5000000;324.5500000;324.2500000;324.4000000;4040
TATN;5;20161006;154500;324.4000000;324.6000000;324.3000000;324.5000000;2220
TATN;5;20161006;155000;324.3500000;324.6000000;324.3500000;324.6000000;1850
TATN;5;20161006;155500;324.4000000;324.5500000;324.4000000;324.5500000;2620
TATN;5;20161006;160000;324.4000000;324.6000000;324.3500000;324.5000000;1690
TATN;5;20161006;160500;324.5500000;324.9000000;324.5500000;324.8500000;3220
TATN;5;20161006;161000;324.8500000;325.1000000;324.8500000;325.1000000;800
TATN;5;20161006;161500;325.0500000;325.1000000;324.8000000;325.0500000;1310
TATN;5;20161006;162000;324.8500000;325.1000000;324.8000000;324.9000000;1180
TATN;5;20161006;162500;324.7000000;324.7000000;324.4000000;324.5000000;2740
TATN;5;20161006;163000;324.4500000;324.5000000;324.0500000;324.1000000;18210
TATN;5;20161006;163500;324.0500000;324.3500000;324.0000000;324.2000000;13030
TATN;5;20161006;164000;324.0000000;324.2500000;324.0000000;324.2500000;4260
TATN;5;20161006;164500;324.3000000;324.9000000;324.1500000;324.8500000;22190
TATN;5;20161006;165000;324.7500000;324.9000000;324.4500000;324.5500000;10280
TATN;5;20161006;165500;324.5500000;324.9000000;324.5500000;324.7000000;4090
TATN;5;20161006;170000;324.6500000;324.9500000;324.6500000;324.8000000;730
TATN;5;20161006;170500;324.8500000;324.8500000;324.7000000;324.8000000;640
TATN;5;20161006;171000;324.8500000;324.8500000;324.8000000;324.8000000;410
TATN;5;20161006;171500;324.6000000;324.6000000;324.4500000;324.4500000;2000
TATN;5;20161006;172000;324.4500000;324.7000000;324.1000000;324.7000000;1430
TATN;5;20161006;172500;324.7000000;324.7000000;324.6000000;324.6000000;1010
TATN;5;20161006;173000;324.7000000;324.7500000;324.2500000;324.2500000;3410
TATN;5;20161006;173500;324.4000000;324.4500000;323.8000000;323.8500000;6900
TATN;5;20161006;174000;323.7000000;324.6000000;323.6500000;323.7000000;12000
TATN;5;20161006;174500;323.8500000;324.6500000;323.7000000;324.6500000;4550
TATN;5;20161006;175000;324.4000000;325.7500000;324.4000000;325.7500000;7410
TATN;5;20161006;175500;325.2000000;325.4000000;325.2000000;325.4000000;60
TATN;5;20161006;180000;325.1500000;325.2000000;325.1500000;325.1500000;340
TATN;5;20161006;180500;325.4000000;325.6000000;325.0500000;325.0500000;3870
TATN;5;20161006;181000;325.0500000;325.1000000;324.5500000;324.8500000;5280
TATN;5;20161006;181500;325.0000000;325.2000000;324.8500000;325.2000000;2800
TATN;5;20161006;182000;325.2000000;325.6000000;325.0500000;325.6000000;5510
TATN;5;20161006;182500;325.5500000;325.7000000;325.5000000;325.7000000;1210
TATN;5;20161006;183000;325.7000000;325.8500000;325.6000000;325.8000000;6620
TATN;5;20161006;183500;325.8000000;326.0000000;325.6000000;326.0000000;10900
TATN;5;20161006;184000;326.0000000;326.0000000;325.6000000;325.8000000;10020
TATN;5;20161006;185000;326.8500000;326.8500000;326.8500000;326.8500000;75850
TATN;5;20161007;100500;326.4000000;327.4000000;325.7500000;326.3000000;45690
TATN;5;20161007;101000;326.3000000;327.0000000;326.0500000;327.0000000;16010
TATN;5;20161007;101500;327.0000000;327.6500000;327.0000000;327.4000000;29480
TATN;5;20161007;102000;327.4000000;327.6000000;327.1500000;327.4500000;16360
TATN;5;20161007;102500;327.2500000;327.6500000;327.1000000;327.1000000;14450
TATN;5;20161007;103000;327.3000000;327.7000000;327.1000000;327.5500000;11820
TATN;5;20161007;103500;327.7000000;328.0000000;326.7500000;327.2500000;35210
TATN;5;20161007;104000;327.2000000;327.2000000;326.7500000;326.7500000;1430
TATN;5;20161007;104500;327.1000000;327.1000000;326.7000000;326.9000000;3080
TATN;5;20161007;105000;326.9000000;327.2000000;326.5500000;326.6000000;6490
TATN;5;20161007;105500;326.6000000;327.1000000;326.6000000;326.7000000;4760
TATN;5;20161007;110000;326.7000000;327.5000000;326.7000000;327.2000000;9170
TATN;5;20161007;110500;327.4000000;327.5000000;326.6500000;326.7500000;9380
TATN;5;20161007;111000;326.9500000;327.1500000;326.8000000;326.8000000;2070
TATN;5;20161007;111500;326.7500000;326.8500000;326.7500000;326.8500000;940
TATN;5;20161007;112000;326.7000000;326.8500000;326.7000000;326.7500000;2190
TATN;5;20161007;112500;326.7500000;327.0500000;326.7500000;326.9000000;3240
TATN;5;20161007;113000;326.8000000;326.8500000;326.6000000;326.6000000;3150
TATN;5;20161007;113500;326.5000000;326.7500000;326.5000000;326.6500000;1550
TATN;5;20161007;114000;326.6000000;326.8000000;326.5000000;326.6500000;5140
TATN;5;20161007;114500;326.6000000;326.8000000;325.9000000;326.7500000;55600
TATN;5;20161007;115000;326.7000000;326.7000000;326.5000000;326.6500000;990
TATN;5;20161007;115500;326.6000000;326.9000000;326.3500000;326.9000000;6480
TATN;5;20161007;120000;326.9000000;326.9500000;326.6500000;326.7000000;4130
TATN;5;20161007;120500;326.7500000;327.3000000;326.7000000;327.3000000;35760
TATN;5;20161007;121000;327.1500000;327.3500000;327.0000000;327.1000000;10220
TATN;5;20161007;121500;327.0000000;327.1000000;326.3500000;326.6000000;13990
TATN;5;20161007;122000;326.4500000;327.3500000;326.4500000;327.3500000;17920
TATN;5;20161007;122500;327.2000000;327.3500000;327.0000000;327.1500000;5350
TATN;5;20161007;123000;327.0500000;327.1000000;326.9000000;327.0000000;1730
TATN;5;20161007;123500;326.8500000;326.8500000;326.7000000;326.7000000;400
TATN;5;20161007;124000;326.9000000;327.2500000;326.9000000;326.9000000;3060
TATN;5;20161007;124500;326.9000000;326.9000000;326.3000000;326.3500000;5360
TATN;5;20161007;125000;326.3500000;326.4500000;326.1000000;326.3000000;1380
TATN;5;20161007;125500;326.1000000;326.3500000;326.1000000;326.1500000;6430
TATN;5;20161007;130000;326.2000000;326.8500000;326.0000000;326.0500000;12800
TATN;5;20161007;130500;326.1000000;326.5000000;326.0500000;326.0500000;11890
TATN;5;20161007;131000;326.0500000;326.7500000;326.0000000;326.7500000;7390
TATN;5;20161007;131500;326.6000000;327.0000000;326.4500000;326.5000000;8070
TATN;5;20161007;132000;326.5000000;326.7500000;326.2000000;326.2500000;8270
TATN;5;20161007;132500;326.2500000;326.8000000;326.0500000;326.2000000;10950
TATN;5;20161007;133000;326.2000000;326.7000000;326.1500000;326.6000000;5250
TATN;5;20161007;133500;326.6000000;326.6000000;326.3000000;326.4500000;1900
TATN;5;20161007;134000;326.4500000;326.8000000;326.1000000;326.7000000;8850
TATN;5;20161007;134500;326.5000000;326.8000000;326.1500000;326.7000000;6990
TATN;5;20161007;135000;326.5500000;326.8000000;326.2000000;326.7000000;4210
TATN;5;20161007;135500;326.5500000;326.5500000;326.3000000;326.3500000;1490
TATN;5;20161007;140000;326.2500000;326.3500000;326.0000000;326.2000000;4400
TATN;5;20161007;140500;326.1500000;326.5500000;326.0000000;326.2000000;5840
TATN;5;20161007;141000;326.2500000;326.8500000;326.2500000;326.8000000;5090
TATN;5;20161007;141500;326.7000000;326.8500000;326.6000000;326.6000000;2190
TATN;5;20161007;142000;326.6000000;326.9000000;326.5000000;326.9000000;1500
TATN;5;20161007;142500;326.8000000;326.8000000;326.1000000;326.3000000;5410
TATN;5;20161007;143000;326.3000000;326.5000000;326.0500000;326.0500000;2250
TATN;5;20161007;143500;326.0500000;326.5000000;326.0000000;326.2500000;5520
TATN;5;20161007;144000;326.1500000;326.2500000;326.0000000;326.0500000;1450
TATN;5;20161007;144500;326.0000000;326.4500000;326.0000000;326.2000000;3680
TATN;5;20161007;145000;326.2000000;326.8000000;326.0000000;326.2000000;11820
TATN;5;20161007;145500;326.2000000;326.8000000;326.2000000;326.8000000;5750
TATN;5;20161007;150000;326.7500000;326.7500000;326.4000000;326.7000000;2880
TATN;5;20161007;150500;326.5500000;326.7500000;326.3500000;326.6500000;4040
TATN;5;20161007;151000;326.6500000;326.8000000;326.4500000;326.5500000;2070
TATN;5;20161007;151500;326.5500000;326.6500000;326.2000000;326.2000000;5890
TATN;5;20161007;152000;326.2000000;326.4000000;326.0500000;326.2500000;9500
TATN;5;20161007;152500;326.1000000;326.4000000;326.0500000;326.2000000;3930
TATN;5;20161007;153000;326.2000000;326.2500000;325.7000000;325.7000000;6900
TATN;5;20161007;153500;325.6000000;326.2500000;325.5500000;326.2000000;19000
TATN;5;20161007;154000;326.1500000;326.8500000;326.1000000;326.6500000;8420
TATN;5;20161007;154500;326.7000000;326.9000000;326.2500000;326.7000000;11490
TATN;5;20161007;155000;326.7000000;326.7000000;326.2000000;326.4000000;3590
TATN;5;20161007;155500;326.2500000;326.4500000;326.0000000;326.1000000;6380
TATN;5;20161007;160000;326.1000000;326.3500000;325.2500000;325.4000000;22760
TATN;5;20161007;160500;325.3500000;325.5500000;325.0500000;325.2500000;19890
TATN;5;20161007;161000;325.0500000;325.4000000;325.0000000;325.4000000;8250
TATN;5;20161007;161500;325.2000000;325.7500000;325.1000000;325.5500000;15400
TATN;5;20161007;162000;325.2500000;325.4500000;324.9500000;324.9500000;12320
TATN;5;20161007;162500;324.9500000;325.7500000;324.9500000;325.2500000;5930
TATN;5;20161007;163000;325.1000000;325.5000000;325.0000000;325.1500000;2150
TATN;5;20161007;163500;325.1500000;326.0000000;325.1500000;325.5000000;14650
TATN;5;20161007;164000;325.4500000;325.6000000;325.1000000;325.3500000;9920
TATN;5;20161007;164500;325.3000000;325.6500000;325.3000000;325.4000000;7410
TATN;5;20161007;165000;325.3500000;325.7000000;325.3500000;325.4500000;3750
TATN;5;20161007;165500;325.4500000;325.6500000;325.3500000;325.4000000;5130
TATN;5;20161007;170000;325.3500000;325.8000000;325.2500000;325.7000000;6200
TATN;5;20161007;170500;325.5500000;325.9500000;325.5000000;325.9500000;2910
TATN;5;20161007;171000;325.7500000;326.2000000;325.7000000;325.9000000;5560
TATN;5;20161007;171500;325.8500000;325.9500000;325.3500000;325.5000000;11380
TATN;5;20161007;172000;325.5000000;325.6500000;325.3500000;325.4000000;6510
TATN;5;20161007;172500;325.4000000;325.7500000;325.3500000;325.3500000;3270
TATN;5;20161007;173000;325.3500000;325.6000000;325.1000000;325.2500000;6350
TATN;5;20161007;173500;325.7500000;326.6000000;325.5500000;326.6000000;10680
TATN;5;20161007;174000;326.6000000;326.9500000;326.3000000;326.5000000;29200
TATN;5;20161007;174500;326.3500000;326.3500000;326.1500000;326.1500000;1550
TATN;5;20161007;175000;326.2500000;326.3500000;326.0500000;326.1500000;2090
TATN;5;20161007;175500;326.2000000;326.4000000;326.2000000;326.2000000;3860
TATN;5;20161007;180000;326.2000000;326.5000000;325.7500000;325.9500000;12800
TATN;5;20161007;180500;325.7500000;325.7500000;325.4500000;325.5000000;6940
TATN;5;20161007;181000;325.5000000;325.8500000;325.5000000;325.6000000;4940
TATN;5;20161007;181500;325.6000000;325.6000000;325.5000000;325.5000000;440
TATN;5;20161007;182000;325.5000000;325.6500000;325.5000000;325.5500000;2430
TATN;5;20161007;182500;325.5500000;325.7500000;325.2500000;325.5500000;2380
TATN;5;20161007;183000;325.5500000;325.5500000;325.5500000;325.5500000;200
TATN;5;20161007;183500;325.5500000;325.7500000;325.2500000;325.7000000;6080
TATN;5;20161007;184000;325.6000000;327.1500000;325.5000000;327.0000000;82700
TATN;5;20161007;185000;326.8500000;326.8500000;326.8500000;326.8500000;39830
TATN;5;20161010;100500;325.9000000;326.2500000;325.4500000;326.2000000;23630
TATN;5;20161010;101000;326.2000000;326.2000000;325.6500000;325.6500000;6680
TATN;5;20161010;101500;325.6500000;326.0500000;325.5500000;325.6000000;5770
TATN;5;20161010;102000;325.6500000;325.6500000;325.0000000;325.0000000;2650
TATN;5;20161010;102500;325.0000000;325.2000000;324.5000000;324.7000000;9230
TATN;5;20161010;103000;324.6000000;324.6000000;324.0000000;324.0500000;11300
TATN;5;20161010;103500;324.2500000;324.7000000;324.1500000;324.1500000;2200
TATN;5;20161010;104000;324.0500000;325.0000000;323.9500000;324.4500000;11550
TATN;5;20161010;104500;324.5000000;324.9000000;324.0500000;324.2500000;5610
TATN;5;20161010;105000;324.0500000;324.7000000;324.0000000;324.6500000;7580
TATN;5;20161010;105500;324.6500000;324.8000000;324.2500000;324.4500000;4810
TATN;5;20161010;110000;324.5000000;324.5500000;324.3500000;324.5500000;1130
TATN;5;20161010;110500;324.4500000;325.4000000;324.4500000;325.2000000;12960
TATN;5;20161010;111000;325.1500000;325.4500000;325.1500000;325.3500000;3150
TATN;5;20161010;111500;325.3000000;325.3000000;325.2500000;325.2500000;570
TATN;5;20161010;112000;325.2500000;325.3500000;324.8000000;325.1500000;6100
TATN;5;20161010;112500;325.3500000;325.3500000;325.3500000;325.3500000;50
TATN;5;20161010;113000;325.4500000;326.0500000;325.4000000;325.9000000;18680
TATN;5;20161010;113500;326.1000000;326.4000000;325.9500000;326.3000000;1570
TATN;5;20161010;114000;326.1500000;326.1500000;325.9000000;326.0000000;9950
TATN;5;20161010;114500;326.0500000;326.0500000;326.0000000;326.0000000;1840
TATN;5;20161010;115000;326.0500000;326.2000000;326.0000000;326.0500000;3560
TATN;5;20161010;115500;326.0000000;326.0000000;326.0000000;326.0000000;14520
TATN;5;20161010;120000;326.0500000;326.0500000;326.0500000;326.0500000;200
TATN;5;20161010;120500;326.0500000;326.2000000;326.0000000;326.2000000;400
TATN;5;20161010;121000;326.2500000;326.4000000;326.1000000;326.1000000;4620
TATN;5;20161010;121500;326.1000000;326.2500000;326.1000000;326.2500000;2380
TATN;5;20161010;122000;326.2000000;326.7000000;325.9000000;326.0000000;12520
TATN;5;20161010;122500;325.9500000;326.0500000;325.9000000;326.0500000;1850
TATN;5;20161010;123000;326.0500000;326.3000000;325.9000000;326.1500000;37620
TATN;5;20161010;123500;326.1500000;326.4500000;326.1000000;326.1500000;9030
TATN;5;20161010;124000;326.0000000;326.2500000;325.9500000;326.1000000;2390
TATN;5;20161010;124500;326.0000000;326.3000000;325.9500000;325.9500000;3080
TATN;5;20161010;125000;325.9000000;326.0500000;325.9000000;326.0500000;2490
TATN;5;20161010;125500;326.0000000;326.1500000;325.9500000;326.1500000;590
TATN;5;20161010;130000;326.2500000;326.3500000;326.0000000;326.2000000;2070
TATN;5;20161010;130500;326.2000000;326.2000000;326.0000000;326.0500000;690
TATN;5;20161010;131000;326.0500000;326.2500000;326.0500000;326.2500000;1080
TATN;5;20161010;131500;326.2000000;326.2000000;325.9000000;325.9500000;5030
TATN;5;20161010;132000;326.1000000;326.1000000;325.9000000;326.0000000;19200
TATN;5;20161010;132500;326.0500000;326.0500000;326.0500000;326.0500000;170
TATN;5;20161010;133500;326.2000000;326.3500000;326.0500000;326.3500000;5810
TATN;5;20161010;134000;326.4000000;326.5000000;326.1000000;326.1000000;1280
TATN;5;20161010;134500;326.2500000;326.3500000;326.0000000;326.2000000;3650
TATN;5;20161010;135000;326.3000000;326.3000000;326.0500000;326.2500000;6220
TATN;5;20161010;135500;326.2000000;326.4500000;326.2000000;326.4500000;4680
TATN;5;20161010;140000;326.4500000;326.5500000;326.1500000;326.5500000;14070
TATN;5;20161010;140500;326.5000000;326.6500000;326.4000000;326.4000000;470
TATN;5;20161010;141000;326.6000000;326.8000000;326.4000000;326.4000000;7420
TATN;5;20161010;141500;326.6000000;326.6500000;326.6000000;326.6500000;2920
TATN;5;20161010;142000;326.5000000;326.7500000;326.5000000;326.7500000;90
TATN;5;20161010;142500;326.8000000;326.9500000;326.6000000;326.6000000;3400
TATN;5;20161010;143000;326.6000000;326.6000000;326.6000000;326.6000000;10
TATN;5;20161010;143500;326.7500000;326.9000000;326.5500000;326.8500000;4290
TATN;5;20161010;144000;326.8500000;327.0500000;326.7000000;326.8500000;23380
TATN;5;20161010;144500;326.8000000;326.8000000;326.7500000;326.7500000;1240
TATN;5;20161010;145000;326.8500000;327.0500000;326.7000000;326.7000000;9180
TATN;5;20161010;145500;326.7000000;326.7000000;326.6000000;326.6000000;5070
TATN;5;20161010;150000;326.7500000;327.0500000;326.7500000;327.0000000;13320
TATN;5;20161010;150500;327.0500000;327.0500000;326.6500000;326.7500000;7610
TATN;5;20161010;151000;326.7500000;326.7500000;326.4000000;326.4000000;1380
TATN;5;20161010;151500;326.4000000;326.4500000;326.4000000;326.4000000;210
TATN;5;20161010;152000;326.6000000;326.6000000;326.3500000;326.4500000;3540
TATN;5;20161010;152500;326.5000000;326.7500000;326.5000000;326.5000000;530
TATN;5;20161010;153000;326.6000000;326.6000000;326.2000000;326.3000000;3410
TATN;5;20161010;153500;326.5000000;326.5000000;326.1000000;326.1000000;2900
TATN;5;20161010;154000;326.0500000;326.6000000;326.0000000;326.5500000;16610
TATN;5;20161010;154500;326.4500000;326.9500000;326.4000000;326.4000000;6180
TATN;5;20161010;155000;326.6000000;327.0000000;326.5500000;326.5500000;37740
TATN;5;20161010;155500;326.8500000;326.8500000;326.5500000;326.7500000;3600
TATN;5;20161010;160000;326.7500000;326.7500000;326.3500000;326.4500000;2800
TATN;5;20161010;160500;326.6000000;326.7000000;326.3000000;326.7000000;6520
TATN;5;20161010;161000;326.7000000;327.0000000;326.5000000;327.0000000;16880
TATN;5;20161010;161500;327.0000000;327.0000000;326.7000000;326.9000000;1590
TATN;5;20161010;162000;326.9000000;327.2000000;326.9000000;326.9500000;27180
TATN;5;20161010;162500;326.9500000;327.0500000;326.3000000;326.4000000;6900
TATN;5;20161010;163000;326.4000000;326.5500000;326.2500000;326.2500000;46800
TATN;5;20161010;163500;326.2500000;326.4000000;325.4500000;325.4500000;51340
TATN;5;20161010;164000;325.5000000;325.7500000;325.0500000;325.3000000;51270
TATN;5;20161010;164500;325.5000000;325.6000000;325.1000000;325.1500000;16230
TATN;5;20161010;165000;325.1500000;325.3000000;325.1500000;325.1500000;4660
TATN;5;20161010;165500;325.3500000;325.3500000;324.8000000;324.8500000;24140
TATN;5;20161010;170000;325.0000000;325.3000000;324.9500000;324.9500000;7500
TATN;5;20161010;170500;325.2000000;325.2000000;324.7000000;324.7000000;15700
TATN;5;20161010;171000;324.7000000;325.5000000;324.3000000;325.4000000;131270
TATN;5;20161010;171500;325.3500000;325.9000000;325.0500000;325.4000000;28000
TATN;5;20161010;172000;325.3500000;325.4500000;324.9000000;324.9000000;65260
TATN;5;20161010;172500;324.8500000;325.1500000;324.6000000;325.0500000;10110
TATN;5;20161010;173000;325.0500000;325.4000000;324.8500000;325.4000000;5120
TATN;5;20161010;173500;325.3500000;325.7000000;325.2500000;325.2500000;3950
TATN;5;20161010;174000;325.2500000;325.4000000;325.2500000;325.3500000;1810
TATN;5;20161010;174500;325.3000000;325.3500000;325.0500000;325.2000000;3120
TATN;5;20161010;175000;325.0500000;325.0500000;325.0000000;325.0000000;570
TATN;5;20161010;175500;325.2000000;325.2000000;325.0000000;325.0000000;780
TATN;5;20161010;180000;325.1000000;325.1000000;325.0500000;325.0500000;2210
TATN;5;20161010;180500;325.1500000;325.2000000;325.0500000;325.0500000;4020
TATN;5;20161010;181000;325.2000000;325.4000000;325.2000000;325.2500000;4290
TATN;5;20161010;181500;325.2500000;325.4000000;325.2500000;325.4000000;1570
TATN;5;20161010;182000;325.4000000;325.6000000;325.4000000;325.6000000;3400
TATN;5;20161010;182500;325.6000000;325.9000000;325.6000000;325.8500000;4650
TATN;5;20161010;183000;325.9000000;325.9500000;325.5000000;325.5000000;7310
TATN;5;20161010;183500;325.5000000;326.0500000;325.5000000;326.0500000;7900
TATN;5;20161010;184000;325.9500000;326.0000000;325.7500000;325.8500000;7390
TATN;5;20161010;185000;325.8500000;325.8500000;325.8500000;325.8500000;8270
TATN;5;20161011;100500;323.6000000;325.0000000;323.4000000;324.7000000;54960
TATN;5;20161011;101000;324.6000000;325.1000000;324.4000000;324.9000000;8960
TATN;5;20161011;101500;324.9000000;325.4000000;324.9000000;325.4000000;4000
TATN;5;20161011;102000;325.4500000;325.5500000;325.4500000;325.4500000;4060
TATN;5;20161011;102500;325.4500000;325.5500000;325.2000000;325.3000000;2350
TATN;5;20161011;103000;325.2500000;325.3000000;325.0500000;325.3000000;750
TATN;5;20161011;103500;325.4000000;325.5500000;325.0500000;325.4500000;15500
TATN;5;20161011;104000;325.4000000;325.5000000;325.2500000;325.4000000;4580
TATN;5;20161011;104500;325.5000000;325.5500000;325.3500000;325.5000000;3190
TATN;5;20161011;105000;325.5000000;325.9000000;325.5000000;325.9000000;8300
TATN;5;20161011;105500;326.0000000;326.2500000;325.8500000;326.1500000;4780
TATN;5;20161011;110000;326.1500000;326.1500000;325.8500000;326.1000000;2480
TATN;5;20161011;110500;326.1000000;326.1500000;325.7500000;325.7500000;1120
TATN;5;20161011;111000;325.9500000;325.9500000;325.7500000;325.8500000;1980
TATN;5;20161011;111500;325.9500000;326.1500000;325.9500000;326.1000000;12250
TATN;5;20161011;112000;326.1000000;326.1500000;326.0500000;326.1000000;1600
TATN;5;20161011;112500;326.1000000;326.1500000;325.8500000;326.0500000;6820
TATN;5;20161011;113000;326.0500000;326.4000000;325.9000000;326.2000000;7030
TATN;5;20161011;113500;326.3500000;326.5500000;326.3500000;326.5500000;6560
TATN;5;20161011;114000;326.5000000;326.5000000;326.3500000;326.5000000;2490
TATN;5;20161011;114500;326.5500000;326.7500000;326.5000000;326.7000000;7120
TATN;5;20161011;115000;326.6500000;326.6500000;326.3000000;326.5500000;3690
TATN;5;20161011;115500;326.7500000;326.7500000;326.7000000;326.7500000;4030
TATN;5;20161011;120000;326.7500000;326.7500000;326.2000000;326.2000000;16390
TATN;5;20161011;120500;326.5000000;326.6000000;326.3000000;326.4500000;2150
TATN;5;20161011;121000;326.6000000;326.7500000;326.3000000;326.7500000;6610
TATN;5;20161011;121500;326.7000000;326.7500000;326.6000000;326.6500000;2160
TATN;5;20161011;122000;326.6500000;326.7500000;326.6500000;326.7500000;1630
TATN;5;20161011;122500;326.7500000;326.7500000;326.4500000;326.5500000;14090
TATN;5;20161011;123000;326.6000000;326.7500000;326.5000000;326.6000000;3130
TATN;5;20161011;123500;326.6000000;326.7000000;326.4000000;326.7000000;3360
TATN;5;20161011;124000;326.7000000;327.0000000;326.6500000;326.7500000;21430
TATN;5;20161011;124500;326.9500000;327.0000000;326.6000000;326.8000000;6770
TATN;5;20161011;125000;326.7500000;327.0500000;326.5000000;326.8000000;13350
TATN;5;20161011;125500;326.5500000;326.8000000;326.4000000;326.6500000;4090
TATN;5;20161011;130000;326.4500000;326.7000000;326.2500000;326.4000000;8790
TATN;5;20161011;130500;326.4000000;326.6000000;326.4000000;326.6000000;1210
TATN;5;20161011;131000;326.4000000;326.7000000;326.4000000;326.7000000;3430
TATN;5;20161011;131500;326.6000000;326.9000000;326.4500000;326.9000000;3440
TATN;5;20161011;132000;326.7000000;327.0500000;326.5500000;327.0000000;8200
TATN;5;20161011;132500;327.0000000;327.0500000;326.7000000;327.0000000;19180
TATN;5;20161011;133000;326.8000000;327.0500000;326.5500000;327.0000000;27650
TATN;5;20161011;133500;327.0500000;327.2500000;326.8500000;327.2500000;19100
TATN;5;20161011;134000;327.2000000;327.2500000;327.2000000;327.2000000;4180
TATN;5;20161011;134500;327.1000000;327.2500000;327.1000000;327.1000000;2020
TATN;5;20161011;135000;327.0000000;327.2500000;327.0000000;327.1000000;3200
TATN;5;20161011;135500;327.1000000;327.1000000;327.0000000;327.0000000;1010
TATN;5;20161011;140000;326.9000000;327.0000000;326.9000000;327.0000000;2950
TATN;5;20161011;140500;327.0500000;327.0500000;327.0500000;327.0500000;430
TATN;5;20161011;141000;327.0500000;327.1000000;327.0500000;327.0500000;1530
TATN;5;20161011;141500;327.1000000;327.2500000;327.1000000;327.2500000;3250
TATN;5;20161011;142000;327.2000000;327.2000000;327.1000000;327.1000000;1130
TATN;5;20161011;142500;327.2000000;327.3000000;327.2000000;327.3000000;950
TATN;5;20161011;143000;327.3000000;327.3500000;327.0500000;327.0500000;3840
TATN;5;20161011;143500;327.2000000;327.3500000;327.2000000;327.3500000;7750
TATN;5;20161011;144000;327.3500000;327.3500000;327.3000000;327.3500000;5870
TATN;5;20161011;144500;327.3000000;327.3500000;327.2000000;327.3500000;7370
TATN;5;20161011;145000;327.3500000;327.3500000;327.3000000;327.3000000;6910
TATN;5;20161011;145500;327.3000000;327.3500000;327.0500000;327.1500000;2260
TATN;5;20161011;150000;327.2000000;327.2000000;326.9000000;327.2000000;11060
TATN;5;20161011;150500;327.1000000;327.3500000;327.0500000;327.3000000;3550
TATN;5;20161011;151000;327.2500000;327.3000000;327.2000000;327.2000000;1280
TATN;5;20161011;151500;327.2500000;327.2500000;326.9000000;327.0000000;12660
TATN;5;20161011;152000;326.9000000;327.2000000;326.9000000;327.1500000;5640
TATN;5;20161011;152500;327.1500000;327.2000000;327.1000000;327.2000000;680
TATN;5;20161011;153000;327.2000000;327.3500000;327.2000000;327.2500000;5060
TATN;5;20161011;153500;327.2000000;327.3000000;327.1500000;327.3000000;1440
TATN;5;20161011;154000;327.3000000;327.3500000;327.3000000;327.3500000;13840
TATN;5;20161011;154500;327.3500000;327.6500000;327.3000000;327.6500000;17790
TATN;5;20161011;155000;327.6500000;327.6500000;327.4000000;327.6000000;10600
TATN;5;20161011;155500;327.6000000;327.6000000;327.5000000;327.5000000;1970
TATN;5;20161011;160000;327.6000000;327.6500000;327.5500000;327.5500000;2340
TATN;5;20161011;160500;327.5500000;327.5500000;327.3000000;327.5000000;18670
TATN;5;20161011;161000;327.5000000;327.6500000;327.2000000;327.3500000;6570
TATN;5;20161011;161500;327.2000000;327.5000000;327.1000000;327.5000000;5400
TATN;5;20161011;162000;327.5000000;327.5000000;326.9000000;327.2000000;8150
TATN;5;20161011;162500;327.2000000;327.3500000;327.0500000;327.3500000;1720
TATN;5;20161011;163000;327.3500000;327.4000000;327.1000000;327.2000000;3900
TATN;5;20161011;163500;327.1500000;327.5500000;327.1500000;327.5000000;3960
TATN;5;20161011;164000;327.6000000;327.6500000;327.1000000;327.3000000;22480
TATN;5;20161011;164500;327.1500000;327.4500000;327.0000000;327.3000000;3490
TATN;5;20161011;165000;327.2000000;327.5500000;327.2000000;327.5000000;6610
TATN;5;20161011;165500;327.5000000;327.5500000;327.3500000;327.5500000;5390
TATN;5;20161011;170000;327.5000000;327.5000000;327.4500000;327.5000000;2960
TATN;5;20161011;170500;327.4500000;327.6500000;327.4500000;327.6500000;6100
TATN;5;20161011;171000;327.5500000;327.6500000;327.5500000;327.6500000;3550
TATN;5;20161011;171500;327.6000000;327.6000000;327.3000000;327.5000000;8190
TATN;5;20161011;172000;327.4000000;327.6500000;327.4000000;327.6000000;920
TATN;5;20161011;172500;327.6500000;327.6500000;327.5500000;327.6000000;14280
TATN;5;20161011;173000;327.6500000;327.9500000;327.6500000;327.8000000;15110
TATN;5;20161011;173500;327.8000000;328.3500000;327.8000000;328.3000000;29950
TATN;5;20161011;174000;328.3500000;328.3500000;328.2000000;328.2000000;11910
TATN;5;20161011;174500;328.2500000;328.2500000;328.1000000;328.2000000;1540
TATN;5;20161011;175000;328.2500000;328.3500000;328.1500000;328.3000000;16060
TATN;5;20161011;175500;328.3000000;328.3500000;328.2000000;328.3500000;11230
TATN;5;20161011;180000;328.2500000;328.3500000;328.1500000;328.1500000;4060
TATN;5;20161011;180500;328.2000000;328.3500000;327.9500000;328.0000000;16350
TATN;5;20161011;181000;328.0500000;328.1000000;328.0000000;328.1000000;3710
TATN;5;20161011;181500;328.1000000;328.1000000;328.0000000;328.0000000;6340
TATN;5;20161011;182000;328.0500000;328.2500000;328.0000000;328.1000000;7910
TATN;5;20161011;182500;328.1000000;328.3500000;328.1000000;328.3500000;5910
TATN;5;20161011;183000;328.3500000;328.3500000;328.1500000;328.2000000;8760
TATN;5;20161011;183500;328.2500000;328.3000000;328.0000000;328.1000000;9920
TATN;5;20161011;184000;328.2000000;328.5000000;328.1500000;328.3500000;80870
TATN;5;20161011;185000;327.9500000;327.9500000;327.9500000;327.9500000;17810
TATN;5;20161012;100500;327.9500000;328.6500000;327.3500000;328.4500000;162390
TATN;5;20161012;101000;328.4500000;328.6000000;327.6000000;327.6000000;46440
TATN;5;20161012;101500;327.9000000;327.9000000;327.0000000;327.2500000;5170
TATN;5;20161012;102000;327.1000000;327.1500000;327.0000000;327.1500000;5620
TATN;5;20161012;102500;327.1500000;327.3000000;326.8000000;326.8000000;5260
TATN;5;20161012;103000;327.0500000;327.4500000;327.0000000;327.3000000;1940
TATN;5;20161012;103500;327.2500000;327.4000000;326.8000000;326.8000000;6440
TATN;5;20161012;104000;326.8000000;327.2000000;326.8000000;327.0000000;1180
TATN;5;20161012;104500;327.0000000;327.3500000;327.0000000;327.3000000;4250
TATN;5;20161012;105000;327.3000000;327.4500000;327.3000000;327.4500000;2100
TATN;5;20161012;105500;327.5000000;327.6000000;327.5000000;327.6000000;6620
TATN;5;20161012;110000;327.5500000;327.5500000;327.2000000;327.4000000;2220
TATN;5;20161012;110500;327.3000000;327.3000000;327.0500000;327.2000000;4080
TATN;5;20161012;111000;327.2500000;327.3000000;327.0500000;327.3000000;2650
TATN;5;20161012;111500;327.1000000;327.2500000;327.1000000;327.2500000;3470
TATN;5;20161012;112000;327.2500000;327.3000000;327.2000000;327.3000000;1590
TATN;5;20161012;112500;327.3000000;327.5000000;327.3000000;327.5000000;2420
TATN;5;20161012;113000;327.5000000;327.5500000;327.3000000;327.3500000;27180
TATN;5;20161012;113500;327.3500000;327.6500000;327.3500000;327.5000000;13130
TATN;5;20161012;114000;327.5500000;327.8000000;327.5500000;327.8000000;250
TATN;5;20161012;114500;327.6500000;327.6500000;327.2000000;327.4500000;5760
TATN;5;20161012;115000;327.4000000;327.6000000;327.4000000;327.5000000;2730
TATN;5;20161012;115500;327.3000000;327.4000000;327.1500000;327.2000000;330
TATN;5;20161012;120000;327.0500000;327.3000000;327.0500000;327.2500000;11580
TATN;5;20161012;120500;327.2500000;327.4500000;327.2000000;327.4500000;4090
TATN;5;20161012;121000;327.4500000;327.5500000;327.1500000;327.4500000;4380
TATN;5;20161012;121500;327.4500000;327.6000000;327.4500000;327.5000000;1870
TATN;5;20161012;122000;327.4000000;327.5000000;327.3500000;327.5000000;1060
TATN;5;20161012;122500;327.3500000;327.4000000;327.1500000;327.3000000;520
TATN;5;20161012;123000;327.3500000;328.0500000;327.3500000;327.7500000;18640
TATN;5;20161012;123500;327.8500000;328.0000000;327.8500000;327.8500000;1210
TATN;5;20161012;124000;327.7500000;327.8000000;327.7000000;327.7500000;1500
TATN;5;20161012;124500;327.9500000;327.9500000;327.7000000;327.7000000;2200
TATN;5;20161012;125000;327.6000000;327.7500000;327.6000000;327.7500000;1420
TATN;5;20161012;130000;327.7000000;327.8500000;327.5500000;327.8500000;3540
TATN;5;20161012;130500;327.8500000;328.0000000;327.8500000;328.0000000;730
TATN;5;20161012;131000;328.0000000;328.0000000;327.9500000;328.0000000;2180
TATN;5;20161012;131500;327.8500000;327.8500000;327.7000000;327.7000000;430
TATN;5;20161012;132000;327.7000000;328.0500000;327.7000000;327.8000000;730
TATN;5;20161012;132500;327.9500000;327.9500000;327.7000000;327.8000000;1190
TATN;5;20161012;133000;327.8000000;327.8500000;327.5500000;327.6500000;3370
TATN;5;20161012;133500;327.6500000;327.8500000;327.5000000;327.5500000;1920
TATN;5;20161012;134000;327.8500000;327.8500000;327.5500000;327.6000000;2440
TATN;5;20161012;134500;327.7000000;327.9000000;327.7000000;327.7500000;1100
TATN;5;20161012;135000;327.8000000;327.9500000;327.6000000;327.9500000;910
TATN;5;20161012;135500;327.9500000;327.9500000;327.7000000;327.7000000;940
TATN;5;20161012;140000;327.8000000;327.9000000;327.5000000;327.8000000;5860
TATN;5;20161012;140500;328.0000000;328.1500000;328.0000000;328.1500000;3660
TATN;5;20161012;141000;328.1000000;328.2000000;328.0500000;328.1000000;5850
TATN;5;20161012;141500;328.2000000;328.4500000;328.2000000;328.4500000;12690
TATN;5;20161012;142000;328.4500000;328.4500000;328.4000000;328.4000000;4250
TATN;5;20161012;142500;328.4000000;328.7500000;328.4000000;328.7500000;4090
TATN;5;20161012;143000;328.7000000;328.9500000;328.6500000;328.8000000;7920
TATN;5;20161012;143500;328.8500000;328.9500000;328.7000000;328.8500000;3730
TATN;5;20161012;144000;328.8500000;328.9500000;328.7000000;328.9000000;4260
TATN;5;20161012;144500;328.9000000;329.2500000;328.8000000;329.2000000;8330
TATN;5;20161012;145000;329.1500000;329.2500000;328.8500000;329.1000000;7000
TATN;5;20161012;145500;328.9500000;329.1000000;328.8000000;329.1000000;3900
TATN;5;20161012;150000;328.8000000;329.1500000;328.8000000;329.0500000;3840
TATN;5;20161012;150500;329.0500000;329.2500000;329.0500000;329.2500000;3250
TATN;5;20161012;151000;329.3500000;329.4000000;329.1500000;329.3500000;4730
TATN;5;20161012;151500;329.3500000;329.5000000;329.3500000;329.5000000;5980
TATN;5;20161012;152000;329.4000000;329.5500000;329.3500000;329.5500000;5550
TATN;5;20161012;152500;329.6000000;329.6000000;329.2500000;329.5500000;6540
TATN;5;20161012;153000;329.5500000;329.6000000;329.3500000;329.6000000;4970
TATN;5;20161012;153500;329.4500000;329.5500000;329.0500000;329.2000000;10150
TATN;5;20161012;154000;329.4500000;329.4500000;329.0500000;329.1500000;4400
TATN;5;20161012;154500;329.3000000;329.3000000;329.0000000;329.1000000;9290
TATN;5;20161012;155000;329.1000000;329.2500000;329.0000000;329.2000000;5800
TATN;5;20161012;155500;329.3500000;329.3500000;328.8000000;328.9000000;9270
TATN;5;20161012;160000;329.1000000;329.1500000;328.4000000;328.4000000;8210
TATN;5;20161012;160500;328.4000000;328.6500000;327.0500000;327.4000000;30480
TATN;5;20161012;161000;327.4000000;327.5500000;326.2000000;326.8000000;34540
TATN;5;20161012;161500;326.5500000;326.6000000;326.2000000;326.2000000;12930
TATN;5;20161012;162000;326.2000000;327.1500000;326.2000000;327.1500000;24610
TATN;5;20161012;162500;327.1500000;327.3500000;326.9500000;327.0500000;11140
TATN;5;20161012;163000;326.9000000;326.9000000;326.3000000;326.4500000;12130
TATN;5;20161012;163500;326.4500000;327.1000000;326.2000000;326.2000000;12250
TATN;5;20161012;164000;326.1000000;326.7500000;325.7500000;326.4500000;19000
TATN;5;20161012;164500;326.5000000;327.0000000;326.2500000;326.7500000;11960
TATN;5;20161012;165000;326.7500000;327.2000000;326.7500000;327.2000000;5770
TATN;5;20161012;165500;327.2000000;327.2000000;326.9000000;327.2000000;3390
TATN;5;20161012;170000;327.2500000;327.6500000;327.1500000;327.6500000;5420
TATN;5;20161012;170500;327.7000000;328.3000000;327.7000000;328.2000000;14720
TATN;5;20161012;171000;328.2000000;328.4000000;327.8500000;328.4000000;10160
TATN;5;20161012;171500;328.2000000;328.3000000;328.1000000;328.3000000;8560
TATN;5;20161012;172000;328.1500000;328.5500000;328.1000000;328.4000000;11160
TATN;5;20161012;172500;328.6500000;328.7500000;328.3500000;328.5500000;6540
TATN;5;20161012;173000;328.8500000;329.1500000;328.7000000;328.9000000;8950
TATN;5;20161012;173500;328.9000000;328.9000000;327.5000000;328.7500000;16080
TATN;5;20161012;174000;328.8500000;329.5500000;328.0000000;328.3000000;37680
TATN;5;20161012;174500;328.3000000;329.0000000;327.6500000;329.0000000;21500
TATN;5;20161012;175000;329.1000000;329.2000000;328.8000000;328.8000000;16550
TATN;5;20161012;175500;328.7000000;328.7000000;328.1000000;328.5000000;8430
TATN;5;20161012;180000;328.7000000;328.7000000;328.6500000;328.7000000;5450
TATN;5;20161012;180500;328.7000000;328.7500000;327.4500000;328.1500000;17290
TATN;5;20161012;181000;328.1500000;328.5000000;328.1500000;328.5000000;7870
TATN;5;20161012;181500;328.5000000;328.5500000;328.4500000;328.5500000;12920
TATN;5;20161012;182000;328.5500000;328.5500000;328.2500000;328.4000000;7980
TATN;5;20161012;182500;328.4000000;328.9500000;328.4000000;328.9500000;24140
TATN;5;20161012;183000;328.9500000;329.4000000;328.8000000;329.2500000;32440
TATN;5;20161012;183500;329.3000000;329.4500000;329.0500000;329.2000000;31840
TATN;5;20161012;184000;329.4000000;329.4500000;326.7500000;326.8000000;248020
TATN;5;20161012;185000;326.9000000;326.9000000;326.9000000;326.9000000;232920
TATN;5;20161013;100500;326.2000000;327.5000000;326.0000000;327.4500000;27010
TATN;5;20161013;101000;327.5000000;327.5000000;326.9000000;326.9000000;10520
TATN;5;20161013;101500;326.9000000;327.2500000;326.9000000;327.1000000;2140
TATN;5;20161013;102000;327.1000000;327.3000000;326.8500000;327.3000000;5660
TATN;5;20161013;102500;327.2500000;328.0000000;327.0500000;328.0000000;10560
TATN;5;20161013;103000;327.9500000;328.2000000;327.7000000;328.2000000;9430
TATN;5;20161013;103500;328.0000000;328.1000000;327.8000000;328.0500000;5460
TATN;5;20161013;104000;327.9500000;328.0500000;327.6000000;327.7500000;4040
TATN;5;20161013;104500;327.7500000;327.9500000;327.6000000;327.8000000;4450
TATN;5;20161013;105000;327.7500000;328.0500000;327.6500000;327.6500000;1730
TATN;5;20161013;105500;327.6500000;327.7000000;327.5500000;327.5500000;1200
TATN;5;20161013;110000;327.5500000;327.6500000;327.3500000;327.6500000;6990
TATN;5;20161013;110500;327.5000000;327.6500000;327.4500000;327.6000000;1410
TATN;5;20161013;111000;327.5500000;327.8500000;327.5000000;327.6500000;1620
TATN;5;20161013;111500;327.6500000;327.7500000;327.5500000;327.6000000;2240
TATN;5;20161013;112000;327.6000000;328.3500000;327.6000000;328.3500000;6400
TATN;5;20161013;112500;328.3000000;328.4000000;328.1000000;328.4000000;5290
TATN;5;20161013;113000;328.4000000;328.4500000;328.2500000;328.2500000;700
TATN;5;20161013;113500;328.2500000;328.4000000;328.1500000;328.1500000;3990
TATN;5;20161013;114000;328.1500000;328.4000000;328.0000000;328.4000000;3680
TATN;5;20161013;114500;328.3000000;328.5000000;328.3000000;328.3000000;1400
TATN;5;20161013;115000;328.4000000;328.6000000;328.4000000;328.5500000;4190
TATN;5;20161013;115500;328.4500000;328.7000000;328.2000000;328.6500000;6900
TATN;5;20161013;120000;328.6000000;328.7500000;328.5000000;328.7500000;4020
TATN;5;20161013;120500;328.5500000;328.6500000;328.4000000;328.6500000;2290
TATN;5;20161013;121000;328.6500000;329.3000000;328.6500000;329.2500000;17210
TATN;5;20161013;121500;329.0500000;329.3000000;329.0500000;329.2000000;4450
TATN;5;20161013;122000;329.1500000;329.4500000;329.1500000;329.1500000;4550
TATN;5;20161013;122500;329.3500000;329.4000000;329.0500000;329.1000000;8100
TATN;5;20161013;123000;329.1000000;329.1500000;329.1000000;329.1500000;140
TATN;5;20161013;123500;329.2500000;329.3500000;329.2500000;329.3500000;1240
TATN;5;20161013;124000;329.2500000;329.3000000;329.0000000;329.1000000;2570
TATN;5;20161013;124500;329.2500000;329.4500000;329.1000000;329.1000000;4880
TATN;5;20161013;125000;329.0500000;329.3500000;329.0500000;329.3500000;2080
TATN;5;20161013;125500;329.1500000;329.4000000;329.1500000;329.4000000;3990
TATN;5;20161013;130000;329.4000000;329.4500000;329.3000000;329.3000000;900
TATN;5;20161013;130500;329.2500000;329.2500000;329.2000000;329.2000000;1320
TATN;5;20161013;131000;329.1500000;329.4500000;329.1500000;329.4500000;3230
TATN;5;20161013;131500;329.4500000;329.6500000;329.4000000;329.6500000;7690
TATN;5;20161013;132000;329.6500000;329.6500000;329.4000000;329.6000000;2120
TATN;5;20161013;132500;329.5500000;329.6500000;329.5000000;329.6500000;1830
TATN;5;20161013;133000;329.6500000;329.6500000;329.6500000;329.6500000;2930
TATN;5;20161013;133500;329.5500000;329.7500000;329.4500000;329.5500000;6790
TATN;5;20161013;134000;329.5500000;329.5500000;329.4500000;329.4500000;370
TATN;5;20161013;134500;329.5500000;329.5500000;329.4500000;329.4500000;840
TATN;5;20161013;135000;329.4500000;329.7000000;329.2500000;329.2500000;2920
TATN;5;20161013;135500;329.4500000;329.5000000;329.3000000;329.5000000;160
TATN;5;20161013;140000;329.3000000;329.5000000;329.3000000;329.4500000;300
TATN;5;20161013;140500;329.4500000;329.5000000;329.3500000;329.3500000;750
TATN;5;20161013;141000;329.4500000;329.4500000;329.2000000;329.2000000;13120
TATN;5;20161013;141500;329.3000000;329.3000000;329.0500000;329.3000000;4150
TATN;5;20161013;142000;329.1500000;329.3000000;329.0000000;329.2000000;2290
TATN;5;20161013;142500;329.2000000;329.3000000;328.9000000;328.9000000;6260
TATN;5;20161013;143000;329.1500000;329.2000000;328.9500000;329.2000000;2970
TATN;5;20161013;143500;329.2500000;329.2500000;328.9000000;328.9000000;5640
TATN;5;20161013;144000;329.1000000;329.2500000;328.8500000;329.0500000;12330
TATN;5;20161013;144500;329.0500000;329.1500000;328.9500000;328.9500000;1380
TATN;5;20161013;145000;329.0500000;329.0500000;329.0500000;329.0500000;1320
TATN;5;20161013;145500;329.1000000;329.1000000;329.1000000;329.1000000;20
TATN;5;20161013;150000;329.0500000;329.2500000;329.0500000;329.2500000;2720
TATN;5;20161013;150500;329.2500000;329.3000000;329.2500000;329.3000000;2680
TATN;5;20161013;151000;329.3000000;329.4500000;329.3000000;329.4500000;1980
TATN;5;20161013;151500;329.3000000;329.5000000;329.1000000;329.1000000;15550
TATN;5;20161013;152000;329.3000000;329.3500000;329.2000000;329.2500000;1400
TATN;5;20161013;152500;329.3000000;329.3500000;328.6500000;328.7500000;12920
TATN;5;20161013;153000;328.8000000;328.8500000;328.2500000;328.5500000;8360
TATN;5;20161013;153500;328.5500000;328.7500000;328.4500000;328.7500000;3110
TATN;5;20161013;154000;328.7500000;329.2000000;328.7500000;329.0000000;8560
TATN;5;20161013;154500;328.8500000;329.3000000;328.8500000;329.1500000;6030
TATN;5;20161013;155000;329.3000000;329.4000000;329.2000000;329.4000000;8040
TATN;5;20161013;155500;329.4000000;329.5000000;329.0000000;329.3000000;15470
TATN;5;20161013;160000;329.3500000;329.3500000;329.2000000;329.3500000;9420
TATN;5;20161013;160500;329.3500000;329.3500000;329.1000000;329.1500000;10060
TATN;5;20161013;161000;329.3500000;329.3500000;329.1000000;329.3000000;4140
TATN;5;20161013;161500;329.3500000;329.3500000;329.3500000;329.3500000;230
TATN;5;20161013;162000;329.2000000;329.3500000;329.0000000;329.0500000;6620
TATN;5;20161013;162500;329.2500000;329.3500000;329.2500000;329.3500000;7230
TATN;5;20161013;163000;329.3500000;329.5000000;329.2000000;329.4500000;5550
TATN;5;20161013;163500;329.4500000;329.7000000;329.2500000;329.6500000;27170
TATN;5;20161013;164000;329.6500000;329.7000000;329.5500000;329.6000000;14730
TATN;5;20161013;164500;329.6000000;329.7000000;329.3500000;329.6500000;25750
TATN;5;20161013;165000;329.6000000;329.6500000;329.4500000;329.6500000;4560
TATN;5;20161013;165500;329.6500000;329.6500000;329.2500000;329.6500000;85350
TATN;5;20161013;170000;329.6500000;329.6500000;329.4500000;329.5500000;23660
TATN;5;20161013;170500;329.5500000;329.9000000;329.5000000;329.8500000;47630
TATN;5;20161013;171000;329.8500000;329.9000000;329.7500000;329.8000000;29620
TATN;5;20161013;171500;329.7000000;329.8500000;329.7000000;329.8500000;21040
TATN;5;20161013;172000;329.8500000;329.8500000;329.7500000;329.8000000;34480
TATN;5;20161013;172500;329.8000000;329.8500000;329.5500000;329.8000000;10620
TATN;5;20161013;173000;329.6000000;329.8000000;329.6000000;329.7500000;1830
TATN;5;20161013;173500;329.8000000;329.8500000;329.6000000;329.7000000;9120
TATN;5;20161013;174000;329.7000000;329.7000000;329.7000000;329.7000000;38020
TATN;5;20161013;174500;329.6500000;329.8500000;329.6000000;329.8500000;30410
TATN;5;20161013;175000;329.8500000;329.8500000;329.8000000;329.8500000;11980
TATN;5;20161013;175500;329.8500000;329.8500000;329.4500000;329.5000000;4380
TATN;5;20161013;180000;329.5000000;329.7000000;328.7500000;329.0000000;25230
TATN;5;20161013;180500;329.0000000;329.5500000;328.7000000;328.8000000;28990
TATN;5;20161013;181000;328.8000000;329.4000000;328.8000000;329.3000000;12600
TATN;5;20161013;181500;329.1500000;329.4500000;329.0000000;329.4000000;5600
TATN;5;20161013;182000;329.4500000;329.5500000;329.1000000;329.1000000;6650
TATN;5;20161013;182500;329.1000000;329.2500000;328.9000000;329.2500000;4000
TATN;5;20161013;183000;329.3000000;329.4500000;329.1500000;329.3000000;3700
TATN;5;20161013;183500;329.4000000;329.6000000;329.1000000;329.5500000;11090
TATN;5;20161013;184000;329.5000000;330.7000000;329.3000000;330.4500000;130900
TATN;5;20161013;185000;330.6000000;330.6000000;330.6000000;330.6000000;51000
TATN;5;20161014;100500;330.6500000;331.6000000;330.5000000;330.8500000;16760
TATN;5;20161014;101000;331.0000000;331.0500000;330.7000000;331.0500000;38150
TATN;5;20161014;101500;331.0000000;331.0000000;330.4000000;330.6000000;6330
TATN;5;20161014;102000;330.4000000;330.9000000;330.3500000;330.5000000;15770
TATN;5;20161014;102500;330.8500000;330.8500000;329.5500000;329.7500000;48430
TATN;5;20161014;103000;329.5500000;329.8500000;329.5500000;329.8000000;6460
TATN;5;20161014;103500;329.5500000;329.9000000;329.5500000;329.7500000;4120
TATN;5;20161014;104000;329.7500000;329.9000000;329.6000000;329.8000000;7190
TATN;5;20161014;104500;329.6500000;329.9000000;329.6500000;329.7000000;3870
TATN;5;20161014;105000;329.7000000;329.9000000;329.5000000;329.5000000;6960
TATN;5;20161014;105500;329.5000000;329.7000000;329.0000000;329.5000000;11030
TATN;5;20161014;110000;329.3500000;329.6500000;329.2000000;329.6500000;8700
TATN;5;20161014;110500;329.5000000;329.7500000;329.4000000;329.6500000;3810
TATN;5;20161014;111000;329.4500000;329.6500000;329.4000000;329.5500000;2000
TATN;5;20161014;111500;329.4000000;329.6500000;329.3000000;329.4500000;3090
TATN;5;20161014;112000;329.3000000;329.4500000;329.1500000;329.2500000;3120
TATN;5;20161014;112500;329.2500000;329.5500000;329.1500000;329.1500000;1890
TATN;5;20161014;113000;329.4500000;329.5500000;329.3000000;329.5500000;1280
TATN;5;20161014;113500;329.3000000;329.5500000;329.2000000;329.4000000;840
TATN;5;20161014;114000;329.4000000;329.6500000;329.3500000;329.3500000;4690
TATN;5;20161014;114500;329.5000000;329.7500000;329.5000000;329.7500000;1870
TATN;5;20161014;115000;329.7000000;329.8000000;329.7000000;329.8000000;1140
TATN;5;20161014;115500;329.8000000;329.9500000;329.6500000;329.8500000;8600
TATN;5;20161014;120000;329.7000000;330.0000000;329.7000000;329.9500000;72460
TATN;5;20161014;120500;329.9500000;330.0000000;329.8500000;329.9500000;28080
TATN;5;20161014;121000;329.9500000;329.9500000;329.8500000;329.9500000;1190
TATN;5;20161014;121500;329.9500000;330.0000000;329.8500000;329.9500000;6640
TATN;5;20161014;122000;329.9000000;329.9500000;329.8500000;329.9500000;540
TATN;5;20161014;122500;329.8500000;330.0000000;329.8500000;330.0000000;45960
TATN;5;20161014;123000;330.0000000;331.0000000;329.9500000;330.7000000;88270
TATN;5;20161014;123500;330.6500000;330.6500000;330.4000000;330.4000000;2750
TATN;5;20161014;124000;330.6000000;330.6500000;330.6000000;330.6500000;2020
TATN;5;20161014;124500;330.6000000;330.9500000;330.6000000;330.6000000;8000
TATN;5;20161014;125000;330.6000000;330.8500000;330.6000000;330.8500000;20
TATN;5;20161014;125500;330.8000000;330.8500000;330.7000000;330.8500000;3080
TATN;5;20161014;130000;330.9500000;330.9500000;330.7500000;330.9000000;6900
TATN;5;20161014;130500;330.9500000;331.0000000;330.6000000;330.6500000;16210
TATN;5;20161014;131000;330.5500000;330.5500000;330.4500000;330.4500000;860
TATN;5;20161014;131500;330.5500000;330.8500000;330.5500000;330.8500000;3360
TATN;5;20161014;132000;330.8500000;330.8500000;330.6500000;330.8000000;1740
TATN;5;20161014;132500;330.8000000;330.8500000;330.8000000;330.8500000;1670
TATN;5;20161014;133000;330.8500000;330.9000000;330.6500000;330.9000000;2010
TATN;5;20161014;133500;330.7500000;330.9000000;330.7500000;330.9000000;1310
TATN;5;20161014;134000;330.8500000;330.8500000;330.8500000;330.8500000;640
TATN;5;20161014;135000;330.9000000;331.0000000;330.7000000;330.9500000;14290
TATN;5;20161014;135500;330.9500000;330.9500000;330.8000000;330.8000000;830
TATN;5;20161014;140000;330.7000000;331.0000000;330.7000000;331.0000000;3270
TATN;5;20161014;140500;331.0000000;331.0000000;331.0000000;331.0000000;2870
TATN;5;20161014;141000;330.9500000;331.0000000;330.9000000;330.9500000;5500
TATN;5;20161014;141500;330.9500000;330.9500000;330.8000000;330.9000000;650
TATN;5;20161014;142000;330.9000000;330.9500000;330.9000000;330.9500000;1210
TATN;5;20161014;143500;330.6000000;330.6000000;330.3500000;330.3500000;3490
TATN;5;20161014;144000;330.4000000;330.9000000;330.4000000;330.8500000;11130
TATN;5;20161014;144500;330.7500000;330.8500000;330.5000000;330.8500000;3720
TATN;5;20161014;145000;330.8500000;330.9000000;330.8500000;330.9000000;5450
TATN;5;20161014;145500;330.7000000;330.8500000;330.4500000;330.4500000;12730
TATN;5;20161014;150500;330.5500000;330.6500000;330.3500000;330.6500000;3990
TATN;5;20161014;151000;330.6500000;330.6500000;330.4000000;330.5000000;3300
TATN;5;20161014;151500;330.5500000;330.8000000;330.0500000;330.5500000;36810
TATN;5;20161014;152000;330.4500000;330.5000000;330.0500000;330.3500000;33460
TATN;5;20161014;152500;330.1500000;330.2500000;330.0000000;330.0000000;12970
TATN;5;20161014;153000;329.9000000;330.0000000;329.5000000;329.9500000;18360
TATN;5;20161014;153500;330.0500000;330.0500000;328.8500000;328.9500000;35910
TATN;5;20161014;154000;328.8000000;328.8500000;326.7000000;327.6000000;332250
TATN;5;20161014;154500;327.6000000;327.9500000;327.5500000;327.8500000;8140
TATN;5;20161014;155000;327.9500000;328.0000000;327.8000000;327.9000000;5510
TATN;5;20161014;155500;327.9000000;327.9000000;327.9000000;327.9000000;490
TATN;5;20161014;160000;327.9500000;327.9500000;327.9500000;327.9500000;320
TATN;5;20161014;160500;327.9500000;328.3500000;327.9500000;328.3500000;19940
TATN;5;20161014;161000;328.4000000;328.6500000;328.4000000;328.6000000;550
TATN;5;20161014;161500;328.4000000;328.7000000;328.3000000;328.4500000;6550
TATN;5;20161014;162000;328.4000000;328.5000000;328.4000000;328.4000000;1260
TATN;5;20161014;162500;328.4000000;328.6000000;328.3000000;328.6000000;840
TATN;5;20161014;163000;328.6000000;328.8500000;328.6000000;328.8500000;4190
TATN;5;20161014;163500;328.8000000;329.0000000;328.5000000;329.0000000;26230
TATN;5;20161014;164000;329.0000000;329.0000000;328.8000000;329.0000000;42230
TATN;5;20161014;164500;329.0000000;329.0000000;328.8000000;328.9500000;1460
TATN;5;20161014;165000;328.9000000;329.1500000;328.9000000;329.1500000;1520
TATN;5;20161014;165500;329.0000000;329.2500000;329.0000000;329.2500000;760
TATN;5;20161014;170000;329.2500000;329.6000000;329.1500000;329.1500000;5390
TATN;5;20161014;170500;329.1500000;329.4000000;329.0000000;329.0000000;3860
TATN;5;20161014;171000;329.3500000;329.8500000;329.3000000;329.8500000;6080
TATN;5;20161014;171500;329.5000000;329.8500000;329.5000000;329.5000000;1250
TATN;5;20161014;172000;329.8500000;329.8500000;329.8500000;329.8500000;70
TATN;5;20161014;172500;329.9500000;329.9500000;329.6500000;329.6500000;5960
TATN;5;20161014;173000;329.7500000;329.9500000;329.7500000;329.9500000;3100
TATN;5;20161014;174000;329.7000000;331.2000000;329.7000000;331.1500000;100120
TATN;5;20161014;174500;331.2000000;331.2000000;329.6000000;330.1000000;21350
TATN;5;20161014;175000;329.8500000;329.8500000;329.8500000;329.8500000;360
TATN;5;20161014;175500;329.8500000;330.1500000;329.0500000;329.6000000;12210
TATN;5;20161014;180000;329.4500000;329.4500000;329.1500000;329.2000000;1940
TATN;5;20161014;180500;329.2500000;329.3500000;329.2500000;329.2500000;980
TATN;5;20161014;181000;329.2000000;329.5000000;328.2000000;328.4500000;5380
TATN;5;20161014;181500;328.6500000;328.6500000;328.1500000;328.1500000;1530
TATN;5;20161014;182000;328.1500000;328.6000000;328.1500000;328.6000000;650
TATN;5;20161014;182500;328.3500000;328.3500000;328.0000000;328.0500000;1500
TATN;5;20161014;183000;328.0500000;328.0500000;327.4000000;327.7000000;16750
TATN;5;20161014;183500;327.5500000;328.3500000;327.4000000;328.3500000;34050
TATN;5;20161014;184000;328.3000000;328.3000000;327.1500000;327.8000000;57170
TATN;5;20161014;185000;328.5000000;328.5000000;328.5000000;328.5000000;26180
TATN;5;20161017;100500;328.4500000;328.4500000;327.2000000;327.6000000;4290
TATN;5;20161017;101000;327.5000000;327.5000000;326.5000000;326.7500000;9480
TATN;5;20161017;101500;326.9500000;327.5000000;326.8000000;327.4500000;5760
TATN;5;20161017;102000;327.4500000;328.0000000;327.3500000;327.9500000;17930
TATN;5;20161017;102500;327.9500000;328.2500000;327.6500000;328.2000000;3510
TATN;5;20161017;103000;328.2000000;328.2500000;327.5500000;327.8500000;10350
TATN;5;20161017;103500;327.6500000;328.3000000;327.6500000;328.2000000;6940
TATN;5;20161017;104000;328.2000000;328.2000000;327.8500000;327.8500000;4150
TATN;5;20161017;104500;327.8500000;328.7000000;327.8500000;328.7000000;4200
TATN;5;20161017;105000;328.8500000;329.0000000;328.8500000;329.0000000;2080
TATN;5;20161017;105500;328.8000000;329.1000000;328.7000000;328.8500000;3100
TATN;5;20161017;110000;328.9000000;329.1000000;328.6000000;328.8000000;8060
TATN;5;20161017;110500;328.9000000;329.0500000;328.7000000;329.0000000;8620
TATN;5;20161017;111000;328.9500000;329.0000000;328.5500000;329.0000000;9880
TATN;5;20161017;111500;329.0000000;329.0000000;328.6500000;329.0000000;12310
TATN;5;20161017;112000;329.0000000;329.4000000;329.0000000;329.4000000;9210
TATN;5;20161017;112500;329.1000000;329.3000000;328.7000000;329.0000000;9500
TATN;5;20161017;113000;329.0000000;329.2000000;328.7000000;328.9000000;7160
TATN;5;20161017;113500;328.9000000;329.2000000;328.7500000;328.9000000;8550
TATN;5;20161017;114000;328.9500000;329.1000000;328.8000000;329.1000000;7870
TATN;5;20161017;114500;329.1000000;329.2000000;328.7500000;329.1000000;11200
TATN;5;20161017;115000;329.1000000;329.1500000;328.7500000;329.0000000;12100
TATN;5;20161017;115500;328.8000000;329.2000000;328.8000000;329.2000000;3260
TATN;5;20161017;120000;329.0500000;329.4500000;328.9500000;329.2000000;14570
TATN;5;20161017;120500;329.0500000;329.3500000;328.8500000;329.2500000;10530
TATN;5;20161017;121000;329.0500000;329.2500000;328.7500000;329.0000000;6050
TATN;5;20161017;121500;328.8000000;329.0000000;328.7000000;329.0000000;3280
TATN;5;20161017;122000;329.0000000;329.0000000;328.9500000;329.0000000;1570
TATN;5;20161017;122500;329.0000000;329.2000000;328.8000000;329.2000000;4010
TATN;5;20161017;123000;329.2500000;329.4500000;329.0000000;329.2500000;4350
TATN;5;20161017;123500;329.2500000;329.2500000;328.9500000;329.2500000;4540
TATN;5;20161017;124000;329.2500000;329.3500000;329.0000000;329.0000000;3760
TATN;5;20161017;124500;329.0000000;329.3500000;328.9000000;329.1500000;4670
TATN;5;20161017;125000;329.1500000;329.2500000;328.9000000;329.2500000;2900
TATN;5;20161017;125500;329.2500000;329.3500000;329.0000000;329.3500000;5260
TATN;5;20161017;130000;329.3500000;329.4500000;329.1000000;329.4500000;7510
TATN;5;20161017;130500;329.4500000;329.5500000;329.2500000;329.5500000;3500
TATN;5;20161017;131000;329.5000000;329.6500000;329.4000000;329.4500000;4670
TATN;5;20161017;131500;329.5000000;329.5500000;329.3000000;329.5000000;3180
TATN;5;20161017;132000;329.5500000;329.5500000;329.2500000;329.5500000;3220
TATN;5;20161017;132500;329.5500000;329.6500000;329.2500000;329.6000000;7790
TATN;5;20161017;133000;329.6500000;329.6500000;329.3500000;329.4500000;6760
TATN;5;20161017;133500;329.5000000;329.6000000;329.4500000;329.6000000;2820
TATN;5;20161017;134000;329.6000000;329.6500000;329.4500000;329.6500000;3760
TATN;5;20161017;134500;329.6000000;329.6000000;329.6000000;329.6000000;1480
TATN;5;20161017;135000;329.6000000;329.6500000;329.5500000;329.6500000;2120
TATN;5;20161017;135500;329.6500000;329.8000000;329.5000000;329.8000000;8210
TATN;5;20161017;140000;329.8000000;330.0000000;329.7000000;329.9000000;5530
TATN;5;20161017;140500;329.9000000;329.9000000;329.7000000;329.8500000;1540
TATN;5;20161017;141000;329.8500000;330.6500000;329.8500000;330.4500000;18960
TATN;5;20161017;141500;330.4500000;330.5000000;330.2500000;330.5000000;2350
TATN;5;20161017;142000;330.5000000;330.6000000;330.3500000;330.4000000;6220
TATN;5;20161017;142500;330.5500000;330.8000000;330.3500000;330.8000000;17620
TATN;5;20161017;143000;330.8000000;330.9500000;330.5500000;330.9000000;14110
TATN;5;20161017;143500;330.9000000;330.9500000;330.6500000;330.9500000;1540
TATN;5;20161017;144000;330.9500000;330.9500000;330.7000000;330.9000000;3340
TATN;5;20161017;144500;330.9000000;330.9000000;330.5500000;330.8000000;2800
TATN;5;20161017;145000;330.7500000;330.8500000;330.1500000;330.4500000;8770
TATN;5;20161017;145500;330.4500000;330.5000000;330.3500000;330.5000000;1780
TATN;5;20161017;150000;330.3000000;330.7000000;330.1500000;330.4500000;5570
TATN;5;20161017;150500;330.4500000;330.9000000;330.3000000;330.9000000;13790
TATN;5;20161017;151000;330.8500000;330.9000000;330.6500000;330.8500000;2720
TATN;5;20161017;151500;330.8500000;330.9000000;330.6500000;330.9000000;3420
TATN;5;20161017;152000;330.8500000;330.9000000;330.2500000;330.2500000;9050
TATN;5;20161017;152500;330.2500000;330.5500000;330.2500000;330.4500000;1920
TATN;5;20161017;153000;330.4500000;330.6500000;330.2500000;330.6500000;2470
TATN;5;20161017;153500;330.6500000;330.8500000;330.5000000;330.8500000;8760
TATN;5;20161017;154000;330.8500000;330.9000000;330.6000000;330.8000000;3880
TATN;5;20161017;154500;330.6500000;330.9000000;330.6500000;330.9000000;4020
TATN;5;20161017;155000;330.9000000;330.9000000;330.8000000;330.9000000;15720
TATN;5;20161017;155500;330.9000000;331.0000000;330.9000000;330.9500000;14260
TATN;5;20161017;160000;331.0000000;331.0000000;330.8500000;331.0000000;20070
TATN;5;20161017;160500;330.9500000;331.4500000;330.9500000;331.2000000;17130
TATN;5;20161017;161000;331.2000000;331.3500000;330.9000000;331.3500000;3460
TATN;5;20161017;161500;331.3500000;331.5000000;331.2500000;331.5000000;6270
TATN;5;20161017;162000;331.4500000;331.5000000;329.1000000;329.4500000;116090
TATN;5;20161017;162500;329.5000000;329.7000000;327.6500000;328.8000000;370060
TATN;5;20161017;163000;328.8500000;329.2500000;328.6500000;329.2500000;6850
TATN;5;20161017;163500;329.2500000;329.5000000;328.9500000;329.0500000;13960
TATN;5;20161017;164000;329.1500000;329.3500000;328.9500000;329.3000000;8360
TATN;5;20161017;164500;329.3500000;329.5000000;329.1500000;329.4000000;11480
TATN;5;20161017;165000;329.5000000;329.6500000;329.1000000;329.6500000;10970
TATN;5;20161017;165500;329.6500000;329.7500000;329.3500000;329.4500000;11580
TATN;5;20161017;170000;329.7000000;329.9000000;329.4000000;329.9000000;23020
TATN;5;20161017;170500;329.9000000;329.9500000;329.3000000;329.4500000;22690
TATN;5;20161017;171000;329.6000000;329.8000000;329.4000000;329.4000000;9660
TATN;5;20161017;171500;329.6000000;329.9500000;329.6000000;329.9500000;11080
TATN;5;20161017;172000;329.9000000;330.1000000;329.8000000;330.1000000;44970
TATN;5;20161017;172500;330.2000000;331.2000000;329.9000000;331.0000000;44980
TATN;5;20161017;173000;331.2000000;331.4500000;330.8500000;330.9000000;11700
TATN;5;20161017;173500;331.1000000;331.1000000;330.5000000;330.5000000;5240
TATN;5;20161017;174000;330.6500000;331.5000000;330.4000000;331.1000000;23120
TATN;5;20161017;174500;331.2000000;331.9500000;331.2000000;331.7000000;27890
TATN;5;20161017;175000;331.9000000;331.9500000;331.5500000;331.7000000;13440
TATN;5;20161017;175500;331.7500000;331.8000000;331.4000000;331.4000000;11610
TATN;5;20161017;180000;331.6000000;331.6500000;331.2500000;331.2500000;9910
TATN;5;20161017;180500;331.4000000;331.5500000;331.0500000;331.5000000;11090
TATN;5;20161017;181000;331.5000000;331.6000000;330.8500000;330.8500000;9310
TATN;5;20161017;181500;331.0000000;331.2500000;330.8500000;331.2500000;3160
TATN;5;20161017;182000;331.2500000;331.4500000;331.0500000;331.4500000;3260
TATN;5;20161017;182500;331.4500000;331.4500000;330.8500000;331.3000000;5840
TATN;5;20161017;183000;331.3000000;331.3000000;330.6000000;330.8000000;6580
TATN;5;20161017;183500;330.8000000;330.8000000;330.1000000;330.1000000;14200
TATN;5;20161017;184000;330.3000000;330.9000000;329.6500000;330.0000000;34020
TATN;5;20161017;185000;329.0500000;329.0500000;329.0500000;329.0500000;48100
TATN;5;20161018;100500;331.5000000;331.9000000;330.3500000;331.8000000;43610
TATN;5;20161018;101000;331.7500000;332.4500000;331.6500000;332.1500000;29210
TATN;5;20161018;101500;332.2500000;332.3500000;332.0500000;332.3500000;7400
TATN;5;20161018;102000;332.2500000;332.4000000;332.0500000;332.2500000;5220
TATN;5;20161018;102500;332.4000000;332.4500000;331.9000000;331.9500000;12280
TATN;5;20161018;103000;332.0000000;332.1500000;331.8000000;332.0500000;9650
TATN;5;20161018;103500;332.1500000;332.4000000;331.9000000;332.1500000;7690
TATN;5;20161018;104000;332.2500000;332.4500000;332.0500000;332.4500000;6230
TATN;5;20161018;104500;332.5000000;332.5000000;332.2500000;332.5000000;5100
TATN;5;20161018;105000;332.5000000;332.6500000;332.2500000;332.5000000;6360
TATN;5;20161018;105500;332.7000000;332.8000000;332.4500000;332.4500000;11410
TATN;5;20161018;110000;332.6500000;332.9000000;332.5000000;332.7000000;7590
TATN;5;20161018;110500;332.7500000;332.7500000;332.3000000;332.4000000;9420
TATN;5;20161018;111000;332.6000000;332.6000000;332.3000000;332.5500000;1830
TATN;5;20161018;111500;332.6000000;332.7000000;332.3500000;332.7000000;2850
TATN;5;20161018;112000;332.7000000;332.7000000;332.4500000;332.4500000;2490
TATN;5;20161018;112500;332.4500000;332.5500000;332.3000000;332.5000000;1330
TATN;5;20161018;113000;332.3500000;332.3500000;332.2500000;332.2500000;1480
TATN;5;20161018;113500;332.4000000;332.5500000;332.2000000;332.5500000;12050
TATN;5;20161018;114000;332.3500000;332.3500000;331.9000000;331.9500000;11850
TATN;5;20161018;114500;332.1500000;332.1500000;331.7000000;331.7000000;12190
TATN;5;20161018;115000;331.9000000;331.9500000;331.6000000;331.7500000;1510
TATN;5;20161018;115500;331.6000000;331.7500000;331.5000000;331.5500000;3510
TATN;5;20161018;120000;331.5500000;332.0500000;331.4500000;331.8000000;6540
TATN;5;20161018;120500;332.0500000;332.0500000;331.6500000;331.8500000;4090
TATN;5;20161018;121000;331.9500000;331.9500000;331.9500000;331.9500000;220
TATN;5;20161018;121500;331.9500000;332.0500000;331.7000000;332.0500000;1820
TATN;5;20161018;122000;332.0000000;332.2500000;332.0000000;332.2500000;1880
TATN;5;20161018;122500;332.2500000;332.5000000;332.1500000;332.4500000;20010
TATN;5;20161018;123000;332.4500000;332.5000000;332.3500000;332.3500000;6440
TATN;5;20161018;123500;332.3500000;332.3500000;332.1500000;332.1500000;270
TATN;5;20161018;124000;332.2500000;332.5000000;332.1500000;332.2500000;2330
TATN;5;20161018;124500;332.2500000;332.2500000;332.2500000;332.2500000;10
TATN;5;20161018;125000;332.3000000;332.3000000;332.2500000;332.2500000;260
TATN;5;20161018;125500;332.4500000;332.5000000;332.2000000;332.2000000;1020
TATN;5;20161018;130500;332.2500000;332.2500000;332.1000000;332.1000000;1340
TATN;5;20161018;131000;332.1000000;332.1500000;332.1000000;332.1000000;1220
TATN;5;20161018;131500;332.0500000;332.1500000;331.8500000;331.8500000;1210
TATN;5;20161018;132000;331.9000000;331.9000000;331.8500000;331.8500000;820
TATN;5;20161018;133000;332.0000000;332.2500000;332.0000000;332.2500000;1260
TATN;5;20161018;133500;332.2000000;332.2500000;332.2000000;332.2500000;1380
TATN;5;20161018;134000;332.1500000;332.1500000;332.1500000;332.1500000;10
TATN;5;20161018;134500;332.1500000;332.1500000;331.8500000;331.8500000;630
TATN;5;20161018;135000;331.8500000;331.9000000;331.8500000;331.8500000;580
TATN;5;20161018;135500;331.9500000;331.9500000;331.9500000;331.9500000;580
TATN;5;20161018;140000;331.9500000;331.9500000;331.8500000;331.8500000;710
TATN;5;20161018;141500;332.1500000;332.3500000;332.0500000;332.2000000;1210
TATN;5;20161018;142000;332.3000000;332.3000000;332.2500000;332.2500000;850
TATN;5;20161018;142500;331.9500000;332.0500000;331.9500000;331.9500000;3900
TATN;5;20161018;143000;332.0000000;332.2500000;332.0000000;332.2500000;2100
TATN;5;20161018;143500;332.0500000;332.3000000;332.0000000;332.2000000;3160
TATN;5;20161018;144000;332.2000000;332.2000000;331.8500000;332.1000000;4560
TATN;5;20161018;144500;332.0000000;332.0000000;332.0000000;332.0000000;510
TATN;5;20161018;145000;332.0000000;332.0000000;331.9500000;331.9500000;950
TATN;5;20161018;145500;331.8500000;331.8500000;331.7000000;331.7500000;1360
TATN;5;20161018;150000;331.8000000;331.9000000;331.7000000;331.9000000;1050
TATN;5;20161018;151000;331.8000000;332.1000000;331.7500000;332.0000000;4990
TATN;5;20161018;151500;331.8500000;332.3000000;331.8500000;332.2500000;3810
TATN;5;20161018;152000;332.2500000;332.2500000;331.8500000;332.2500000;8580
TATN;5;20161018;152500;332.2500000;332.5000000;332.1500000;332.3500000;6660
TATN;5;20161018;153000;332.4500000;332.8500000;332.3000000;332.8500000;14830
TATN;5;20161018;153500;332.9000000;333.0000000;332.7000000;332.9500000;6960
TATN;5;20161018;154000;332.9500000;333.2500000;332.9500000;333.2500000;8970
TATN;5;20161018;154500;333.2000000;333.3000000;333.0000000;333.3000000;1300
TATN;5;20161018;155000;333.3000000;333.6000000;333.2000000;333.5000000;8900
TATN;5;20161018;155500;333.5000000;333.5000000;333.1000000;333.3000000;3930
TATN;5;20161018;160000;333.3000000;333.4500000;333.1500000;333.2500000;2660
TATN;5;20161018;160500;333.3500000;333.4500000;333.2000000;333.3500000;1270
TATN;5;20161018;161000;333.4500000;333.6000000;333.4000000;333.6000000;1750
TATN;5;20161018;161500;333.5500000;333.6000000;333.5000000;333.5000000;1510
TATN;5;20161018;162000;333.6000000;333.7500000;333.4500000;333.6500000;7240
TATN;5;20161018;162500;333.6000000;333.7500000;333.5000000;333.5500000;2680
TATN;5;20161018;163000;333.7500000;333.8000000;333.7500000;333.8000000;1080
TATN;5;20161018;163500;333.7500000;334.0000000;333.7500000;333.9000000;9640
TATN;5;20161018;164000;333.9000000;333.9500000;333.3000000;333.4000000;6880
TATN;5;20161018;164500;333.5000000;333.7500000;333.4000000;333.7500000;3170
TATN;5;20161018;165000;333.6000000;333.7500000;333.5000000;333.5500000;1560
TATN;5;20161018;165500;333.5500000;333.5500000;333.2000000;333.4500000;5580
TATN;5;20161018;170000;333.2500000;333.3500000;333.0500000;333.0500000;6600
TATN;5;20161018;170500;333.1500000;333.3500000;333.1000000;333.3500000;3720
TATN;5;20161018;171000;333.3500000;333.4500000;333.1500000;333.4000000;6060
TATN;5;20161018;171500;333.4000000;333.6500000;333.2500000;333.6500000;5560
TATN;5;20161018;172000;333.4000000;333.6500000;333.4000000;333.6500000;4010
TATN;5;20161018;172500;333.6500000;333.7000000;333.1500000;333.1500000;11420
TATN;5;20161018;173000;333.3000000;333.4000000;333.3000000;333.4000000;1230
TATN;5;20161018;173500;333.4000000;333.5000000;333.2500000;333.3500000;2820
TATN;5;20161018;174000;333.3500000;333.6500000;333.3500000;333.6000000;2170
TATN;5;20161018;174500;333.6500000;334.4000000;333.6500000;334.3000000;24550
TATN;5;20161018;175000;334.4500000;334.5000000;334.3000000;334.3000000;6730
TATN;5;20161018;175500;334.3000000;334.5000000;334.0500000;334.0500000;4240
TATN;5;20161018;180000;334.3500000;334.3500000;334.0500000;334.2000000;2710
TATN;5;20161018;180500;334.2000000;334.3500000;334.2000000;334.3000000;4260
TATN;5;20161018;181000;334.3500000;334.4000000;334.3500000;334.4000000;1670
TATN;5;20161018;181500;334.4000000;334.4000000;334.2000000;334.4000000;4790
TATN;5;20161018;182000;334.4000000;334.5000000;334.3500000;334.5000000;1200
TATN;5;20161018;182500;334.5000000;334.5500000;334.5000000;334.5500000;4190
TATN;5;20161018;183000;334.5000000;334.6000000;334.2500000;334.6000000;3070
TATN;5;20161018;183500;334.4000000;334.4000000;334.2500000;334.4000000;18980
TATN;5;20161018;184000;334.4000000;334.5000000;334.2500000;334.2500000;13050
TATN;5;20161018;185000;333.8000000;333.8000000;333.8000000;333.8000000;24880
TATN;5;20161019;100500;334.0000000;334.6500000;333.7000000;333.7000000;7640
TATN;5;20161019;101000;333.7000000;333.7000000;333.4500000;333.4500000;5090
TATN;5;20161019;101500;333.4500000;333.9000000;333.4500000;333.7500000;6080
TATN;5;20161019;102000;333.6000000;333.7000000;333.4500000;333.5000000;6190
TATN;5;20161019;102500;333.4500000;333.4500000;333.1000000;333.1500000;23750
TATN;5;20161019;103000;333.2000000;333.2000000;333.0500000;333.0500000;2270
TATN;5;20161019;103500;333.0500000;333.0500000;332.7000000;332.7000000;9090
TATN;5;20161019;104000;332.7000000;332.9000000;332.7000000;332.7500000;5330
TATN;5;20161019;104500;332.7500000;332.7500000;332.3500000;332.4000000;9580
TATN;5;20161019;105000;332.4000000;332.7500000;332.0000000;332.2000000;14110
TATN;5;20161019;105500;332.2500000;332.4000000;331.6000000;331.8500000;12450
TATN;5;20161019;110000;331.9000000;332.1000000;331.6500000;331.6500000;4520
TATN;5;20161019;110500;331.6500000;331.6500000;330.8500000;330.8500000;18370
TATN;5;20161019;111000;330.9000000;331.4000000;330.7500000;331.2000000;5330
TATN;5;20161019;111500;331.3500000;331.4500000;331.3000000;331.4500000;2030
TATN;5;20161019;112000;331.4500000;331.5000000;331.3000000;331.3000000;1450
TATN;5;20161019;112500;331.4500000;331.5000000;331.0500000;331.4500000;3180
TATN;5;20161019;113000;331.3500000;331.8000000;331.3500000;331.8000000;11550
TATN;5;20161019;113500;331.8000000;332.8000000;331.8000000;332.8000000;5900
TATN;5;20161019;114000;332.8000000;333.6000000;332.2000000;332.2000000;17270
TATN;5;20161019;114500;332.1500000;332.1500000;332.1000000;332.1000000;2220
TATN;5;20161019;115000;332.1000000;332.8500000;332.1000000;332.8500000;4260
TATN;5;20161019;115500;332.8500000;333.0500000;332.8500000;333.0500000;930
TATN;5;20161019;120000;332.9000000;333.2500000;332.9000000;333.2500000;800
TATN;5;20161019;120500;333.1500000;333.2500000;333.1500000;333.2500000;330
TATN;5;20161019;121000;333.2500000;333.3000000;333.1000000;333.1000000;1290
TATN;5;20161019;121500;333.2000000;333.5500000;332.7500000;333.4500000;4000
TATN;5;20161019;122000;333.3500000;333.7500000;333.3500000;333.6500000;10120
TATN;5;20161019;122500;333.7500000;334.0500000;333.7500000;333.9500000;12130
TATN;5;20161019;123000;333.9500000;334.9500000;333.9500000;334.5000000;24300
TATN;5;20161019;123500;334.4500000;334.9000000;334.3000000;334.4000000;14020
TATN;5;20161019;124000;334.6000000;334.6000000;334.2000000;334.3000000;2670
TATN;5;20161019;125000;334.5000000;334.6500000;334.5000000;334.5500000;1350
TATN;5;20161019;125500;334.4000000;334.4000000;334.4000000;334.4000000;10
TATN;5;20161019;130000;334.2500000;334.2500000;334.2500000;334.2500000;180
TATN;5;20161019;130500;334.2000000;334.2000000;334.1500000;334.1500000;310
TATN;5;20161019;131000;334.2000000;334.2000000;334.0000000;334.0000000;540
TATN;5;20161019;131500;334.1500000;334.3500000;334.1500000;334.3500000;190
TATN;5;20161019;132000;334.3000000;334.3500000;334.3000000;334.3500000;440
TATN;5;20161019;132500;334.3500000;334.5500000;334.3500000;334.5500000;720
TATN;5;20161019;133000;334.5500000;334.6000000;334.4000000;334.6000000;700
TATN;5;20161019;133500;334.2000000;334.2000000;334.1500000;334.1500000;200
TATN;5;20161019;134000;334.1000000;334.1000000;333.9500000;334.0500000;2600
TATN;5;20161019;134500;333.9500000;334.0000000;333.7000000;333.7000000;5180
TATN;5;20161019;135000;333.9500000;334.0500000;333.9500000;334.0000000;2220
TATN;5;20161019;135500;334.0000000;334.0000000;333.7500000;333.7500000;900
TATN;5;20161019;140000;333.6000000;334.0500000;333.4500000;334.0500000;8860
TATN;5;20161019;141000;333.9000000;333.9000000;333.9000000;333.9000000;390
TATN;5;20161019;141500;333.7500000;333.7500000;333.7500000;333.7500000;920
TATN;5;20161019;142000;334.0000000;334.0000000;333.9000000;333.9500000;770
TATN;5;20161019;142500;333.9000000;334.1500000;333.9000000;334.0000000;1830
TATN;5;20161019;143000;333.9000000;333.9500000;333.8000000;333.8500000;10220
TATN;5;20161019;143500;333.7500000;333.7500000;332.0000000;332.1000000;73940
TATN;5;20161019;144000;332.0500000;332.3500000;330.0000000;331.3000000;203990
TATN;5;20161019;144500;331.3500000;331.9000000;331.1500000;331.1500000;6640
TATN;5;20161019;145000;331.0500000;332.1000000;331.0500000;332.1000000;27460
TATN;5;20161019;145500;331.9000000;332.2000000;331.9000000;332.1500000;1820
TATN;5;20161019;150000;332.1000000;332.2000000;331.9000000;331.9000000;1260
TATN;5;20161019;150500;332.0500000;332.0500000;331.9500000;331.9500000;190
TATN;5;20161019;151000;331.9000000;331.9000000;331.7500000;331.7500000;130
TATN;5;20161019;151500;331.8500000;332.2000000;331.8500000;332.2000000;1510
TATN;5;20161019;152000;332.2000000;332.2000000;332.0500000;332.0500000;2200
TATN;5;20161019;152500;332.0000000;332.2000000;332.0000000;332.2000000;590
TATN;5;20161019;153000;331.9500000;331.9500000;331.9500000;331.9500000;10
TATN;5;20161019;153500;331.6500000;331.8000000;331.6000000;331.6000000;810
TATN;5;20161019;154000;331.8000000;332.1000000;331.7500000;332.0000000;2720
TATN;5;20161019;154500;332.0000000;332.0000000;331.7000000;331.7000000;2000
TATN;5;20161019;155000;331.7500000;332.1000000;331.7500000;332.1000000;1730
TATN;5;20161019;160000;331.9000000;332.3500000;331.9000000;332.3500000;1170
TATN;5;20161019;160500;332.3500000;332.4500000;332.2500000;332.2500000;510
TATN;5;20161019;161000;332.1000000;332.3500000;331.9000000;332.1500000;600
TATN;5;20161019;161500;332.4000000;332.5500000;332.4000000;332.5500000;560
TATN;5;20161019;162000;332.3500000;332.7000000;332.3500000;332.7000000;1900
TATN;5;20161019;162500;332.7000000;332.8500000;332.6500000;332.7500000;2670
TATN;5;20161019;163000;332.7500000;332.8000000;332.4000000;332.4000000;1660
TATN;5;20161019;163500;332.6000000;332.8000000;332.4500000;332.6500000;8890
TATN;5;20161019;164000;332.7000000;332.7500000;332.4500000;332.6500000;8700
TATN;5;20161019;164500;332.6500000;332.7500000;332.6500000;332.7500000;950
TATN;5;20161019;165000;332.4000000;332.7500000;332.4000000;332.7500000;4270
TATN;5;20161019;165500;332.5000000;332.5000000;332.0500000;332.1500000;3670
TATN;5;20161019;170000;331.9000000;332.3000000;331.5000000;331.9000000;120550
TATN;5;20161019;170500;331.8500000;331.9500000;331.2500000;331.4500000;25110
TATN;5;20161019;171000;331.3500000;331.3500000;330.4000000;330.7000000;58840
TATN;5;20161019;171500;330.6000000;331.9000000;330.5500000;331.8500000;17800
TATN;5;20161019;172000;331.5500000;332.0000000;331.5500000;332.0000000;1480
TATN;5;20161019;172500;331.9500000;332.2000000;331.9500000;332.2000000;1720
TATN;5;20161019;173000;332.2000000;332.2000000;331.8000000;332.0000000;8030
TATN;5;20161019;173500;332.0000000;332.8000000;332.0000000;332.3500000;12990
TATN;5;20161019;174000;332.4000000;332.5000000;332.2000000;332.4500000;6270
TATN;5;20161019;174500;332.5000000;333.2000000;332.4500000;333.0000000;21510
TATN;5;20161019;175000;332.9500000;332.9500000;331.9500000;332.2500000;6410
TATN;5;20161019;175500;332.0500000;332.0500000;331.0000000;331.6500000;10470
TATN;5;20161019;180000;331.6500000;332.4500000;331.6500000;332.4500000;4740
TATN;5;20161019;180500;332.4500000;332.8500000;331.9000000;331.9000000;2670
TATN;5;20161019;181000;331.9000000;332.1000000;331.9000000;331.9500000;2170
TATN;5;20161019;181500;331.6000000;331.6000000;331.3500000;331.3500000;500
TATN;5;20161019;182000;331.4000000;332.1500000;331.3000000;332.1000000;4440
TATN;5;20161019;182500;332.1000000;332.1000000;331.6000000;331.6000000;840
TATN;5;20161019;183000;331.8000000;332.6000000;331.8000000;332.5000000;2890
TATN;5;20161019;183500;332.4000000;332.4000000;331.3500000;331.4500000;9480
TATN;5;20161019;184000;331.8500000;331.9000000;331.3500000;331.4000000;11340
TATN;5;20161019;185000;331.4000000;331.4000000;331.4000000;331.4000000;59560
TATN;5;20161020;100500;331.2500000;331.2500000;330.8000000;331.1000000;10140
TATN;5;20161020;101000;331.1500000;333.0000000;331.0500000;332.8000000;26860
TATN;5;20161020;101500;332.7500000;332.9500000;332.6500000;332.9500000;8910
TATN;5;20161020;102000;332.8000000;332.9500000;332.2500000;332.2500000;5680
TATN;5;20161020;102500;332.3000000;332.9000000;332.3000000;332.5000000;4460
TATN;5;20161020;103000;332.5000000;332.9500000;332.3500000;332.9500000;3070
TATN;5;20161020;103500;332.7500000;332.7500000;332.0500000;332.1500000;3580
TATN;5;20161020;104000;332.1500000;332.2500000;332.1500000;332.2500000;620
TATN;5;20161020;104500;332.1500000;332.2000000;331.7000000;332.0000000;6730
TATN;5;20161020;105000;332.0000000;332.9500000;332.0000000;332.9000000;2740
TATN;5;20161020;105500;332.6500000;332.6500000;332.2500000;332.3500000;1170
TATN;5;20161020;110000;332.5000000;332.5000000;332.5000000;332.5000000;470
TATN;5;20161020;110500;332.4500000;332.7500000;332.3500000;332.7000000;1000
TATN;5;20161020;111000;332.7500000;332.7500000;332.1500000;332.7500000;4310
TATN;5;20161020;111500;332.6000000;332.6000000;332.6000000;332.6000000;260
TATN;5;20161020;112000;332.5500000;332.5500000;332.5500000;332.5500000;510
TATN;5;20161020;112500;332.4500000;332.8500000;332.4500000;332.8500000;1520
TATN;5;20161020;113000;332.7000000;332.7000000;332.7000000;332.7000000;720
TATN;5;20161020;113500;332.6500000;332.6500000;332.1500000;332.1500000;8400
TATN;5;20161020;114000;332.2000000;332.2000000;331.0500000;331.8500000;27390
TATN;5;20161020;114500;331.7500000;331.7500000;331.2500000;331.2500000;13930
TATN;5;20161020;115000;331.5000000;331.5000000;331.4000000;331.5000000;280
TATN;5;20161020;115500;331.4000000;331.4000000;331.1500000;331.1500000;730
TATN;5;20161020;120000;331.1000000;331.5000000;331.0000000;331.4500000;12820
TATN;5;20161020;120500;331.2500000;331.4500000;330.6500000;331.2000000;36060
TATN;5;20161020;121000;331.2500000;331.7500000;331.1000000;331.7500000;2110
TATN;5;20161020;121500;331.6000000;331.8000000;331.5000000;331.8000000;2640
TATN;5;20161020;122000;331.6500000;331.7500000;330.2500000;330.2500000;94790
TATN;5;20161020;122500;330.4000000;330.4000000;330.2000000;330.2000000;2780
TATN;5;20161020;123000;330.4000000;330.8000000;330.1500000;330.8000000;7810
TATN;5;20161020;123500;331.0000000;331.0000000;330.8500000;330.8500000;780
TATN;5;20161020;124000;330.9000000;331.4000000;330.9000000;331.2500000;7380
TATN;5;20161020;124500;331.2500000;331.4500000;331.2000000;331.2500000;7970
TATN;5;20161020;125000;331.4500000;332.0000000;331.4500000;332.0000000;5560
TATN;5;20161020;125500;332.1000000;332.3500000;332.1000000;332.3500000;1690
TATN;5;20161020;130000;332.3500000;332.5500000;332.3500000;332.4500000;790
TATN;5;20161020;130500;332.5500000;332.9500000;332.5500000;332.7500000;21520
TATN;5;20161020;131000;332.9500000;333.2000000;332.8500000;332.9500000;8190
TATN;5;20161020;131500;333.1500000;333.2500000;333.1500000;333.2500000;910
TATN;5;20161020;132000;333.2500000;333.2500000;332.7500000;332.7500000;3990
TATN;5;20161020;132500;332.8500000;332.8500000;332.6500000;332.6500000;810
TATN;5;20161020;133000;332.5000000;332.6500000;332.5000000;332.6500000;200
TATN;5;20161020;133500;332.5500000;332.6500000;332.3500000;332.6500000;1200
TATN;5;20161020;134000;332.6000000;332.7500000;332.6000000;332.7500000;1020
TATN;5;20161020;134500;332.6500000;332.6500000;332.6500000;332.6500000;1840
TATN;5;20161020;135000;332.5500000;332.5500000;332.5500000;332.5500000;1280
TATN;5;20161020;135500;332.7500000;332.7500000;332.7500000;332.7500000;20
TATN;5;20161020;140000;332.6500000;332.8500000;332.6500000;332.6500000;2330
TATN;5;20161020;140500;332.8500000;332.8500000;332.8500000;332.8500000;520
TATN;5;20161020;141000;332.7500000;332.7500000;332.4500000;332.4500000;2200
TATN;5;20161020;141500;332.4500000;332.6500000;332.2500000;332.4500000;890
TATN;5;20161020;142000;332.3500000;332.6500000;332.3500000;332.4000000;3740
TATN;5;20161020;142500;332.4000000;332.5500000;332.3500000;332.4000000;610
TATN;5;20161020;143000;332.4000000;332.4000000;332.0000000;332.0000000;10750
TATN;5;20161020;143500;331.8500000;331.9500000;331.8000000;331.9500000;1300
TATN;5;20161020;144000;332.0000000;332.0000000;332.0000000;332.0000000;970
TATN;5;20161020;144500;332.0000000;332.4500000;332.0000000;332.4500000;3480
TATN;5;20161020;145000;332.4000000;332.6500000;332.3500000;332.4500000;3570
TATN;5;20161020;145500;332.4500000;332.4500000;332.0500000;332.0500000;2120
TATN;5;20161020;150000;332.1000000;332.3000000;332.1000000;332.1500000;1540
TATN;5;20161020;150500;332.0500000;332.4500000;332.0500000;332.3000000;2300
TATN;5;20161020;151000;332.3000000;332.3000000;332.3000000;332.3000000;300
TATN;5;20161020;151500;332.2500000;332.6000000;332.1500000;332.3500000;11450
TATN;5;20161020;152000;332.5000000;332.5000000;332.4000000;332.4000000;20
TATN;5;20161020;152500;332.4000000;332.7500000;332.4000000;332.7500000;1630
TATN;5;20161020;153000;332.4500000;332.7500000;332.4000000;332.5000000;2810
TATN;5;20161020;153500;332.6000000;332.7500000;332.5500000;332.5500000;2710
TATN;5;20161020;154000;332.5500000;332.7500000;332.3500000;332.7500000;5520
TATN;5;20161020;154500;332.7500000;332.7500000;332.5000000;332.5500000;750
TATN;5;20161020;155000;332.6000000;332.8500000;332.6000000;332.8500000;570
TATN;5;20161020;155500;332.7500000;332.8000000;332.7500000;332.8000000;640
TATN;5;20161020;160000;332.7000000;332.9000000;332.7000000;332.8500000;1200
TATN;5;20161020;160500;332.7000000;332.8500000;332.4500000;332.4500000;9530
TATN;5;20161020;161000;332.4500000;332.6000000;332.1500000;332.4500000;4170
TATN;5;20161020;161500;332.2000000;332.3500000;332.1500000;332.2000000;1240
TATN;5;20161020;162000;332.2500000;332.5500000;332.2000000;332.5000000;4310
TATN;5;20161020;162500;332.2500000;332.5000000;332.1000000;332.1000000;2860
TATN;5;20161020;163000;332.3000000;332.5000000;332.1000000;332.4500000;3450
TATN;5;20161020;163500;332.4500000;332.8500000;332.3000000;332.6500000;9800
TATN;5;20161020;164000;332.8000000;332.8500000;332.4500000;332.6000000;3850
TATN;5;20161020;164500;332.6000000;332.7500000;332.4500000;332.6500000;6500
TATN;5;20161020;165000;332.7500000;333.4000000;332.7500000;333.2500000;14600
TATN;5;20161020;165500;333.2500000;333.4000000;333.2000000;333.2000000;3290
TATN;5;20161020;170000;333.2000000;333.2000000;333.0000000;333.0000000;18000
TATN;5;20161020;170500;332.8500000;332.8500000;332.5500000;332.7500000;1480
TATN;5;20161020;171000;332.8500000;332.9000000;332.5500000;332.6500000;2960
TATN;5;20161020;171500;332.5500000;332.5500000;332.5000000;332.5500000;2600
TATN;5;20161020;172000;332.4500000;333.1500000;332.3500000;333.0000000;119950
TATN;5;20161020;172500;333.0000000;333.0000000;330.5000000;331.6000000;297100
TATN;5;20161020;173000;331.6000000;332.6000000;331.6000000;331.8000000;88960
TATN;5;20161020;173500;331.7500000;331.8500000;331.4000000;331.5000000;3890
TATN;5;20161020;174000;331.4000000;331.8000000;331.0500000;331.8000000;11020
TATN;5;20161020;174500;331.5500000;332.1000000;331.3500000;332.0000000;8720
TATN;5;20161020;175000;331.9000000;332.1000000;331.9000000;332.1000000;1950
TATN;5;20161020;175500;332.0500000;332.2000000;331.9000000;331.9500000;2930
TATN;5;20161020;180500;332.2000000;332.2500000;332.2000000;332.2000000;750
TATN;5;20161020;181000;332.1500000;332.2000000;332.1000000;332.1000000;470
TATN;5;20161020;181500;332.0000000;332.1500000;332.0000000;332.1000000;550
TATN;5;20161020;182000;332.2000000;332.3000000;332.0000000;332.0000000;3960
TATN;5;20161020;182500;332.0000000;332.4000000;332.0000000;332.1500000;4030
TATN;5;20161020;183000;332.1000000;332.3500000;332.0000000;332.1500000;5850
TATN;5;20161020;183500;332.1500000;332.5000000;332.0000000;332.2000000;3850
TATN;5;20161020;184000;332.2000000;332.3500000;332.0000000;332.0500000;9970
TATN;5;20161020;185000;331.5000000;331.5000000;331.5000000;331.5000000;8970
TATN;5;20161021;100500;332.0500000;332.9000000;331.6000000;332.7000000;25230
TATN;5;20161021;101000;332.6500000;333.3000000;332.5000000;332.9500000;14180
TATN;5;20161021;101500;332.9000000;332.9000000;332.2000000;332.2000000;3240
TATN;5;20161021;102000;332.2000000;332.3000000;331.5500000;331.9000000;19510
TATN;5;20161021;102500;331.9000000;332.1000000;331.5000000;331.5000000;1280
TATN;5;20161021;103000;331.5000000;331.6500000;331.1500000;331.2000000;4960
TATN;5;20161021;103500;331.2000000;331.4000000;331.1500000;331.2000000;1380
TATN;5;20161021;104000;331.2000000;331.5000000;331.0000000;331.4000000;5070
TATN;5;20161021;104500;331.4000000;331.4000000;331.3000000;331.3000000;350
TATN;5;20161021;105000;331.3000000;331.3000000;331.3000000;331.3000000;220
TATN;5;20161021;105500;331.3500000;331.3500000;330.3000000;330.4000000;4000
TATN;5;20161021;110000;330.4500000;330.4500000;329.1000000;330.0500000;37870
TATN;5;20161021;110500;330.0000000;330.2000000;330.0000000;330.0500000;340
TATN;5;20161021;111000;330.0500000;330.0500000;329.9000000;329.9000000;940
TATN;5;20161021;111500;330.0000000;330.0000000;329.6000000;329.7000000;2940
TATN;5;20161021;112000;329.7000000;329.7000000;329.2500000;329.2500000;4890
TATN;5;20161021;112500;329.2500000;329.4000000;329.2500000;329.3000000;2860
TATN;5;20161021;113000;329.3000000;329.6500000;329.2500000;329.4000000;2560
TATN;5;20161021;113500;329.3500000;329.5000000;329.2500000;329.4000000;4560
TATN;5;20161021;114000;329.5500000;329.5500000;329.2500000;329.2500000;1240
TATN;5;20161021;114500;329.2500000;329.4500000;329.0000000;329.2500000;7990
TATN;5;20161021;115000;328.9500000;329.2500000;328.9500000;329.0500000;1660
TATN;5;20161021;115500;329.0000000;329.1000000;328.9000000;328.9000000;890
TATN;5;20161021;120000;328.9000000;328.9000000;328.5500000;328.6000000;5220
TATN;5;20161021;120500;328.6000000;328.6000000;328.4500000;328.5500000;4280
TATN;5;20161021;121000;328.4500000;328.5500000;328.2000000;328.2000000;1470
TATN;5;20161021;121500;328.4000000;328.8500000;328.2000000;328.8500000;1250
TATN;5;20161021;122000;328.8500000;328.9000000;328.6000000;328.9000000;1890
TATN;5;20161021;122500;328.8500000;329.0500000;328.7500000;328.7500000;1300
TATN;5;20161021;123000;328.8000000;328.8000000;328.4500000;328.4500000;1140
TATN;5;20161021;123500;328.6500000;328.6500000;328.3500000;328.4000000;610
TATN;5;20161021;124000;328.4000000;328.5500000;328.2500000;328.3500000;1090
TATN;5;20161021;124500;328.3500000;328.6000000;328.3500000;328.4500000;1630
TATN;5;20161021;125000;328.4500000;329.2500000;328.4500000;328.9500000;2190
TATN;5;20161021;125500;328.9500000;329.4000000;328.9500000;329.1500000;2390
TATN;5;20161021;130000;329.4000000;329.9000000;329.4000000;329.7500000;5610
TATN;5;20161021;130500;329.7500000;329.8000000;329.5000000;329.6500000;1860
TATN;5;20161021;131000;329.5000000;329.5000000;329.0500000;329.1000000;330
TATN;5;20161021;131500;329.1000000;329.2500000;329.0500000;329.0500000;480
TATN;5;20161021;132000;329.0500000;329.1500000;329.0000000;329.0000000;240
TATN;5;20161021;132500;328.9500000;328.9500000;328.7500000;328.7500000;520
TATN;5;20161021;133000;328.6000000;328.7000000;328.5000000;328.5000000;750
TATN;5;20161021;133500;328.5000000;329.0000000;328.5000000;329.0000000;1220
TATN;5;20161021;134000;329.0000000;329.0500000;328.7000000;328.7000000;390
TATN;5;20161021;134500;328.8000000;330.0000000;328.8000000;329.7000000;7570
TATN;5;20161021;135000;329.7500000;329.7500000;329.5500000;329.6000000;770
TATN;5;20161021;135500;329.7500000;330.0000000;329.6500000;329.6500000;900
TATN;5;20161021;140000;329.6000000;329.6000000;328.8000000;329.0000000;1380
TATN;5;20161021;140500;328.8000000;329.4000000;328.8000000;329.2500000;3260
TATN;5;20161021;141000;329.4000000;329.7000000;329.3000000;329.6500000;3170
TATN;5;20161021;141500;329.6000000;329.9500000;329.6000000;329.6000000;1400
TATN;5;20161021;142000;329.6000000;329.7000000;329.6000000;329.7000000;620
TATN;5;20161021;142500;329.7000000;329.8500000;329.6500000;329.7000000;450
TATN;5;20161021;143000;329.7500000;329.9500000;329.7500000;329.9000000;1130
TATN;5;20161021;143500;329.9500000;329.9500000;329.6500000;329.6500000;3330
TATN;5;20161021;144000;329.6500000;329.6500000;329.6000000;329.6500000;410
TATN;5;20161021;144500;329.6500000;329.7500000;329.5000000;329.5000000;2470
TATN;5;20161021;145000;329.6000000;329.6000000;329.5000000;329.5000000;300
TATN;5;20161021;145500;329.5000000;329.5000000;329.3000000;329.3000000;400
TATN;5;20161021;150000;329.5500000;329.6500000;329.3000000;329.6500000;290
TATN;5;20161021;150500;329.3000000;329.3000000;329.3000000;329.3000000;1070
TATN;5;20161021;151000;329.4000000;329.4000000;328.5500000;328.8500000;6720
TATN;5;20161021;151500;328.9500000;328.9500000;328.9500000;328.9500000;110
TATN;5;20161021;152000;328.8500000;328.9000000;328.3000000;328.8000000;32830
TATN;5;20161021;152500;328.7000000;328.8000000;328.6000000;328.6000000;190
TATN;5;20161021;153000;328.6000000;328.6000000;328.5500000;328.6000000;330
TATN;5;20161021;153500;328.6500000;328.6500000;328.2000000;328.3000000;5490
TATN;5;20161021;154000;328.3000000;328.3000000;328.1000000;328.1500000;1890
TATN;5;20161021;154500;328.1500000;328.3000000;328.1500000;328.1500000;1460
TATN;5;20161021;155000;328.1500000;328.1500000;328.0500000;328.0500000;2880
TATN;5;20161021;155500;328.0500000;328.2000000;327.8500000;327.8500000;6690
TATN;5;20161021;160000;327.8500000;327.9500000;327.6500000;327.7000000;3670
TATN;5;20161021;160500;327.8000000;327.9500000;327.5500000;327.5500000;6700
TATN;5;20161021;161000;327.5500000;327.7000000;327.5000000;327.6000000;1600
TATN;5;20161021;161500;327.6500000;327.9000000;327.5000000;327.7000000;2300
TATN;5;20161021;162000;327.9000000;327.9000000;327.6500000;327.7500000;140
TATN;5;20161021;162500;327.9000000;328.0000000;327.7500000;327.7500000;700
TATN;5;20161021;163000;327.7500000;328.0000000;327.7500000;327.7500000;590
TATN;5;20161021;163500;327.7500000;328.6000000;327.7500000;327.7500000;14080
TATN;5;20161021;164000;327.8500000;328.5000000;327.8500000;328.5000000;5160
TATN;5;20161021;164500;328.5000000;328.8000000;328.3000000;328.8000000;4120
TATN;5;20161021;165000;328.6000000;328.9000000;328.0500000;328.1000000;10480
TATN;5;20161021;165500;328.1000000;328.8500000;328.0000000;328.2500000;3150
TATN;5;20161021;170000;328.2500000;328.8500000;328.2500000;328.4500000;140
TATN;5;20161021;170500;328.4000000;328.7500000;328.2500000;328.2500000;1350
TATN;5;20161021;171000;328.2500000;328.9000000;328.2500000;328.7500000;1030
TATN;5;20161021;171500;328.4000000;329.2500000;328.4000000;329.2000000;3440
TATN;5;20161021;172000;329.2000000;329.7500000;329.1500000;329.7000000;3590
TATN;5;20161021;172500;329.5500000;329.8000000;329.3500000;329.5500000;2500
TATN;5;20161021;173000;329.4000000;330.4000000;329.4000000;330.3000000;9150
TATN;5;20161021;173500;330.2000000;331.1000000;329.9000000;330.6000000;6680
TATN;5;20161021;174000;330.5500000;331.2000000;330.1500000;331.2000000;13210
TATN;5;20161021;174500;331.2500000;332.0000000;331.0500000;331.8000000;4580
TATN;5;20161021;175000;331.9500000;332.0000000;331.5000000;331.5000000;1680
TATN;5;20161021;175500;331.6500000;331.6500000;331.2500000;331.2500000;8040
TATN;5;20161021;180000;331.3000000;331.3500000;331.2500000;331.2500000;1080
TATN;5;20161021;180500;331.2500000;331.3000000;331.2500000;331.2500000;840
TATN;5;20161021;181000;331.2500000;331.7500000;331.2500000;331.4500000;1300
TATN;5;20161021;181500;331.4500000;331.6000000;331.3000000;331.4000000;1780
TATN;5;20161021;182000;331.3000000;331.3000000;331.2500000;331.3000000;220
TATN;5;20161021;182500;331.3000000;331.4500000;331.2500000;331.2500000;1280
TATN;5;20161021;183000;331.2500000;331.2500000;331.2500000;331.2500000;8700
TATN;5;20161021;183500;331.2500000;331.7000000;331.2500000;331.3000000;9370
TATN;5;20161021;184000;331.2500000;331.7500000;331.2500000;331.6000000;6840
TATN;5;20161021;185000;331.3000000;331.3000000;331.3000000;331.3000000;1660
TATN;5;20161024;100500;331.8000000;331.8000000;330.3500000;330.4500000;18320
TATN;5;20161024;101000;330.4500000;331.0000000;329.4500000;330.6000000;10430
TATN;5;20161024;101500;330.2500000;331.8500000;330.2500000;331.8000000;17580
TATN;5;20161024;102000;331.7000000;331.7500000;329.9500000;330.9500000;18000
TATN;5;20161024;102500;331.0000000;331.1500000;330.2500000;330.3000000;5260
TATN;5;20161024;103000;330.2000000;330.6500000;329.7500000;330.4000000;10260
TATN;5;20161024;103500;330.1500000;330.7000000;329.7500000;329.8000000;4600
TATN;5;20161024;104000;329.7500000;330.6500000;329.7500000;330.1000000;8030
TATN;5;20161024;104500;330.1000000;331.0500000;329.4500000;329.7500000;5360
TATN;5;20161024;105000;329.6000000;329.6000000;329.2000000;329.3000000;3200
TATN;5;20161024;105500;329.1000000;329.3000000;329.1000000;329.3000000;4080
TATN;5;20161024;110000;329.2500000;329.6000000;329.2500000;329.4000000;3940
TATN;5;20161024;110500;329.2500000;330.1000000;329.2500000;329.7500000;10570
TATN;5;20161024;111000;329.7500000;331.3500000;329.7500000;330.8500000;18210
TATN;5;20161024;111500;330.8500000;331.8500000;330.8500000;331.5500000;8300
TATN;5;20161024;112000;331.5500000;331.5500000;331.4500000;331.5000000;740
TATN;5;20161024;112500;331.5000000;331.6500000;331.4000000;331.5000000;4890
TATN;5;20161024;113000;331.5000000;331.5000000;331.2500000;331.2500000;3470
TATN;5;20161024;113500;331.1000000;331.7000000;330.8000000;331.4500000;10290
TATN;5;20161024;114000;331.6000000;331.8500000;331.3500000;331.5500000;9550
TATN;5;20161024;114500;331.5000000;331.6000000;331.3000000;331.4500000;3660
TATN;5;20161024;115000;331.1500000;331.4500000;331.0500000;331.2500000;710
TATN;5;20161024;115500;331.2500000;331.3500000;331.0500000;331.0500000;1480
TATN;5;20161024;120000;330.9500000;330.9500000;330.6500000;330.8500000;1290
TATN;5;20161024;120500;330.6000000;330.9500000;330.6000000;330.9500000;850
TATN;5;20161024;121000;330.9500000;330.9500000;330.6000000;330.6000000;390
TATN;5;20161024;121500;330.6000000;330.6000000;330.2000000;330.5000000;780
TATN;5;20161024;122000;330.5000000;330.5000000;329.7000000;329.8500000;1720
TATN;5;20161024;122500;329.6500000;329.7500000;329.4500000;329.5000000;1810
TATN;5;20161024;123000;329.5000000;329.7500000;329.4500000;329.7000000;1060
TATN;5;20161024;123500;329.5500000;329.8500000;329.5500000;329.8500000;1150
TATN;5;20161024;124000;329.7500000;329.7500000;329.7000000;329.7000000;110
TATN;5;20161024;124500;329.7000000;329.7000000;329.5500000;329.7000000;330
TATN;5;20161024;125000;329.5500000;329.7000000;329.4000000;329.6500000;1910
TATN;5;20161024;125500;329.6500000;329.6500000;329.4000000;329.5500000;490
TATN;5;20161024;130000;329.5500000;329.5500000;329.5500000;329.5500000;90
TATN;5;20161024;130500;329.4000000;329.8000000;329.4000000;329.7000000;850
TATN;5;20161024;131000;329.7000000;329.7500000;329.7000000;329.7500000;90
TATN;5;20161024;131500;329.7500000;329.7500000;329.4500000;329.5000000;1020
TATN;5;20161024;132000;329.6500000;329.6500000;329.3500000;329.4500000;1360
TATN;5;20161024;132500;329.4500000;329.4500000;328.6500000;328.8000000;4670
TATN;5;20161024;133000;328.8000000;328.8000000;328.4500000;328.4500000;1580
TATN;5;20161024;133500;328.3000000;328.4500000;328.2000000;328.3000000;1160
TATN;5;20161024;134000;328.1500000;328.3500000;328.1500000;328.3500000;1990
TATN;5;20161024;134500;328.1500000;328.4000000;328.1500000;328.3500000;4160
TATN;5;20161024;135000;328.3500000;328.3500000;328.3000000;328.3000000;200
TATN;5;20161024;135500;328.2500000;328.3500000;328.2000000;328.3500000;2190
TATN;5;20161024;140000;328.3500000;328.3500000;328.0000000;328.2000000;4810
TATN;5;20161024;140500;328.2000000;328.2000000;327.9000000;328.1000000;810
TATN;5;20161024;141000;328.1000000;328.1000000;327.7000000;327.8000000;9600
TATN;5;20161024;141500;327.8000000;328.2500000;327.6000000;328.2000000;24280
TATN;5;20161024;142000;328.2000000;328.3500000;328.1500000;328.1500000;5910
TATN;5;20161024;142500;328.2500000;328.5000000;328.2500000;328.3500000;4190
TATN;5;20161024;143000;328.3500000;328.3500000;327.8500000;327.9500000;1180
TATN;5;20161024;143500;327.8500000;327.8500000;327.6000000;327.8000000;10210
TATN;5;20161024;144000;327.8000000;327.9500000;327.5500000;327.9000000;4730
TATN;5;20161024;144500;327.9000000;328.0500000;327.8000000;328.0000000;1490
TATN;5;20161024;145000;328.0000000;328.0000000;327.7000000;328.0000000;1420
TATN;5;20161024;145500;328.0000000;328.2000000;328.0000000;328.2000000;460
TATN;5;20161024;150000;328.2000000;328.2000000;327.8500000;328.0500000;730
TATN;5;20161024;150500;328.0500000;328.7000000;328.0000000;328.6500000;5620
TATN;5;20161024;151000;328.6500000;328.6500000;328.4500000;328.6000000;200
TATN;5;20161024;151500;328.6000000;328.6000000;328.0000000;328.1500000;690
TATN;5;20161024;152000;328.1500000;328.2000000;328.0000000;328.2000000;290
TATN;5;20161024;152500;328.0500000;328.1000000;328.0000000;328.0500000;790
TATN;5;20161024;153000;328.0500000;328.2500000;328.0000000;328.0500000;1010
TATN;5;20161024;153500;328.0500000;328.4500000;328.0000000;328.4500000;3680
TATN;5;20161024;154000;328.5000000;328.7000000;328.4500000;328.7000000;2550
TATN;5;20161024;154500;328.7000000;328.7500000;328.4500000;328.7500000;5500
TATN;5;20161024;155000;328.8000000;329.3000000;328.7000000;329.3000000;3190
TATN;5;20161024;155500;329.3000000;329.4500000;329.2500000;329.3500000;560
TATN;5;20161024;160000;329.2500000;329.3000000;328.8500000;329.0000000;3980
TATN;5;20161024;160500;329.0000000;329.3500000;328.6500000;329.2500000;2330
TATN;5;20161024;161000;329.2000000;329.4500000;329.0000000;329.4000000;1060
TATN;5;20161024;161500;329.4000000;329.7000000;329.2500000;329.2500000;4760
TATN;5;20161024;162000;329.4500000;329.4500000;329.1000000;329.2500000;110
TATN;5;20161024;162500;329.1000000;329.9500000;328.9500000;329.9000000;2760
TATN;5;20161024;163000;329.7500000;329.7500000;329.2500000;329.7500000;3990
TATN;5;20161024;163500;329.7000000;330.0000000;329.6500000;329.9000000;2930
TATN;5;20161024;164000;329.9000000;330.2500000;329.9000000;330.1500000;7670
TATN;5;20161024;164500;330.3500000;330.4000000;329.7500000;329.7500000;6790
TATN;5;20161024;165000;329.9000000;330.2000000;329.9000000;329.9000000;6110
TATN;5;20161024;165500;329.9000000;330.5000000;329.8500000;330.1000000;12890
TATN;5;20161024;170000;330.2500000;330.5000000;330.1000000;330.4000000;9330
TATN;5;20161024;170500;330.4000000;330.4500000;330.0500000;330.0500000;2120
TATN;5;20161024;171000;330.0500000;330.2000000;329.3500000;329.5500000;7180
TATN;5;20161024;171500;329.4500000;330.6500000;329.4500000;330.5000000;11830
TATN;5;20161024;172000;330.3000000;330.3000000;329.6000000;329.7500000;12870
TATN;5;20161024;172500;329.7500000;330.4000000;329.0500000;330.1000000;24300
TATN;5;20161024;173000;329.9500000;330.2500000;329.7000000;330.0500000;11240
TATN;5;20161024;173500;330.0000000;330.3000000;329.5000000;330.3000000;9070
TATN;5;20161024;174000;330.3000000;331.3000000;330.1500000;331.2500000;29610
TATN;5;20161024;174500;331.2000000;331.2500000;330.8000000;330.9000000;2610
TATN;5;20161024;175000;330.8500000;331.1000000;330.7000000;331.0000000;2340
TATN;5;20161024;175500;330.8000000;331.0500000;330.7000000;330.7500000;2590
TATN;5;20161024;180000;330.7000000;331.4000000;330.6500000;331.4000000;10110
TATN;5;20161024;180500;331.1500000;331.3500000;331.1500000;331.3000000;270
TATN;5;20161024;181000;331.2500000;331.2500000;330.3500000;330.5500000;36560
TATN;5;20161024;181500;330.3500000;330.4500000;328.8500000;329.9000000;128300
TATN;5;20161024;182000;329.8500000;330.5000000;329.6500000;329.9500000;32310
TATN;5;20161024;182500;329.7500000;329.8500000;329.4000000;329.5000000;7030
TATN;5;20161024;183000;329.3500000;329.5000000;329.2500000;329.4500000;9920
TATN;5;20161024;183500;329.5000000;330.0000000;329.3500000;330.0000000;47910
TATN;5;20161024;184000;330.0000000;332.0000000;330.0000000;331.0000000;83360
TATN;5;20161024;185000;331.0000000;331.0000000;331.0000000;331.0000000;73060
TATN;5;20161025;100500;331.3000000;333.3000000;330.4000000;332.2000000;58270
TATN;5;20161025;101000;332.7500000;332.7500000;330.9000000;331.0500000;81940
TATN;5;20161025;101500;330.9500000;331.4500000;329.7500000;331.4500000;111030
TATN;5;20161025;102000;331.4500000;331.8500000;331.2500000;331.8500000;10690
TATN;5;20161025;102500;331.7000000;332.5000000;331.7000000;332.5000000;8660
TATN;5;20161025;103000;332.5000000;332.8500000;332.5000000;332.8500000;18150
TATN;5;20161025;103500;332.8500000;333.0000000;332.8500000;332.9000000;16880
TATN;5;20161025;104000;332.9500000;333.0000000;332.9000000;333.0000000;12300
TATN;5;20161025;104500;332.9500000;333.0000000;332.9000000;333.0000000;8060
TATN;5;20161025;105000;332.9500000;333.0000000;332.4000000;332.5000000;27250
TATN;5;20161025;105500;332.5000000;332.8500000;332.4500000;332.7000000;20250
TATN;5;20161025;110000;332.5500000;332.7000000;332.4000000;332.6000000;11020
TATN;5;20161025;110500;332.6000000;332.6000000;332.4000000;332.5500000;8980
TATN;5;20161025;111000;332.4000000;332.5500000;331.9000000;332.1000000;22390
TATN;5;20161025;111500;331.9500000;332.1000000;331.9500000;332.1000000;3500
TATN;5;20161025;112000;332.1000000;332.3000000;332.0500000;332.2000000;14220
TATN;5;20161025;112500;332.2000000;332.9500000;332.0500000;332.9500000;15200
TATN;5;20161025;113000;332.9500000;333.0000000;332.4500000;332.8500000;21710
TATN;5;20161025;113500;332.8500000;332.9000000;332.6500000;332.8500000;9300
TATN;5;20161025;114000;332.8500000;333.0000000;332.4000000;332.6500000;14120
TATN;5;20161025;114500;332.6500000;332.9000000;332.5000000;332.8500000;9770
TATN;5;20161025;115000;332.8500000;333.0000000;332.4500000;332.7500000;23680
TATN;5;20161025;115500;332.7500000;333.6500000;332.7500000;333.6000000;20290
TATN;5;20161025;120000;333.4500000;333.6500000;333.4000000;333.6000000;4950
TATN;5;20161025;120500;333.6000000;334.2000000;333.3500000;334.2000000;52720
TATN;5;20161025;121000;334.2000000;334.6000000;333.5500000;333.7500000;16530
TATN;5;20161025;121500;333.7500000;333.7500000;333.1000000;333.2000000;8500
TATN;5;20161025;122000;333.2000000;333.2000000;333.0000000;333.0000000;1880
TATN;5;20161025;122500;332.9500000;333.0000000;332.6000000;332.7500000;7810
TATN;5;20161025;123000;332.7500000;333.5000000;332.7500000;333.1000000;26050
TATN;5;20161025;123500;332.9000000;333.3500000;332.8000000;333.1000000;17340
TATN;5;20161025;124000;333.1000000;333.4000000;332.9500000;333.1000000;19400
TATN;5;20161025;124500;333.1000000;333.3000000;333.1000000;333.3000000;3430
TATN;5;20161025;125000;333.3000000;333.4500000;333.2500000;333.4000000;6270
TATN;5;20161025;125500;333.3500000;333.4500000;332.8500000;333.1000000;16390
TATN;5;20161025;130000;333.1000000;333.3000000;332.8500000;333.1000000;7240
TATN;5;20161025;130500;333.1000000;333.1500000;332.9000000;333.1500000;6780
TATN;5;20161025;131000;333.1500000;333.2500000;332.9500000;333.2500000;1910
TATN;5;20161025;131500;333.2500000;333.4500000;331.2500000;332.3000000;93400
TATN;5;20161025;132000;332.3000000;332.8000000;332.1000000;332.8000000;8110
TATN;5;20161025;132500;332.8500000;333.0000000;332.6500000;333.0000000;10910
TATN;5;20161025;133000;333.0000000;333.0000000;332.8500000;333.0000000;4690
TATN;5;20161025;133500;333.0000000;333.0000000;332.9500000;333.0000000;11950
TATN;5;20161025;134000;333.0000000;333.0000000;332.9500000;333.0000000;10320
TATN;5;20161025;134500;332.9000000;333.0000000;331.8000000;332.0000000;67150
TATN;5;20161025;135000;332.0000000;332.0000000;330.3000000;330.9500000;117030
TATN;5;20161025;135500;330.8000000;330.8500000;329.3000000;330.8500000;499410
TATN;5;20161025;140000;330.8500000;330.8500000;330.4000000;330.6500000;9870
TATN;5;20161025;140500;330.6500000;330.7000000;329.7500000;330.0000000;20380
TATN;5;20161025;141000;329.8000000;330.3000000;329.5500000;330.0000000;29920
TATN;5;20161025;141500;330.0500000;330.3000000;329.8500000;330.3000000;4780
TATN;5;20161025;142000;330.3000000;330.9000000;330.3000000;330.8500000;11610
TATN;5;20161025;142500;330.8500000;330.9000000;330.8000000;330.9000000;2090
TATN;5;20161025;143000;330.9000000;330.9000000;330.7500000;330.8500000;2870
TATN;5;20161025;143500;330.8500000;330.9500000;330.7500000;330.9000000;4330
TATN;5;20161025;144000;330.9000000;331.4500000;330.8000000;331.4000000;16660
TATN;5;20161025;144500;331.3000000;331.5000000;331.3000000;331.5000000;4150
TATN;5;20161025;145000;331.5000000;332.4500000;331.4000000;331.6000000;35430
TATN;5;20161025;145500;331.6000000;331.6000000;331.1500000;331.4500000;2100
TATN;5;20161025;150000;331.4500000;331.8500000;330.9000000;331.8500000;16130
TATN;5;20161025;150500;331.9000000;332.6000000;331.9000000;332.3500000;14230
TATN;5;20161025;151000;332.3500000;332.7000000;332.3000000;332.7000000;3090
TATN;5;20161025;151500;332.7000000;333.5000000;332.6500000;333.5000000;9440
TATN;5;20161025;152000;333.5000000;333.5500000;333.4000000;333.5500000;4220
TATN;5;20161025;152500;333.5500000;333.8000000;333.3000000;333.7500000;12690
TATN;5;20161025;153000;333.8000000;334.0000000;333.7000000;334.0000000;12380
TATN;5;20161025;153500;334.0000000;334.0000000;333.6000000;333.6000000;20940
TATN;5;20161025;154000;333.6000000;334.0500000;333.5000000;334.0500000;8850
TATN;5;20161025;154500;334.0500000;334.2000000;333.8000000;334.0000000;6840
TATN;5;20161025;155000;334.1500000;334.2500000;333.9000000;334.2500000;12490
TATN;5;20161025;155500;334.2000000;334.4000000;334.0500000;334.3500000;9130
TATN;5;20161025;160000;334.3500000;334.3500000;334.1500000;334.3500000;10090
TATN;5;20161025;160500;334.3500000;334.8000000;334.2000000;334.8000000;13050
TATN;5;20161025;161000;334.7000000;335.0500000;334.6500000;335.0500000;16530
TATN;5;20161025;161500;335.0500000;335.3500000;335.0500000;335.3500000;16040
TATN;5;20161025;162000;335.3500000;335.9000000;335.3500000;335.9000000;22510
TATN;5;20161025;162500;335.8000000;336.1500000;335.4000000;335.6000000;15180
TATN;5;20161025;163000;335.6000000;336.2000000;335.2000000;336.2000000;19080
TATN;5;20161025;163500;336.1500000;336.4500000;334.7500000;335.2000000;33130
TATN;5;20161025;164000;335.2000000;335.6000000;334.5500000;335.5500000;10520
TATN;5;20161025;164500;335.5500000;335.6000000;335.3500000;335.6000000;8560
TATN;5;20161025;165000;335.6000000;336.1000000;335.2000000;335.6000000;23510
TATN;5;20161025;165500;335.5500000;335.5500000;334.9000000;335.0500000;6790
TATN;5;20161025;170000;335.0000000;335.9000000;334.9000000;335.6500000;10560
TATN;5;20161025;170500;335.7000000;336.2000000;335.7000000;336.2000000;8690
TATN;5;20161025;171000;336.1500000;336.6500000;336.0500000;336.4000000;17010
TATN;5;20161025;171500;336.5000000;336.5500000;335.8500000;336.0500000;5150
TATN;5;20161025;172000;336.0500000;336.5000000;335.9000000;336.3500000;6010
TATN;5;20161025;172500;336.4500000;336.7500000;336.3500000;336.7000000;6730
TATN;5;20161025;173000;336.7000000;337.4500000;336.5000000;337.3500000;19270
TATN;5;20161025;173500;337.2500000;337.5000000;337.1000000;337.2000000;10260
TATN;5;20161025;174000;337.2000000;337.2000000;335.8500000;336.0500000;13550
TATN;5;20161025;174500;336.2000000;337.0000000;335.9000000;337.0000000;8060
TATN;5;20161025;175000;337.0000000;337.2500000;337.0000000;337.2000000;17280
TATN;5;20161025;175500;337.2000000;337.2500000;337.0000000;337.2000000;7590
TATN;5;20161025;180000;337.2000000;337.2000000;336.8000000;337.0000000;5920
TATN;5;20161025;180500;337.0000000;337.3500000;337.0000000;337.3500000;6800
TATN;5;20161025;181000;337.3500000;337.5500000;337.3000000;337.5500000;7320
TATN;5;20161025;181500;337.5500000;338.4000000;337.5500000;338.4000000;42750
TATN;5;20161025;182000;338.4000000;338.4000000;338.2500000;338.3500000;7540
TATN;5;20161025;182500;338.3500000;339.9500000;338.3500000;339.1500000;108260
TATN;5;20161025;183000;339.1500000;339.3500000;338.8000000;339.3000000;14080
TATN;5;20161025;183500;339.3000000;339.3000000;338.0000000;338.4500000;15740
TATN;5;20161025;184000;338.4500000;338.4500000;338.1000000;338.4500000;6860
TATN;5;20161025;185000;338.9500000;338.9500000;338.9500000;338.9500000;19160
TATN;5;20161026;100500;337.7500000;338.5000000;336.7000000;337.7000000;58450
TATN;5;20161026;101000;337.6000000;337.6000000;336.5500000;337.3500000;14730
TATN;5;20161026;101500;337.4500000;338.1000000;337.3000000;337.6000000;18950
TATN;5;20161026;102000;337.7000000;338.0500000;337.4500000;337.7000000;11410
TATN;5;20161026;102500;337.8000000;337.8000000;337.6500000;337.8000000;960
TATN;5;20161026;103000;337.8000000;337.9000000;337.5500000;337.5500000;3650
TATN;5;20161026;103500;337.7500000;337.9000000;337.7000000;337.9000000;850
TATN;5;20161026;104000;337.8500000;338.0500000;337.5500000;338.0500000;3670
TATN;5;20161026;104500;338.0500000;338.3500000;337.8500000;338.3500000;9820
TATN;5;20161026;105000;338.2500000;338.9000000;338.1500000;338.9000000;10910
TATN;5;20161026;105500;338.7000000;338.8000000;337.8000000;338.1000000;13650
TATN;5;20161026;110000;338.1000000;338.5000000;337.7500000;338.2500000;4350
TATN;5;20161026;110500;338.2500000;339.2000000;338.2500000;338.4500000;18180
TATN;5;20161026;111000;338.3000000;338.3000000;337.8000000;338.2500000;15760
TATN;5;20161026;111500;338.0000000;338.3000000;337.3500000;337.4500000;13010
TATN;5;20161026;112000;337.3000000;337.3000000;336.8500000;337.1500000;9450
TATN;5;20161026;112500;337.0000000;337.0500000;336.9000000;336.9000000;40
TATN;5;20161026;113000;337.1000000;337.2500000;336.9500000;336.9500000;1600
TATN;5;20161026;113500;337.3000000;337.4500000;337.0000000;337.2000000;80
TATN;5;20161026;114000;337.2500000;337.2500000;337.0500000;337.0500000;310
TATN;5;20161026;114500;337.2000000;337.4500000;337.1000000;337.2500000;1720
TATN;5;20161026;115000;337.1000000;337.2000000;336.8500000;336.8500000;6140
TATN;5;20161026;115500;337.0500000;337.1500000;336.4500000;336.5000000;9400
TATN;5;20161026;120000;336.5500000;336.6000000;336.3500000;336.3500000;11720
TATN;5;20161026;120500;336.3000000;336.4500000;336.1500000;336.4500000;5840
TATN;5;20161026;121000;336.2000000;336.3500000;336.1500000;336.3500000;820
TATN;5;20161026;121500;336.5000000;336.6500000;336.2000000;336.5000000;920
TATN;5;20161026;122000;336.6000000;337.0500000;336.4500000;336.8500000;4340
TATN;5;20161026;122500;336.8500000;336.9500000;336.7000000;336.8000000;5460
TATN;5;20161026;123000;336.8500000;338.0000000;336.8000000;337.1500000;19930
TATN;5;20161026;123500;337.1500000;337.4500000;336.9000000;337.4500000;6630
TATN;5;20161026;124000;337.4500000;337.4500000;336.8500000;337.0000000;3940
TATN;5;20161026;124500;337.0000000;337.9500000;337.0000000;337.5000000;13140
TATN;5;20161026;125000;337.5000000;337.7500000;336.9500000;336.9500000;3780
TATN;5;20161026;125500;336.9000000;337.1000000;336.8500000;337.0500000;3930
TATN;5;20161026;130000;336.9500000;337.3000000;336.5000000;337.2000000;12980
TATN;5;20161026;130500;337.2000000;337.8000000;337.0500000;337.5500000;10050
TATN;5;20161026;131000;337.5000000;337.7500000;337.4500000;337.7500000;750
TATN;5;20161026;131500;337.7500000;337.7500000;337.5000000;337.5000000;630
TATN;5;20161026;132000;337.5000000;337.6000000;337.5000000;337.6000000;3060
TATN;5;20161026;132500;337.4000000;337.4000000;336.9500000;337.2500000;1260
TATN;5;20161026;133000;337.2500000;337.3500000;336.9500000;337.3500000;2510
TATN;5;20161026;133500;337.1500000;337.1500000;336.6000000;336.8000000;1610
TATN;5;20161026;134000;336.8000000;336.8000000;336.5000000;336.5000000;5630
TATN;5;20161026;134500;336.5500000;336.8000000;336.5500000;336.8000000;330
TATN;5;20161026;135000;336.8000000;336.8000000;336.8000000;336.8000000;720
TATN;5;20161026;135500;336.6500000;336.6500000;336.4500000;336.5000000;1640
TATN;5;20161026;140000;336.5000000;336.5000000;336.2500000;336.5000000;3570
TATN;5;20161026;140500;336.5000000;336.6000000;336.3500000;336.6000000;410
TATN;5;20161026;141000;336.6000000;336.6000000;336.2000000;336.2000000;11620
TATN;5;20161026;141500;336.3500000;336.5000000;336.3500000;336.5000000;30
TATN;5;20161026;142000;336.2500000;336.3000000;335.5500000;335.5500000;9670
TATN;5;20161026;142500;335.8000000;335.8000000;335.1000000;335.2500000;7850
TATN;5;20161026;143000;335.2500000;335.3000000;335.1500000;335.2000000;3060
TATN;5;20161026;143500;335.2000000;336.5500000;335.1500000;336.5500000;8150
TATN;5;20161026;144000;336.6500000;336.9500000;336.6000000;336.9500000;1000
TATN;5;20161026;144500;336.9000000;336.9000000;336.7000000;336.7000000;1870
TATN;5;20161026;145000;336.5500000;336.7500000;336.4500000;336.4500000;410
TATN;5;20161026;145500;336.2500000;336.5000000;336.0500000;336.5000000;270
TATN;5;20161026;150000;336.6500000;336.8000000;336.6500000;336.8000000;2020
TATN;5;20161026;150500;336.8500000;337.2000000;336.8500000;337.0500000;4080
TATN;5;20161026;151000;337.1500000;337.1500000;337.1500000;337.1500000;20
TATN;5;20161026;151500;337.1500000;337.1500000;336.3500000;336.6500000;670
TATN;5;20161026;152000;336.5500000;336.5500000;336.4000000;336.4500000;1990
TATN;5;20161026;152500;336.3500000;336.4500000;336.2500000;336.4500000;2160
TATN;5;20161026;153000;336.4000000;336.4000000;336.4000000;336.4000000;230
TATN;5;20161026;153500;336.4000000;336.5000000;336.0500000;336.4500000;9680
TATN;5;20161026;154000;336.4500000;336.6500000;336.3000000;336.6500000;2650
TATN;5;20161026;154500;336.3000000;337.2000000;336.3000000;337.2000000;5770
TATN;5;20161026;155000;337.0000000;337.0500000;337.0000000;337.0500000;200
TATN;5;20161026;155500;337.0500000;337.2500000;337.0000000;337.2500000;640
TATN;5;20161026;160000;337.2500000;337.3500000;337.1500000;337.2500000;1480
TATN;5;20161026;160500;337.1000000;337.1000000;337.1000000;337.1000000;20
TATN;5;20161026;161000;337.0000000;337.1000000;336.8500000;337.1000000;2720
TATN;5;20161026;161500;336.7000000;337.4000000;336.7000000;337.4000000;8750
TATN;5;20161026;162000;337.2500000;337.2500000;337.0500000;337.1500000;520
TATN;5;20161026;162500;337.1000000;337.4000000;337.1000000;337.4000000;420
TATN;5;20161026;163000;337.4500000;337.4500000;337.3000000;337.3000000;40
TATN;5;20161026;163500;337.1500000;337.2000000;336.9500000;337.2000000;1870
TATN;5;20161026;164000;337.4000000;337.4000000;337.1500000;337.1500000;470
TATN;5;20161026;164500;337.4500000;337.5000000;337.2500000;337.2500000;2640
TATN;5;20161026;165000;337.3000000;337.5500000;337.1000000;337.5500000;7040
TATN;5;20161026;165500;337.5500000;337.5500000;336.8000000;336.9000000;6520
TATN;5;20161026;170000;337.0000000;337.0000000;336.4500000;336.5500000;3260
TATN;5;20161026;170500;336.5000000;336.7000000;336.1000000;336.6000000;31200
TATN;5;20161026;171000;336.4000000;336.7000000;336.1000000;336.3000000;11230
TATN;5;20161026;171500;336.3000000;336.6000000;335.7500000;336.6000000;8350
TATN;5;20161026;172000;336.6500000;336.8500000;336.0000000;336.2500000;11380
TATN;5;20161026;172500;336.4500000;336.6500000;335.8500000;336.6500000;10650
TATN;5;20161026;173000;336.7000000;337.5000000;336.4000000;336.8000000;16570
TATN;5;20161026;173500;336.8000000;338.5000000;336.8000000;338.5000000;8490
TATN;5;20161026;174000;338.5000000;338.8000000;337.4500000;338.5000000;42860
TATN;5;20161026;174500;338.7500000;338.7500000;337.2000000;337.2500000;10620
TATN;5;20161026;175000;337.0000000;338.1500000;337.0000000;337.2000000;10500
TATN;5;20161026;175500;337.1000000;337.1500000;336.4000000;336.4500000;10290
TATN;5;20161026;180000;336.4000000;336.8000000;336.1500000;336.7500000;9090
TATN;5;20161026;180500;336.6000000;336.8000000;336.2000000;336.3000000;7510
TATN;5;20161026;181000;336.3000000;337.0000000;336.1000000;336.7500000;10370
TATN;5;20161026;181500;336.8500000;336.8500000;335.7500000;335.7500000;8510
TATN;5;20161026;182000;335.8000000;337.3000000;335.5500000;336.3500000;46820
TATN;5;20161026;182500;336.5500000;336.5500000;333.5000000;335.0000000;216240
TATN;5;20161026;183000;334.9500000;335.1500000;334.7000000;334.8000000;22870
TATN;5;20161026;183500;334.6500000;335.0000000;334.0000000;334.2500000;67670
TATN;5;20161026;184000;334.2500000;334.2500000;332.9000000;333.9500000;97020
TATN;5;20161026;185000;332.6000000;332.6000000;332.6000000;332.6000000;41050
TATN;5;20161027;100500;334.4000000;334.7000000;332.7000000;334.2000000;33270
TATN;5;20161027;101000;334.3000000;334.4000000;332.0500000;332.0500000;9280
TATN;5;20161027;101500;332.0500000;333.6500000;331.9500000;333.0000000;15360
TATN;5;20161027;102000;333.1000000;334.5500000;332.9500000;334.2500000;24980
TATN;5;20161027;102500;334.1500000;334.2500000;333.9000000;333.9500000;3640
TATN;5;20161027;103000;333.9500000;334.7000000;333.9000000;334.1500000;23380
TATN;5;20161027;103500;334.2500000;334.9500000;334.0000000;334.5000000;12010
TATN;5;20161027;104000;334.5500000;334.6000000;334.2000000;334.3000000;6220
TATN;5;20161027;104500;334.1500000;334.5500000;334.1500000;334.2000000;5730
TATN;5;20161027;105000;334.3500000;334.6500000;334.0000000;334.6500000;11390
TATN;5;20161027;105500;334.4500000;334.5000000;333.8000000;334.1000000;5910
TATN;5;20161027;110000;333.9500000;334.3000000;333.8500000;334.1500000;12810
TATN;5;20161027;110500;334.0500000;334.9500000;334.0500000;334.9500000;8500
TATN;5;20161027;111000;335.0000000;335.3500000;334.6000000;334.6000000;12310
TATN;5;20161027;111500;334.6000000;334.8500000;334.5500000;334.6500000;3100
TATN;5;20161027;112000;334.8500000;334.9500000;334.0500000;334.2500000;4850
TATN;5;20161027;112500;334.1500000;334.2500000;334.0500000;334.1500000;1190
TATN;5;20161027;113000;334.1500000;334.2000000;334.0500000;334.0500000;2190
TATN;5;20161027;113500;334.0500000;334.0500000;333.8000000;333.8000000;3860
TATN;5;20161027;114000;334.0000000;334.0500000;333.2500000;333.3000000;7690
TATN;5;20161027;114500;333.5500000;333.5500000;333.1000000;333.1000000;4100
TATN;5;20161027;115000;333.1000000;333.4000000;332.7000000;333.2000000;14500
TATN;5;20161027;115500;333.2000000;333.2000000;333.0000000;333.1000000;3400
TATN;5;20161027;120000;333.1000000;333.2500000;333.0000000;333.1000000;5160
TATN;5;20161027;120500;333.1000000;333.2000000;332.8500000;332.8500000;2200
TATN;5;20161027;121000;332.8500000;332.9500000;332.7000000;332.7500000;2140
TATN;5;20161027;121500;332.6500000;333.0500000;332.5000000;332.6500000;5470
TATN;5;20161027;122000;332.6500000;333.0000000;332.6500000;333.0000000;1880
TATN;5;20161027;122500;332.9500000;333.0500000;332.8500000;333.0500000;1170
TATN;5;20161027;123000;332.8500000;333.0500000;332.8000000;333.0500000;1690
TATN;5;20161027;123500;332.8500000;332.8500000;332.8000000;332.8000000;920
TATN;5;20161027;124000;332.8000000;332.9500000;331.5500000;332.0000000;10490
TATN;5;20161027;124500;332.0000000;332.0500000;331.8000000;331.8000000;1530
TATN;5;20161027;125000;331.8000000;332.0000000;331.8000000;332.0000000;1420
TATN;5;20161027;125500;331.8000000;331.8000000;330.7500000;331.5500000;23500
TATN;5;20161027;130000;331.5500000;331.7000000;331.5500000;331.5500000;1740
TATN;5;20161027;130500;331.5500000;331.7500000;331.4000000;331.7000000;2700
TATN;5;20161027;131000;331.6500000;331.6500000;331.4000000;331.4500000;1110
TATN;5;20161027;131500;331.3000000;331.5500000;331.2000000;331.5000000;3060
TATN;5;20161027;132000;331.2500000;331.2500000;330.7500000;330.8000000;20170
TATN;5;20161027;132500;330.8000000;333.8500000;330.8000000;333.8500000;28690
TATN;5;20161027;133000;333.8500000;334.0000000;333.4000000;334.0000000;18720
TATN;5;20161027;133500;334.0500000;334.5500000;333.7500000;334.4500000;6060
TATN;5;20161027;134000;334.3500000;335.4000000;334.3500000;334.7000000;14740
TATN;5;20161027;134500;334.7000000;334.7000000;334.3000000;334.5000000;2000
TATN;5;20161027;135000;334.6000000;334.9000000;334.5000000;334.7500000;4030
TATN;5;20161027;135500;334.7500000;335.4000000;334.2000000;334.2000000;6820
TATN;5;20161027;140000;334.0500000;334.3000000;333.8000000;333.8000000;4330
TATN;5;20161027;140500;333.8000000;333.8000000;333.4500000;333.5000000;1240
TATN;5;20161027;141000;333.4000000;333.7000000;333.4000000;333.6500000;1080
TATN;5;20161027;141500;333.4000000;333.7000000;332.9500000;333.7000000;35650
TATN;5;20161027;142000;333.7500000;334.2000000;331.5000000;332.2000000;85670
TATN;5;20161027;142500;332.0500000;333.8500000;332.0500000;333.6000000;24260
TATN;5;20161027;143000;333.5000000;333.5000000;332.3500000;332.5500000;6580
TATN;5;20161027;143500;332.6000000;333.0500000;332.6000000;332.7500000;3810
TATN;5;20161027;144000;333.0000000;334.1000000;332.5000000;334.0500000;4100
TATN;5;20161027;144500;333.5000000;334.4000000;333.5000000;334.0000000;5820
TATN;5;20161027;145000;333.9000000;334.7000000;333.6000000;333.6500000;2840
TATN;5;20161027;145500;333.6500000;333.9000000;332.7000000;332.7500000;3860
TATN;5;20161027;150000;332.7500000;332.9500000;332.7000000;332.9500000;1380
TATN;5;20161027;150500;332.7000000;333.3500000;332.4000000;333.3500000;3910
TATN;5;20161027;151000;332.7500000;334.1000000;332.7000000;333.0000000;4360
TATN;5;20161027;151500;333.0000000;333.3500000;332.5500000;332.6000000;2560
TATN;5;20161027;152000;332.6000000;333.6500000;332.6000000;333.6500000;3100
TATN;5;20161027;152500;333.7000000;333.9000000;333.0500000;333.3500000;1270
TATN;5;20161027;153000;332.9000000;333.3000000;332.6500000;332.6500000;1660
TATN;5;20161027;153500;332.9500000;332.9500000;332.3500000;332.4000000;3990
TATN;5;20161027;154000;332.3500000;333.1000000;331.9500000;331.9500000;5110
TATN;5;20161027;154500;331.9500000;332.5500000;331.6000000;332.0000000;3930
TATN;5;20161027;155000;332.0000000;333.4500000;332.0000000;332.9000000;21120
TATN;5;20161027;155500;332.9000000;333.3000000;332.5000000;333.2500000;3770
TATN;5;20161027;160000;333.3000000;333.9500000;333.2000000;333.2000000;3050
TATN;5;20161027;160500;333.3500000;333.9000000;333.3500000;333.7500000;2590
TATN;5;20161027;161000;333.7500000;334.0500000;333.4500000;334.0500000;8610
TATN;5;20161027;161500;333.8000000;334.2000000;333.5000000;333.5500000;5000
TATN;5;20161027;162000;333.3000000;334.0000000;332.8500000;333.8000000;9200
TATN;5;20161027;162500;333.6000000;333.9500000;333.0500000;333.2000000;2710
TATN;5;20161027;163000;333.0500000;333.2500000;332.9000000;332.9000000;2110
TATN;5;20161027;163500;332.7000000;332.7500000;332.3000000;332.3000000;1700
TATN;5;20161027;164000;332.2000000;332.2500000;331.9500000;331.9500000;3020
TATN;5;20161027;164500;331.9500000;333.5500000;331.9500000;333.3000000;15550
TATN;5;20161027;165000;333.2000000;333.2000000;332.3000000;332.8500000;8500
TATN;5;20161027;165500;332.8000000;333.8500000;332.4500000;333.5500000;15180
TATN;5;20161027;170000;333.8000000;334.5000000;333.5500000;334.0000000;14910
TATN;5;20161027;170500;334.2000000;334.6000000;333.6500000;333.8500000;12760
TATN;5;20161027;171000;333.6500000;334.1500000;333.5500000;334.0500000;21050
TATN;5;20161027;171500;333.8500000;334.2000000;333.3000000;333.7500000;12210
TATN;5;20161027;172000;333.7500000;334.2500000;333.1500000;333.9000000;22290
TATN;5;20161027;172500;334.2500000;334.4500000;333.6000000;333.8500000;14360
TATN;5;20161027;173000;333.6500000;334.7000000;332.9500000;332.9500000;36640
TATN;5;20161027;173500;333.0500000;334.4500000;332.9000000;334.1500000;10610
TATN;5;20161027;174000;334.1000000;334.1000000;333.5000000;333.5000000;6200
TATN;5;20161027;174500;333.5000000;333.5000000;332.2500000;332.4000000;52550
TATN;5;20161027;175000;332.5000000;332.5000000;332.2500000;332.3000000;1340
TATN;5;20161027;175500;332.3500000;332.3500000;332.1500000;332.1500000;1790
TATN;5;20161027;180000;332.1000000;332.5500000;332.0000000;332.5000000;12250
TATN;5;20161027;180500;332.4000000;332.4000000;332.0500000;332.3500000;2450
TATN;5;20161027;181000;332.3500000;332.4000000;332.2000000;332.3000000;4970
TATN;5;20161027;181500;332.4000000;332.4500000;332.1000000;332.1000000;2160
TATN;5;20161027;182000;332.1000000;332.1500000;332.1000000;332.1000000;2330
TATN;5;20161027;182500;332.1000000;332.1500000;332.0000000;332.1000000;1890
TATN;5;20161027;183000;332.0500000;332.5000000;331.8500000;332.3000000;10980
TATN;5;20161027;183500;332.3000000;332.3500000;331.9000000;332.3000000;13880
TATN;5;20161027;184000;332.3000000;332.9000000;331.7500000;332.9000000;92130
TATN;5;20161027;185000;334.4500000;334.4500000;334.4500000;334.4500000;69080
TATN;5;20161028;100500;333.1500000;333.1500000;331.8000000;332.6500000;17030
TATN;5;20161028;101000;332.7000000;334.1000000;331.5500000;333.3000000;42990
TATN;5;20161028;101500;333.5500000;333.5500000;332.6000000;332.6500000;17270
TATN;5;20161028;102000;332.6500000;333.2500000;332.1000000;333.1000000;22300
TATN;5;20161028;102500;332.8500000;333.2000000;332.1500000;332.6500000;21750
TATN;5;20161028;103000;332.5500000;332.8000000;332.1500000;332.6000000;6140
TATN;5;20161028;103500;332.4500000;333.0000000;332.2500000;332.9500000;4720
TATN;5;20161028;104000;332.9000000;332.9500000;332.5000000;332.9500000;4700
TATN;5;20161028;104500;332.8000000;333.1000000;332.6000000;332.9500000;2920
TATN;5;20161028;105000;332.9000000;333.0500000;332.3500000;332.8500000;5180
TATN;5;20161028;105500;332.8500000;332.9000000;332.4500000;332.7000000;2690
TATN;5;20161028;110000;332.6500000;332.9500000;332.3000000;332.7000000;2580
TATN;5;20161028;110500;332.7000000;333.4000000;332.3500000;333.3500000;2780
TATN;5;20161028;111000;333.0500000;334.1000000;332.9500000;334.0000000;13940
TATN;5;20161028;111500;334.1000000;334.2500000;333.4500000;333.4500000;9000
TATN;5;20161028;112000;333.4000000;333.8000000;333.2000000;333.7500000;6290
TATN;5;20161028;112500;333.8000000;334.4500000;333.8000000;333.9500000;4040
TATN;5;20161028;113000;334.0500000;334.1000000;333.9500000;334.1000000;1490
TATN;5;20161028;113500;334.3500000;334.3500000;334.1000000;334.1000000;710
TATN;5;20161028;114000;334.1000000;334.1500000;333.6000000;334.1500000;7120
TATN;5;20161028;114500;334.0000000;334.0000000;333.5500000;333.7000000;1710
TATN;5;20161028;115000;333.9000000;334.5000000;333.8500000;334.0000000;2470
TATN;5;20161028;115500;334.0000000;334.3500000;333.7000000;333.7000000;1500
TATN;5;20161028;120000;334.0000000;334.0500000;333.7000000;333.9500000;3880
TATN;5;20161028;120500;333.7000000;333.7500000;333.1000000;333.7500000;2220
TATN;5;20161028;121000;333.9500000;334.3500000;333.8500000;334.3000000;15250
TATN;5;20161028;121500;334.1000000;334.3000000;334.0500000;334.3000000;2020
TATN;5;20161028;122000;334.3000000;334.9000000;334.2500000;334.9000000;5320
TATN;5;20161028;122500;334.9000000;334.9500000;334.8000000;334.9500000;5580
TATN;5;20161028;123000;334.9500000;335.4000000;334.8500000;335.0500000;5940
TATN;5;20161028;123500;335.2500000;335.3000000;334.8500000;335.2500000;1790
TATN;5;20161028;124000;335.1000000;335.1000000;334.7000000;334.7000000;1250
TATN;5;20161028;124500;334.7000000;334.9500000;334.7000000;334.8000000;520
TATN;5;20161028;125500;335.1000000;335.7000000;335.1000000;335.5000000;10130
TATN;5;20161028;130000;335.3500000;335.9000000;335.3500000;335.9000000;2140
TATN;5;20161028;130500;335.8000000;335.9500000;335.6000000;335.6000000;1130
TATN;5;20161028;131000;335.5000000;335.5000000;335.5000000;335.5000000;20
TATN;5;20161028;131500;335.5000000;335.6500000;335.1000000;335.6500000;4070
TATN;5;20161028;132000;335.7500000;335.7500000;335.5500000;335.5500000;300
TATN;5;20161028;132500;335.8500000;336.7000000;335.8500000;336.0000000;9290
TATN;5;20161028;133000;336.1000000;336.1000000;335.9000000;335.9000000;1020
TATN;5;20161028;133500;335.6000000;335.7000000;335.6000000;335.6000000;40
TATN;5;20161028;134000;335.4500000;335.6000000;335.4500000;335.6000000;410
TATN;5;20161028;134500;335.4000000;335.5000000;335.1000000;335.5000000;860
TATN;5;20161028;135000;335.4500000;336.0500000;335.2000000;335.4500000;740
TATN;5;20161028;135500;335.6500000;336.5000000;335.6000000;335.8000000;1180
TATN;5;20161028;140000;336.1500000;336.1500000;336.1000000;336.1000000;130
TATN;5;20161028;141000;336.5000000;337.2500000;336.5000000;337.2500000;12220
TATN;5;20161028;141500;337.2500000;337.3500000;336.5500000;336.6000000;3050
TATN;5;20161028;142000;336.5000000;336.7000000;336.2000000;336.5000000;2720
TATN;5;20161028;142500;336.5500000;336.7500000;336.5000000;336.7000000;1240
TATN;5;20161028;143000;336.5000000;336.7000000;336.4500000;336.4500000;620
TATN;5;20161028;143500;336.4500000;336.5500000;336.4500000;336.5500000;120
TATN;5;20161028;144000;336.4500000;336.6500000;336.2500000;336.2500000;590
TATN;5;20161028;144500;336.2500000;336.3500000;336.0500000;336.0500000;1850
TATN;5;20161028;145000;336.0500000;336.0500000;335.6500000;335.7500000;2500
TATN;5;20161028;145500;335.8000000;335.8000000;335.6500000;335.6500000;1540
TATN;5;20161028;150000;335.9500000;336.0000000;335.7500000;335.7500000;590
TATN;5;20161028;150500;335.8000000;335.8000000;335.8000000;335.8000000;200
TATN;5;20161028;151000;335.8500000;335.9500000;335.8500000;335.9500000;40
TATN;5;20161028;151500;335.9500000;336.3000000;335.8000000;336.3000000;1520
TATN;5;20161028;152000;336.5000000;336.5000000;336.3500000;336.4000000;170
TATN;5;20161028;152500;336.4000000;336.4000000;335.9000000;336.0500000;710
TATN;5;20161028;153000;335.9000000;336.1000000;335.5000000;335.9000000;1350
TATN;5;20161028;153500;335.9000000;336.7500000;335.6500000;336.7500000;5070
TATN;5;20161028;154000;336.7000000;337.0000000;336.2500000;336.5500000;7200
TATN;5;20161028;154500;336.4000000;337.2000000;336.4000000;337.2000000;6140
TATN;5;20161028;155000;337.2000000;337.2500000;336.5000000;337.0000000;7420
TATN;5;20161028;155500;337.0000000;337.0000000;336.7500000;336.8500000;1260
TATN;5;20161028;160000;336.6500000;337.0000000;336.5500000;337.0000000;3920
TATN;5;20161028;160500;337.0000000;337.2500000;336.5000000;336.5000000;2990
TATN;5;20161028;161000;336.6000000;336.8000000;336.6000000;336.8000000;990
TATN;5;20161028;161500;336.9500000;337.2500000;336.7500000;336.7500000;1850
TATN;5;20161028;162000;336.7000000;337.0000000;336.5500000;337.0000000;2680
TATN;5;20161028;162500;337.0000000;337.0000000;336.2000000;336.4000000;4020
TATN;5;20161028;163000;336.8000000;336.8500000;336.3000000;336.7500000;2930
TATN;5;20161028;163500;336.6000000;336.6000000;335.9500000;335.9500000;1480
TATN;5;20161028;164000;336.3500000;336.8000000;336.3500000;336.5500000;2790
TATN;5;20161028;164500;336.1500000;336.1500000;336.1500000;336.1500000;10
TATN;5;20161028;165000;336.3000000;336.3000000;336.0500000;336.0500000;640
TATN;5;20161028;165500;336.2000000;336.4000000;336.1500000;336.4000000;1530
TATN;5;20161028;170000;336.5000000;336.5000000;335.7000000;335.7000000;5610
TATN;5;20161028;170500;335.8000000;336.5500000;335.5000000;335.5000000;11660
TATN;5;20161028;171000;335.5500000;335.6000000;335.3500000;335.3500000;1190
TATN;5;20161028;171500;335.3500000;336.3500000;335.3500000;336.3500000;10570
TATN;5;20161028;172000;336.1000000;336.4000000;335.8500000;336.2000000;4450
TATN;5;20161028;172500;336.0000000;336.2000000;336.0000000;336.2000000;1120
TATN;5;20161028;173000;336.5000000;337.1000000;336.4500000;336.7000000;9160
TATN;5;20161028;173500;336.6000000;337.0000000;336.3500000;337.0000000;4610
TATN;5;20161028;174000;337.1000000;337.2500000;336.7000000;337.0000000;6290
TATN;5;20161028;174500;336.8000000;336.8000000;336.2500000;336.7000000;3860
TATN;5;20161028;175000;336.3000000;336.7000000;336.2000000;336.5500000;4340
TATN;5;20161028;175500;336.7500000;336.7500000;336.2000000;336.2000000;1700
TATN;5;20161028;180000;336.5500000;336.7000000;336.3500000;336.4000000;2920
TATN;5;20161028;180500;336.4000000;336.4000000;336.4000000;336.4000000;140
TATN;5;20161028;181000;336.4500000;336.4500000;336.4500000;336.4500000;90
TATN;5;20161028;181500;336.4500000;336.9500000;336.4500000;336.6500000;2810
TATN;5;20161028;182000;337.0000000;337.3500000;337.0000000;337.1000000;6210
TATN;5;20161028;182500;337.1000000;337.1000000;337.1000000;337.1000000;10
TATN;5;20161028;183000;337.1000000;337.3500000;337.1000000;337.3000000;1700
TATN;5;20161028;183500;337.1500000;337.1500000;336.4500000;336.7500000;11780
TATN;5;20161028;184000;336.7500000;337.5000000;336.0500000;337.4500000;15130
TATN;5;20161028;185000;338.4000000;338.4000000;338.4000000;338.4000000;99570
TATN;5;20161031;100500;336.5500000;337.0500000;335.9000000;336.0500000;32390
TATN;5;20161031;101000;336.0500000;336.2500000;335.9000000;335.9500000;11420
TATN;5;20161031;101500;336.0000000;336.3000000;336.0000000;336.0500000;6180
TATN;5;20161031;102000;336.0500000;336.0500000;335.4500000;335.5000000;6550
TATN;5;20161031;102500;335.5000000;335.8000000;335.5000000;335.5000000;2190
TATN;5;20161031;103000;335.5000000;335.6000000;335.2500000;335.3000000;1970
TATN;5;20161031;103500;335.3000000;335.6500000;335.2000000;335.6500000;2600
TATN;5;20161031;104000;335.5000000;335.5000000;335.1000000;335.1000000;790
TATN;5;20161031;104500;335.4500000;335.4500000;335.1000000;335.1000000;1340
TATN;5;20161031;105000;335.4500000;335.5000000;335.2000000;335.2000000;710
TATN;5;20161031;105500;335.2000000;335.3000000;334.8000000;334.9000000;5910
TATN;5;20161031;110000;334.9000000;335.0500000;334.8500000;334.9000000;1600
TATN;5;20161031;110500;334.8000000;335.5500000;334.5500000;335.5500000;20640
TATN;5;20161031;111000;335.7000000;336.4000000;335.4000000;336.0500000;18890
TATN;5;20161031;111500;336.1000000;336.8500000;336.0500000;336.8000000;8560
TATN;5;20161031;112000;336.8000000;337.7500000;336.6500000;337.3500000;18590
TATN;5;20161031;112500;337.3500000;337.4500000;337.0000000;337.2000000;14740
TATN;5;20161031;113000;337.2000000;337.5000000;337.1000000;337.3500000;5530
TATN;5;20161031;113500;337.4500000;337.6000000;337.3000000;337.3500000;4860
TATN;5;20161031;114000;337.5000000;337.9500000;337.1500000;337.9000000;9280
TATN;5;20161031;114500;337.9000000;338.3500000;337.8500000;338.0000000;15050
TATN;5;20161031;115000;338.2000000;338.3500000;337.8500000;337.8500000;6120
TATN;5;20161031;115500;338.1500000;338.2500000;338.0000000;338.2500000;3680
TATN;5;20161031;120000;338.2500000;338.3500000;338.0000000;338.0500000;5840
TATN;5;20161031;120500;338.0500000;338.3000000;338.0000000;338.2000000;14400
TATN;5;20161031;121000;338.0500000;338.4500000;338.0000000;338.4000000;9900
TATN;5;20161031;121500;338.4000000;338.4500000;338.0500000;338.4000000;2700
TATN;5;20161031;122000;338.3000000;338.6500000;338.2500000;338.5000000;8810
TATN;5;20161031;122500;338.5500000;338.6500000;338.1000000;338.1000000;7100
TATN;5;20161031;123000;338.1000000;338.4500000;338.0500000;338.4000000;2930
TATN;5;20161031;123500;338.3000000;338.6000000;338.1000000;338.6000000;3480
TATN;5;20161031;124000;338.6000000;338.6000000;338.4500000;338.4500000;1050
TATN;5;20161031;124500;338.4000000;338.6500000;338.3000000;338.6500000;4630
TATN;5;20161031;125000;338.4000000;338.7000000;338.2000000;338.7000000;3620
TATN;5;20161031;125500;338.5500000;338.6000000;338.5500000;338.6000000;210
TATN;5;20161031;130000;338.6000000;338.6000000;338.6000000;338.6000000;150
TATN;5;20161031;130500;338.6000000;338.6000000;338.3000000;338.3000000;3230
TATN;5;20161031;131000;338.2000000;338.6000000;338.1500000;338.6000000;2560
TATN;5;20161031;131500;338.4500000;338.8500000;338.3500000;338.5500000;10810
TATN;5;20161031;132000;338.5000000;338.9500000;338.5000000;338.8000000;16780
TATN;5;20161031;132500;339.0000000;339.1000000;338.8000000;339.1000000;17820
TATN;5;20161031;133000;339.1000000;339.7500000;338.9000000;339.7500000;15040
TATN;5;20161031;133500;339.7500000;340.0000000;339.6000000;339.7500000;11780
TATN;5;20161031;134000;339.7500000;339.8500000;339.6000000;339.8500000;3390
TATN;5;20161031;134500;339.8500000;340.0000000;339.6000000;339.7500000;14900
TATN;5;20161031;135000;339.9000000;340.2500000;339.9000000;340.2000000;8300
TATN;5;20161031;135500;340.2000000;340.3500000;339.9500000;340.3500000;17380
TATN;5;20161031;140000;340.4000000;340.7000000;340.0500000;340.7000000;18150
TATN;5;20161031;140500;340.7000000;342.5500000;340.7000000;342.4500000;50680
TATN;5;20161031;141000;342.2000000;342.5000000;342.0500000;342.2000000;6590
TATN;5;20161031;141500;342.3000000;342.4000000;342.0500000;342.1000000;11280
TATN;5;20161031;142000;342.1000000;342.4500000;342.1000000;342.4000000;8160
TATN;5;20161031;142500;342.4500000;342.7000000;342.3000000;342.7000000;12530
TATN;5;20161031;143000;342.7000000;343.3000000;342.7000000;343.2000000;13600
TATN;5;20161031;143500;343.2000000;343.2000000;342.7500000;342.7500000;7100
TATN;5;20161031;144000;342.9000000;342.9500000;342.5000000;342.8000000;9230
TATN;5;20161031;144500;342.5500000;343.6500000;342.5000000;343.2500000;23760
TATN;5;20161031;145000;343.2500000;344.9000000;343.2500000;344.6500000;49700
TATN;5;20161031;145500;344.4000000;345.4500000;344.3500000;345.1500000;27570
TATN;5;20161031;150000;344.8500000;345.4500000;344.8500000;345.3000000;7090
TATN;5;20161031;150500;345.3500000;345.3500000;343.8500000;344.3500000;54780
TATN;5;20161031;151000;344.1500000;344.6500000;344.0500000;344.6500000;21690
TATN;5;20161031;151500;344.6500000;344.8000000;344.4500000;344.7000000;6530
TATN;5;20161031;152000;344.9500000;345.1000000;344.6500000;344.9500000;13790
TATN;5;20161031;152500;345.0000000;345.3000000;344.9000000;345.3000000;10430
TATN;5;20161031;153000;345.2500000;345.3000000;344.8000000;344.9500000;12860
TATN;5;20161031;153500;344.8000000;344.9500000;344.5500000;344.5500000;7860
TATN;5;20161031;154000;344.8000000;345.0000000;344.8000000;344.9500000;5330
TATN;5;20161031;154500;344.9500000;345.7000000;344.9000000;345.6000000;13040
TATN;5;20161031;155000;345.6000000;345.7500000;345.2000000;345.7000000;11160
TATN;5;20161031;155500;345.7000000;346.2000000;345.6000000;346.0000000;21730
TATN;5;20161031;160000;346.0000000;346.9000000;345.6000000;346.8000000;21920
TATN;5;20161031;160500;346.7500000;346.9500000;346.6000000;346.9500000;11370
TATN;5;20161031;161000;346.9500000;347.6500000;346.9000000;347.5500000;20800
TATN;5;20161031;161500;347.6500000;347.7000000;347.4500000;347.5500000;7430
TATN;5;20161031;162000;347.7000000;347.7500000;347.4000000;347.5000000;10000
TATN;5;20161031;162500;347.6500000;348.1500000;347.5000000;348.1500000;15690
TATN;5;20161031;163000;348.1500000;348.8500000;348.0000000;348.7500000;21380
TATN;5;20161031;163500;348.7500000;349.4500000;348.6500000;349.3500000;26970
TATN;5;20161031;164000;349.3500000;350.9500000;349.2000000;350.5000000;96550
TATN;5;20161031;164500;350.6500000;351.3000000;350.4000000;351.3000000;54430
TATN;5;20161031;165000;351.3000000;352.2000000;350.9500000;351.5000000;42180
TATN;5;20161031;165500;351.6500000;352.4500000;351.1000000;352.2000000;33940
TATN;5;20161031;170000;352.2000000;352.2500000;351.8000000;352.1000000;29520
TATN;5;20161031;170500;352.1000000;352.7000000;352.1000000;352.5500000;39090
TATN;5;20161031;171000;352.5500000;352.5500000;352.1000000;352.2000000;11280
TATN;5;20161031;171500;352.4500000;352.4500000;351.2500000;351.6000000;56770
TATN;5;20161031;172000;351.6000000;351.6500000;349.7500000;350.3000000;111130
TATN;5;20161031;172500;350.5000000;352.1500000;350.1000000;352.0000000;126380
TATN;5;20161031;173000;351.9000000;352.3500000;351.6000000;351.7000000;17980
TATN;5;20161031;173500;352.0500000;352.4000000;351.5500000;351.5500000;19900
TATN;5;20161031;174000;351.7000000;352.2000000;351.7000000;352.2000000;15540
TATN;5;20161031;174500;352.0000000;352.3500000;351.8500000;352.3500000;7080
TATN;5;20161031;175000;352.3000000;352.5500000;352.0500000;352.2000000;15460
TATN;5;20161031;175500;352.2000000;352.7500000;352.0000000;352.6000000;66350
TATN;5;20161031;180000;352.7500000;352.9000000;351.8500000;352.4500000;48710
TATN;5;20161031;180500;352.5500000;352.8000000;352.4500000;352.7500000;40200
TATN;5;20161031;181000;352.7500000;352.9000000;352.2500000;352.8000000;49180
TATN;5;20161031;181500;352.9000000;353.6500000;352.9000000;353.0000000;126360
TATN;5;20161031;182000;353.0000000;353.5500000;353.0000000;353.2500000;30430
TATN;5;20161031;182500;353.2500000;353.3500000;353.0000000;353.0000000;48710
TATN;5;20161031;183000;353.0000000;353.7000000;353.0000000;353.5000000;52370
TATN;5;20161031;183500;353.3500000;353.8000000;353.2000000;353.5500000;33610
TATN;5;20161031;184000;353.4000000;354.9000000;353.0000000;354.9000000;118390
TATN;5;20161031;185000;355.0000000;355.0000000;355.0000000;355.0000000;148890
TATN;5;20161101;100500;354.8500000;358.0000000;354.5500000;357.7500000;146190
TATN;5;20161101;101000;357.7500000;359.5500000;357.0000000;358.2500000;120620
TATN;5;20161101;101500;358.2000000;358.6500000;357.0500000;357.9000000;70290
TATN;5;20161101;102000;357.9000000;358.0000000;356.8500000;357.3500000;37820
TATN;5;20161101;102500;357.4500000;358.0000000;357.2000000;357.9000000;34920
TATN;5;20161101;103000;357.9000000;358.0000000;357.5000000;357.5000000;38490
TATN;5;20161101;103500;357.5500000;357.9000000;357.5500000;357.8000000;2520
TATN;5;20161101;104000;357.7500000;357.9000000;357.5500000;357.5500000;10480
TATN;5;20161101;104500;357.6000000;357.9500000;357.5500000;357.7000000;24840
TATN;5;20161101;105000;357.7000000;357.7000000;356.7500000;357.0000000;33070
TATN;5;20161101;105500;357.0000000;357.0000000;356.5000000;356.7000000;8750
TATN;5;20161101;110000;356.6500000;357.0000000;356.5000000;356.9500000;15020
TATN;5;20161101;110500;357.0000000;357.1500000;356.0000000;356.0000000;69600
TATN;5;20161101;111000;356.0000000;356.0500000;355.3000000;355.6500000;26140
TATN;5;20161101;111500;355.5000000;356.4000000;355.2500000;355.5000000;27680
TATN;5;20161101;112000;355.3000000;355.7500000;354.7500000;355.4500000;38880
TATN;5;20161101;112500;355.4500000;355.5500000;354.6500000;354.6500000;14100
TATN;5;20161101;113000;354.7500000;355.1000000;354.3500000;354.5000000;18200
TATN;5;20161101;113500;354.5000000;354.9000000;354.4000000;354.9000000;14720
TATN;5;20161101;114000;354.7000000;355.8500000;354.6000000;355.4500000;12970
TATN;5;20161101;114500;355.2500000;355.7500000;355.0000000;355.0000000;15250
TATN;5;20161101;115000;355.0000000;355.3000000;354.8000000;355.1500000;50390
TATN;5;20161101;115500;355.1000000;355.8000000;354.8500000;355.7000000;56960
TATN;5;20161101;120000;355.8500000;356.4000000;355.5000000;356.1500000;13230
TATN;5;20161101;120500;356.4000000;356.6000000;355.4000000;355.4000000;14120
TATN;5;20161101;121000;355.5000000;355.6000000;355.0000000;355.0000000;11140
TATN;5;20161101;121500;355.0000000;355.4500000;355.0000000;355.3500000;9500
TATN;5;20161101;122000;355.2000000;355.2500000;354.6500000;355.0500000;10090
TATN;5;20161101;122500;355.1500000;355.4000000;355.0500000;355.4000000;5630
TATN;5;20161101;123000;355.2000000;355.7000000;354.9500000;355.7000000;7780
TATN;5;20161101;123500;355.7000000;355.7500000;355.6500000;355.7000000;2670
TATN;5;20161101;124000;355.6500000;355.7000000;355.5000000;355.5000000;2940
TATN;5;20161101;124500;355.7000000;355.7000000;355.2500000;355.2500000;5140
TATN;5;20161101;125000;355.2500000;355.9000000;355.2500000;355.9000000;9060
TATN;5;20161101;125500;355.9000000;356.2000000;355.7500000;356.2000000;3880
TATN;5;20161101;130000;356.2500000;356.5000000;356.2000000;356.5000000;3040
TATN;5;20161101;130500;356.5000000;357.2500000;356.5000000;357.1000000;10280
TATN;5;20161101;131000;357.2000000;357.5000000;357.1000000;357.5000000;8760
TATN;5;20161101;131500;357.5000000;357.5000000;356.8000000;356.8500000;18670
TATN;5;20161101;132000;357.0500000;357.4000000;356.8500000;357.4000000;1760
TATN;5;20161101;132500;357.4000000;357.4500000;357.1000000;357.4000000;3600
TATN;5;20161101;133000;357.4000000;357.5000000;357.2500000;357.4500000;15410
TATN;5;20161101;133500;357.3000000;357.5000000;357.2500000;357.4000000;15430
TATN;5;20161101;134000;357.4000000;357.5000000;357.1500000;357.3500000;5570
TATN;5;20161101;134500;357.3500000;357.3500000;356.1500000;356.7500000;15970
TATN;5;20161101;135000;356.8000000;357.2000000;356.8000000;357.2000000;1450
TATN;5;20161101;135500;357.0500000;357.2500000;357.0000000;357.0000000;2200
TATN;5;20161101;140000;357.2500000;357.3000000;356.5000000;357.0000000;18890
TATN;5;20161101;140500;356.5500000;356.9500000;356.3000000;356.9500000;14730
TATN;5;20161101;141000;356.9500000;357.0000000;356.4000000;356.4000000;12210
TATN;5;20161101;141500;356.6000000;356.7000000;355.7500000;355.8500000;13000
TATN;5;20161101;142000;355.7500000;356.9000000;355.7500000;356.1500000;11080
TATN;5;20161101;142500;356.1500000;356.7000000;356.1500000;356.7000000;2290
TATN;5;20161101;143000;356.7000000;356.7000000;356.0000000;356.3000000;9160
TATN;5;20161101;143500;356.0500000;356.3500000;355.8000000;356.3500000;15630
TATN;5;20161101;144000;356.3500000;356.5500000;356.2000000;356.3000000;1960
TATN;5;20161101;144500;356.5000000;356.5000000;355.8500000;355.8500000;3970
TATN;5;20161101;145000;356.0500000;356.2000000;355.8500000;356.1500000;5310
TATN;5;20161101;145500;356.1500000;356.3000000;355.7500000;355.7500000;4410
TATN;5;20161101;150000;355.8500000;356.2000000;355.8500000;356.1500000;2630
TATN;5;20161101;150500;356.1500000;356.6500000;356.1000000;356.6500000;6010
TATN;5;20161101;151000;356.4000000;356.9000000;356.3500000;356.9000000;4780
TATN;5;20161101;151500;356.8000000;356.8000000;356.0500000;356.4500000;6350
TATN;5;20161101;152000;356.3500000;356.8500000;356.3500000;356.8500000;3200
TATN;5;20161101;152500;356.8500000;356.9000000;356.1000000;356.1000000;7320
TATN;5;20161101;153000;356.2500000;356.4500000;356.1000000;356.4500000;7750
TATN;5;20161101;153500;356.4000000;356.7500000;356.4000000;356.7500000;2470
TATN;5;20161101;154000;356.7500000;356.8500000;356.6000000;356.6000000;3240
TATN;5;20161101;154500;356.5500000;356.6500000;356.0000000;356.3000000;15910
TATN;5;20161101;155000;356.1500000;356.3500000;355.7500000;355.8500000;8190
TATN;5;20161101;155500;355.8500000;356.4500000;355.7500000;356.3500000;20850
TATN;5;20161101;160000;356.3000000;356.3500000;356.1500000;356.3500000;12370
TATN;5;20161101;160500;356.2500000;356.4500000;356.0000000;356.2500000;48010
TATN;5;20161101;161000;356.2500000;356.3500000;356.0500000;356.1500000;27160
TATN;5;20161101;161500;356.1000000;356.7500000;356.0000000;356.6500000;40410
TATN;5;20161101;162000;356.6500000;357.3000000;356.6000000;357.3000000;15030
TATN;5;20161101;162500;357.2500000;357.4000000;356.8500000;357.0500000;17980
TATN;5;20161101;163000;357.0500000;357.3000000;356.9000000;357.3000000;5970
TATN;5;20161101;163500;357.3500000;357.4500000;357.0500000;357.3000000;6200
TATN;5;20161101;164000;357.3000000;357.5000000;356.3500000;356.8500000;23640
TATN;5;20161101;164500;356.9000000;357.3000000;356.3000000;356.9500000;15200
TATN;5;20161101;165000;357.0000000;357.1000000;356.4000000;356.6500000;11110
TATN;5;20161101;165500;356.6500000;357.2000000;356.5000000;357.2000000;15870
TATN;5;20161101;170000;357.2000000;357.3500000;356.7500000;357.3500000;37920
TATN;5;20161101;170500;357.1000000;357.3500000;356.8000000;357.1500000;10000
TATN;5;20161101;171000;357.1500000;357.4500000;357.1500000;357.4500000;3460
TATN;5;20161101;171500;357.4500000;357.5000000;357.3500000;357.4000000;11420
TATN;5;20161101;172000;357.4000000;357.5000000;357.3500000;357.5000000;4880
TATN;5;20161101;172500;357.4500000;357.5000000;357.2000000;357.3500000;55070
TATN;5;20161101;173000;357.3000000;357.5000000;357.2500000;357.5000000;19580
TATN;5;20161101;173500;357.4500000;358.0000000;357.4500000;358.0000000;74990
TATN;5;20161101;174000;357.9500000;358.5000000;357.9500000;358.4000000;43200
TATN;5;20161101;174500;358.4000000;358.5000000;358.3500000;358.5000000;21690
TATN;5;20161101;175000;358.5000000;358.5000000;358.2000000;358.5000000;33750
TATN;5;20161101;175500;358.4500000;358.4500000;358.0000000;358.3500000;29270
TATN;5;20161101;180000;358.3500000;359.2500000;358.1500000;359.2500000;73410
TATN;5;20161101;180500;359.2500000;359.8500000;359.2000000;359.7500000;33020
TATN;5;20161101;181000;359.7000000;359.8000000;359.2500000;359.3500000;12450
TATN;5;20161101;181500;359.5000000;359.9500000;359.3500000;359.5500000;40140
TATN;5;20161101;182000;359.6000000;359.9500000;359.4500000;359.8000000;23060
TATN;5;20161101;182500;359.8000000;361.3500000;359.7000000;361.3000000;49190
TATN;5;20161101;183000;361.3500000;362.9500000;361.2000000;362.9500000;84640
TATN;5;20161101;183500;362.9000000;363.6000000;361.7500000;361.7500000;94590
TATN;5;20161101;184000;361.8000000;362.8500000;361.2000000;361.8500000;46340
TATN;5;20161101;185000;362.5500000;362.5500000;362.5500000;362.5500000;76060
TATN;5;20161102;100500;361.3500000;361.9000000;360.7000000;361.0000000;14660
TATN;5;20161102;101000;361.0000000;361.5500000;360.2500000;360.6500000;19920
TATN;5;20161102;101500;360.7000000;360.9000000;360.0500000;360.4500000;10940
TATN;5;20161102;102000;360.5000000;360.6500000;359.0000000;359.3000000;26210
TATN;5;20161102;102500;359.0500000;359.4500000;359.0000000;359.0500000;6420
TATN;5;20161102;103000;359.0500000;359.2000000;358.3500000;358.5000000;12030
TATN;5;20161102;103500;358.5000000;358.6500000;357.9500000;358.3500000;8550
TATN;5;20161102;104000;358.3500000;358.6000000;358.1500000;358.5000000;2500
TATN;5;20161102;104500;358.2500000;359.8000000;358.2000000;359.1500000;20590
TATN;5;20161102;105000;359.1500000;359.2500000;358.4500000;358.5000000;4960
TATN;5;20161102;105500;358.5000000;358.5500000;358.0500000;358.3500000;1870
TATN;5;20161102;110000;358.1000000;358.3500000;357.8000000;358.1000000;5590
TATN;5;20161102;110500;358.1000000;358.6500000;357.8000000;357.8000000;6790
TATN;5;20161102;111000;357.8000000;358.1000000;357.6500000;357.7000000;5820
TATN;5;20161102;111500;357.7000000;357.8500000;357.5000000;357.8500000;3340
TATN;5;20161102;112000;357.5000000;357.8500000;356.9000000;357.0500000;7300
TATN;5;20161102;112500;357.2000000;357.3000000;356.8000000;357.0000000;4730
TATN;5;20161102;113000;357.2500000;357.3000000;355.5000000;355.7500000;39210
TATN;5;20161102;113500;356.0000000;357.2000000;355.7500000;356.1500000;22260
TATN;5;20161102;114000;355.8500000;356.1500000;355.5500000;356.0500000;7830
TATN;5;20161102;114500;355.7000000;356.4500000;355.6000000;356.2500000;8870
TATN;5;20161102;115000;356.2500000;357.1000000;355.9000000;357.1000000;6880
TATN;5;20161102;115500;356.8000000;357.3000000;356.0500000;356.5500000;11390
TATN;5;20161102;120000;356.3500000;356.7000000;356.2000000;356.6000000;8240
TATN;5;20161102;120500;356.3000000;356.5500000;356.0000000;356.2500000;7970
TATN;5;20161102;121000;356.4000000;357.0000000;356.4000000;357.0000000;5590
TATN;5;20161102;121500;356.7000000;357.5000000;356.5000000;357.4000000;7150
TATN;5;20161102;122000;357.5000000;359.9500000;357.2500000;357.9000000;48700
TATN;5;20161102;122500;358.2000000;359.0000000;357.9000000;358.4500000;20620
TATN;5;20161102;123000;358.3500000;358.8000000;358.2500000;358.6500000;5180
TATN;5;20161102;123500;358.6000000;358.9500000;358.2500000;358.9000000;16490
TATN;5;20161102;124000;358.8500000;359.9000000;358.6500000;359.8000000;26990
TATN;5;20161102;124500;359.8000000;359.9000000;359.2500000;359.2500000;12820
TATN;5;20161102;125000;359.5500000;359.5500000;359.0000000;359.0000000;2100
TATN;5;20161102;125500;359.2500000;359.6000000;359.0000000;359.5000000;3460
TATN;5;20161102;130000;359.2500000;359.6000000;358.9000000;359.2000000;11510
TATN;5;20161102;130500;359.2000000;359.4500000;358.9500000;358.9500000;21520
TATN;5;20161102;131000;359.0000000;359.7500000;359.0000000;359.5500000;12560
TATN;5;20161102;131500;359.5500000;359.7500000;359.4000000;359.6500000;4510
TATN;5;20161102;132000;359.4500000;359.8000000;359.3500000;359.7000000;10840
TATN;5;20161102;132500;359.6500000;360.9000000;359.4500000;360.4500000;36250
TATN;5;20161102;133000;360.1500000;360.5500000;360.0000000;360.0500000;18080
TATN;5;20161102;133500;360.4000000;361.5500000;360.4000000;361.1000000;15680
TATN;5;20161102;134000;361.5000000;361.5500000;360.6000000;361.4500000;17990
TATN;5;20161102;134500;361.4500000;361.9500000;360.8000000;361.9500000;25040
TATN;5;20161102;135000;361.7000000;362.7000000;361.7000000;362.3500000;14310
TATN;5;20161102;135500;362.6000000;362.7000000;362.3500000;362.7000000;2020
TATN;5;20161102;140000;362.7000000;362.8000000;362.1500000;362.3000000;10310
TATN;5;20161102;140500;362.2500000;362.5000000;360.9500000;361.5000000;41120
TATN;5;20161102;141000;361.6500000;361.8500000;361.3500000;361.8000000;18020
TATN;5;20161102;141500;361.5500000;361.8000000;361.1500000;361.5000000;7650
TATN;5;20161102;142000;361.5000000;361.8500000;361.1000000;361.6500000;39340
TATN;5;20161102;142500;361.5000000;361.8000000;361.4500000;361.5500000;4490
TATN;5;20161102;143000;361.5500000;361.5500000;360.3000000;360.6500000;36890
TATN;5;20161102;143500;360.6500000;361.0000000;360.2500000;360.6000000;17020
TATN;5;20161102;144000;360.4500000;360.8000000;359.3500000;360.1000000;43490
TATN;5;20161102;144500;360.1000000;360.4500000;359.8000000;359.8500000;460
TATN;5;20161102;145000;360.1000000;360.3000000;359.6000000;359.8000000;8640
TATN;5;20161102;145500;359.6500000;359.8500000;359.5500000;359.5500000;530
TATN;5;20161102;150000;359.5500000;359.7500000;359.1500000;359.2000000;7010
TATN;5;20161102;150500;359.2500000;359.5500000;358.8000000;359.2500000;4870
TATN;5;20161102;151000;359.2500000;359.2500000;358.9000000;359.2000000;3140
TATN;5;20161102;151500;358.9500000;359.2500000;356.2000000;357.6000000;104770
TATN;5;20161102;152000;357.6000000;357.8000000;356.2500000;356.5000000;76070
TATN;5;20161102;152500;356.6000000;357.2500000;356.2500000;357.0000000;10270
TATN;5;20161102;153000;357.1000000;357.3000000;356.2000000;357.3000000;19480
TATN;5;20161102;153500;357.3000000;357.3500000;356.9000000;357.0500000;2840
TATN;5;20161102;154000;357.0500000;357.7000000;357.0500000;357.6000000;2800
TATN;5;20161102;154500;357.7500000;357.8000000;357.5500000;357.8000000;3330
TATN;5;20161102;155000;357.7000000;358.3000000;357.5000000;358.0500000;8830
TATN;5;20161102;155500;358.3000000;358.5500000;358.2000000;358.5000000;5780
TATN;5;20161102;160000;358.4000000;358.6500000;358.1500000;358.6500000;3310
TATN;5;20161102;160500;358.6000000;358.6000000;357.7000000;358.1000000;7370
TATN;5;20161102;161000;358.1000000;358.5500000;358.0500000;358.5500000;3720
TATN;5;20161102;161500;358.4500000;359.1500000;358.3000000;359.1000000;6020
TATN;5;20161102;162000;359.1000000;359.5000000;358.7500000;359.4500000;2920
TATN;5;20161102;162500;359.4500000;359.5000000;359.4000000;359.5000000;550
TATN;5;20161102;163000;359.2000000;359.2500000;359.2000000;359.2500000;1050
TATN;5;20161102;163500;359.4000000;359.4000000;358.7500000;358.8000000;1070
TATN;5;20161102;164000;358.6500000;359.1500000;358.4500000;358.4500000;3690
TATN;5;20161102;164500;358.2500000;358.5000000;358.1000000;358.4500000;3650
TATN;5;20161102;165000;358.6000000;358.6000000;358.4500000;358.5000000;440
TATN;5;20161102;165500;358.5000000;359.2500000;358.5000000;359.2500000;2920
TATN;5;20161102;170000;359.2500000;359.3500000;359.2500000;359.3500000;1780
TATN;5;20161102;170500;359.3500000;359.5500000;359.3500000;359.5500000;2520
TATN;5;20161102;171000;359.5500000;359.8000000;359.4500000;359.8000000;1630
TATN;5;20161102;171500;359.8000000;359.8000000;359.8000000;359.8000000;100
TATN;5;20161102;172000;359.8000000;359.8500000;359.6000000;359.6500000;2680
TATN;5;20161102;172500;359.8000000;359.9500000;359.7500000;359.9500000;960
TATN;5;20161102;173000;359.8000000;360.2500000;359.8000000;360.0500000;19500
TATN;5;20161102;173500;359.9500000;360.0500000;358.6000000;358.6000000;41950
TATN;5;20161102;174000;358.5500000;358.6500000;358.0500000;358.3000000;9940
TATN;5;20161102;174500;358.3500000;358.5500000;357.9500000;357.9500000;3580
TATN;5;20161102;175000;357.9500000;358.0000000;357.4500000;357.5000000;5090
TATN;5;20161102;175500;357.4000000;357.5500000;357.0000000;357.0500000;18210
TATN;5;20161102;180000;357.0500000;357.4500000;357.0500000;357.4500000;5870
TATN;5;20161102;180500;357.2500000;357.3000000;356.4000000;356.4000000;29460
TATN;5;20161102;181000;356.7500000;356.8000000;356.0000000;356.1000000;33740
TATN;5;20161102;181500;356.3000000;356.4000000;355.7000000;355.7000000;32260
TATN;5;20161102;182000;355.8500000;355.8500000;354.0500000;354.2000000;44700
TATN;5;20161102;182500;354.2500000;355.0500000;354.1000000;354.5500000;12710
TATN;5;20161102;183000;354.5500000;355.8000000;354.5000000;354.7000000;24500
TATN;5;20161102;183500;354.7000000;355.2000000;354.2000000;355.0000000;17550
TATN;5;20161102;184000;354.7500000;354.9000000;353.8000000;354.9000000;34890
TATN;5;20161102;185000;355.9000000;355.9000000;355.9000000;355.9000000;59320
TATN;5;20161103;100500;355.3500000;355.3500000;353.5500000;353.9500000;24730
TATN;5;20161103;101000;354.0000000;354.5500000;353.8000000;354.3500000;5400
TATN;5;20161103;101500;354.3500000;354.9000000;353.9500000;354.1500000;4710
TATN;5;20161103;102000;354.0000000;354.1000000;353.9500000;353.9500000;9180
TATN;5;20161103;102500;354.0000000;354.1500000;353.9500000;354.1500000;3340
TATN;5;20161103;103000;354.4000000;354.6000000;353.9500000;353.9500000;2000
TATN;5;20161103;103500;354.3500000;354.3500000;353.7500000;353.8000000;9390
TATN;5;20161103;104000;353.7500000;353.9500000;353.5000000;353.5000000;9970
TATN;5;20161103;104500;353.7500000;353.8000000;353.6500000;353.7000000;540
TATN;5;20161103;105000;353.8000000;354.0500000;353.7000000;354.0500000;1150
TATN;5;20161103;105500;354.0000000;354.2000000;353.8000000;353.8000000;2630
TATN;5;20161103;110000;353.9500000;353.9500000;353.8000000;353.9500000;1880
TATN;5;20161103;110500;353.9500000;354.0000000;353.1500000;353.1500000;18840
TATN;5;20161103;111000;353.1000000;354.0000000;353.1000000;353.4500000;8750
TATN;5;20161103;111500;354.0500000;354.0500000;353.4500000;353.8000000;8430
TATN;5;20161103;112000;353.7000000;353.9500000;353.6500000;353.8500000;4430
TATN;5;20161103;112500;353.9500000;353.9500000;353.2500000;353.2500000;2750
TATN;5;20161103;113000;353.6000000;353.8500000;353.6000000;353.8500000;120
TATN;5;20161103;113500;353.8500000;353.8500000;353.6000000;353.8000000;1630
TATN;5;20161103;114000;353.8500000;353.8500000;353.4000000;353.4000000;2240
TATN;5;20161103;114500;353.4000000;353.6000000;353.2500000;353.2500000;3160
TATN;5;20161103;115000;353.5500000;353.8500000;353.5500000;353.8500000;13880
TATN;5;20161103;115500;353.7500000;354.6500000;353.7500000;354.6000000;8420
TATN;5;20161103;120000;354.6500000;354.8000000;354.4000000;354.6000000;2120
TATN;5;20161103;120500;354.7000000;354.7000000;354.2000000;354.2000000;5080
TATN;5;20161103;121000;354.0000000;354.0000000;353.9500000;353.9500000;1000
TATN;5;20161103;121500;354.0000000;354.3000000;353.8500000;354.2000000;11920
TATN;5;20161103;122000;353.9500000;355.0000000;353.9000000;354.9500000;12710
TATN;5;20161103;122500;354.9500000;355.2000000;354.8500000;355.1500000;1820
TATN;5;20161103;123000;355.2000000;356.8500000;355.0500000;356.3500000;19660
TATN;5;20161103;123500;356.4500000;356.8000000;356.2000000;356.7000000;7090
TATN;5;20161103;124000;356.7000000;357.3500000;356.5500000;357.0000000;12440
TATN;5;20161103;124500;357.4000000;357.4500000;356.4000000;356.5000000;6870
TATN;5;20161103;125000;356.5500000;356.6500000;355.9500000;356.4500000;5530
TATN;5;20161103;125500;356.4500000;356.8500000;356.2500000;356.8000000;2410
TATN;5;20161103;130000;357.0000000;357.0000000;356.5500000;356.6500000;4850
TATN;5;20161103;130500;356.8500000;357.0000000;356.6500000;356.9500000;3440
TATN;5;20161103;131000;356.9500000;357.2500000;356.9500000;357.2000000;3980
TATN;5;20161103;131500;357.2000000;357.4500000;356.9000000;356.9500000;4970
TATN;5;20161103;132000;357.0000000;357.0000000;356.2500000;356.4500000;5280
TATN;5;20161103;132500;356.4500000;356.5500000;356.0500000;356.0500000;3810
TATN;5;20161103;133000;356.4000000;356.4000000;355.4500000;355.5500000;4950
TATN;5;20161103;133500;355.8500000;355.8500000;354.4000000;354.4000000;3410
TATN;5;20161103;134000;354.1000000;354.2000000;352.9000000;353.5500000;29290
TATN;5;20161103;134500;353.4500000;353.7500000;353.4500000;353.7500000;2980
TATN;5;20161103;135000;353.7500000;353.9500000;353.4500000;353.7000000;13040
TATN;5;20161103;135500;353.6500000;354.0500000;353.6000000;354.0500000;1400
TATN;5;20161103;140000;354.1000000;354.2000000;353.8000000;354.2000000;4160
TATN;5;20161103;140500;353.8500000;354.1500000;353.8500000;354.1500000;2640
TATN;5;20161103;141000;354.3500000;354.8500000;354.3000000;354.6500000;2470
TATN;5;20161103;141500;354.6500000;355.0500000;353.9500000;353.9500000;14740
TATN;5;20161103;142000;354.2500000;354.5000000;354.2500000;354.5000000;370
TATN;5;20161103;142500;354.3000000;354.3000000;354.3000000;354.3000000;10
TATN;5;20161103;143500;354.4500000;354.5000000;354.4500000;354.5000000;1090
TATN;5;20161103;144000;354.8000000;354.8000000;354.8000000;354.8000000;1240
TATN;5;20161103;144500;355.0500000;355.0500000;354.8500000;354.8500000;320
TATN;5;20161103;145000;355.1500000;355.1500000;354.8000000;354.8000000;360
TATN;5;20161103;145500;354.9000000;355.4500000;354.3500000;354.9000000;19820
TATN;5;20161103;150000;355.0500000;355.2500000;355.0000000;355.2500000;910
TATN;5;20161103;150500;355.5000000;355.5000000;355.0000000;355.4000000;3960
TATN;5;20161103;151000;355.3500000;355.3500000;355.3500000;355.3500000;10
TATN;5;20161103;151500;355.2500000;355.3000000;355.0000000;355.2500000;1700
TATN;5;20161103;152000;355.2500000;355.3000000;354.5000000;354.6000000;1770
TATN;5;20161103;152500;354.7500000;355.7000000;354.6000000;355.6000000;2490
TATN;5;20161103;153000;355.8000000;356.2500000;355.7000000;356.2500000;6780
TATN;5;20161103;153500;356.0000000;356.3500000;356.0000000;356.2500000;3130
TATN;5;20161103;154000;356.3000000;356.6000000;356.2000000;356.5000000;1480
TATN;5;20161103;154500;356.5000000;356.8500000;356.3000000;356.8000000;2270
TATN;5;20161103;155000;356.7500000;356.7500000;356.4000000;356.4500000;610
TATN;5;20161103;155500;356.7000000;356.8000000;356.5500000;356.7500000;1000
TATN;5;20161103;160000;356.7500000;356.7500000;356.3500000;356.5500000;1210
TATN;5;20161103;160500;356.5500000;356.9500000;356.1500000;356.8500000;11820
TATN;5;20161103;161000;356.9000000;358.3000000;356.9000000;357.9500000;17760
TATN;5;20161103;161500;358.2500000;358.2500000;357.6500000;357.8500000;3600
TATN;5;20161103;162000;358.0000000;358.1000000;357.6500000;357.6500000;1900
TATN;5;20161103;162500;357.3500000;357.9000000;355.9500000;357.2000000;19510
TATN;5;20161103;163000;357.2000000;357.6500000;356.3500000;356.3500000;16030
TATN;5;20161103;163500;356.6000000;357.4000000;356.4000000;357.1000000;21110
TATN;5;20161103;164000;357.4000000;357.6500000;357.1000000;357.3000000;5930
TATN;5;20161103;164500;357.3000000;357.4000000;357.3000000;357.4000000;130
TATN;5;20161103;165000;357.3500000;357.6000000;356.2000000;356.9000000;19330
TATN;5;20161103;165500;357.2500000;357.8500000;356.9000000;357.7500000;7810
TATN;5;20161103;170000;357.9500000;358.0000000;357.4000000;357.4000000;12810
TATN;5;20161103;170500;357.4500000;357.8500000;357.2000000;357.6000000;3460
TATN;5;20161103;171000;357.2500000;357.3000000;356.7000000;356.7000000;5080
TATN;5;20161103;171500;356.8000000;357.0500000;355.7000000;355.9500000;23930
TATN;5;20161103;172000;355.8000000;355.8000000;355.1500000;355.3000000;4180
TATN;5;20161103;172500;355.2000000;356.0500000;355.1500000;355.8500000;600
TATN;5;20161103;173000;355.7500000;355.7500000;355.0000000;355.0500000;2770
TATN;5;20161103;173500;355.2500000;356.2500000;354.8500000;356.2000000;9030
TATN;5;20161103;174000;356.1500000;356.3000000;355.0000000;355.1500000;9470
TATN;5;20161103;174500;355.3500000;356.4000000;354.8500000;356.4000000;9120
TATN;5;20161103;175000;356.0000000;356.1500000;355.7000000;356.0000000;1130
TATN;5;20161103;175500;356.0000000;356.3000000;355.6000000;356.3000000;1610
TATN;5;20161103;180000;356.0000000;356.0000000;355.9000000;355.9000000;410
TATN;5;20161103;180500;355.9000000;356.3000000;355.5000000;355.9000000;2440
TATN;5;20161103;181000;355.7000000;356.5000000;355.6500000;356.3000000;6570
TATN;5;20161103;181500;356.4500000;356.7000000;356.1500000;356.2500000;8240
TATN;5;20161103;182000;356.2500000;356.5500000;355.6000000;356.1000000;8510
TATN;5;20161103;182500;356.3500000;356.3500000;355.5500000;355.9000000;7760
TATN;5;20161103;183000;355.7500000;356.7500000;355.7000000;356.5500000;5940
TATN;5;20161103;183500;356.7500000;358.0000000;356.5500000;357.7000000;14850
TATN;5;20161103;184000;357.7000000;357.7000000;353.4000000;354.8000000;292130
TATN;5;20161103;185000;355.0000000;355.0000000;355.0000000;355.0000000;108360
TATN;5;20161107;100500;356.1500000;359.3500000;356.1000000;359.1500000;22110
TATN;5;20161107;101000;359.1500000;360.5000000;358.8000000;359.5000000;12240
TATN;5;20161107;101500;359.5000000;359.9000000;358.6500000;359.0500000;17510
TATN;5;20161107;102000;359.0500000;359.5500000;358.5500000;359.5000000;16470
TATN;5;20161107;102500;359.5000000;359.5000000;359.0000000;359.5000000;3600
TATN;5;20161107;103000;359.5000000;359.5000000;358.8000000;359.0000000;2780
TATN;5;20161107;103500;359.0000000;359.1500000;358.8500000;358.8500000;3400
TATN;5;20161107;104000;358.8500000;359.5000000;358.7000000;359.4500000;11790
TATN;5;20161107;104500;359.4500000;359.4500000;359.0000000;359.1500000;2890
TATN;5;20161107;105000;359.1500000;359.1500000;358.7000000;359.0000000;7180
TATN;5;20161107;105500;359.0000000;359.1000000;358.7500000;359.1000000;2060
TATN;5;20161107;110000;359.1000000;359.4500000;358.8500000;359.2000000;2060
TATN;5;20161107;110500;359.2500000;359.4000000;358.5500000;359.4000000;15820
TATN;5;20161107;111000;359.4500000;360.3500000;359.1500000;360.2000000;36960
TATN;5;20161107;111500;360.1500000;360.2500000;359.5500000;359.9500000;11850
TATN;5;20161107;112000;359.7000000;361.0000000;359.5000000;361.0000000;48830
TATN;5;20161107;112500;361.0000000;361.9500000;360.6500000;361.8500000;40350
TATN;5;20161107;113000;361.6000000;361.8500000;360.8000000;361.2500000;8950
TATN;5;20161107;113500;361.2500000;361.3500000;360.6000000;360.9000000;12190
TATN;5;20161107;114000;360.9000000;361.7000000;360.6000000;360.8000000;31970
TATN;5;20161107;114500;360.9500000;361.5500000;360.3500000;361.0500000;23660
TATN;5;20161107;115000;361.1000000;361.1000000;360.5000000;360.6000000;9550
TATN;5;20161107;115500;360.6000000;360.6500000;359.6500000;360.3500000;25150
TATN;5;20161107;120000;360.3500000;360.3500000;359.8500000;360.0500000;5280
TATN;5;20161107;120500;360.0500000;360.0500000;359.4000000;359.5500000;10380
TATN;5;20161107;121000;359.5500000;360.2500000;359.5000000;360.0500000;11700
TATN;5;20161107;121500;359.9000000;360.0500000;359.4000000;359.5000000;2910
TATN;5;20161107;122000;359.5000000;359.5000000;357.7000000;358.4000000;36940
TATN;5;20161107;122500;358.1000000;358.4000000;357.7000000;357.7000000;4330
TATN;5;20161107;123000;357.8500000;359.1500000;357.6000000;358.6500000;15880
TATN;5;20161107;123500;358.4000000;358.6000000;358.1000000;358.1000000;2040
TATN;5;20161107;124000;358.2000000;358.2000000;357.3500000;357.4500000;5760
TATN;5;20161107;124500;357.4500000;357.6000000;356.3500000;356.6000000;20500
TATN;5;20161107;125000;356.6000000;356.6000000;356.3000000;356.3500000;1150
TATN;5;20161107;125500;356.3000000;356.8000000;356.0500000;356.7000000;10140
TATN;5;20161107;130000;356.7000000;356.7500000;356.3500000;356.3500000;4130
TATN;5;20161107;130500;356.2000000;356.5000000;356.0000000;356.3000000;7760
TATN;5;20161107;131000;356.3000000;356.3000000;355.4500000;356.1000000;12250
TATN;5;20161107;131500;355.9000000;356.1000000;355.9000000;356.0000000;1170
TATN;5;20161107;132000;355.9500000;355.9500000;355.2500000;355.5500000;20020
TATN;5;20161107;132500;355.5500000;357.4000000;355.5500000;357.1500000;15980
TATN;5;20161107;133000;357.1500000;357.5500000;356.4500000;356.9000000;6720
TATN;5;20161107;133500;356.9000000;356.9500000;356.6000000;356.7000000;2150
TATN;5;20161107;134000;356.7000000;357.7500000;356.3000000;357.6500000;13330
TATN;5;20161107;134500;357.6000000;357.6500000;356.7500000;356.8500000;4920
TATN;5;20161107;135000;356.8500000;357.1500000;356.6500000;357.0000000;5090
TATN;5;20161107;135500;357.0000000;357.0000000;356.5500000;356.5500000;2390
TATN;5;20161107;140000;356.5000000;357.6500000;356.3500000;357.6000000;9600
TATN;5;20161107;140500;357.6000000;357.6000000;356.9500000;357.3500000;1000
TATN;5;20161107;141000;356.9000000;357.3500000;356.9000000;357.0500000;720
TATN;5;20161107;141500;357.0500000;357.3000000;357.0000000;357.3000000;2580
TATN;5;20161107;142000;357.3000000;357.3500000;357.1500000;357.3500000;4860
TATN;5;20161107;142500;357.3500000;357.4000000;357.2500000;357.3500000;810
TATN;5;20161107;143000;357.3500000;357.3500000;357.1500000;357.2500000;480
TATN;5;20161107;143500;357.2000000;357.2500000;357.1500000;357.2000000;2270
TATN;5;20161107;144000;357.2000000;357.3000000;356.9000000;357.1500000;2120
TATN;5;20161107;144500;357.0000000;357.4000000;357.0000000;357.4000000;3460
TATN;5;20161107;145000;357.4000000;357.9500000;357.4000000;357.9500000;2360
TATN;5;20161107;145500;358.0000000;358.5000000;357.8500000;358.5000000;4870
TATN;5;20161107;150000;358.4500000;358.9000000;358.4500000;358.9000000;1050
TATN;5;20161107;150500;358.9000000;359.0000000;358.7500000;358.8000000;930
TATN;5;20161107;151000;358.8000000;358.8500000;358.5500000;358.8000000;2240
TATN;5;20161107;151500;358.8000000;358.8000000;358.6500000;358.6500000;580
TATN;5;20161107;152000;358.6500000;358.6500000;358.0500000;358.2500000;1400
TATN;5;20161107;152500;358.2500000;358.4000000;358.1500000;358.3500000;1090
TATN;5;20161107;153000;358.3500000;359.0000000;358.3500000;359.0000000;12360
TATN;5;20161107;153500;359.0000000;359.5500000;359.0000000;359.5500000;1270
TATN;5;20161107;154000;359.5500000;359.5500000;359.1500000;359.3500000;1270
TATN;5;20161107;154500;359.3500000;359.3500000;359.1500000;359.3500000;1620
TATN;5;20161107;155000;359.3000000;359.3000000;358.8000000;359.0500000;2850
TATN;5;20161107;155500;359.0500000;359.0500000;359.0500000;359.0500000;620
TATN;5;20161107;160000;358.8500000;359.0500000;358.6500000;358.7500000;2460
TATN;5;20161107;160500;358.7000000;358.7000000;358.0000000;358.1500000;5530
TATN;5;20161107;161000;358.1500000;358.6000000;358.1000000;358.6000000;3000
TATN;5;20161107;161500;358.6000000;359.1000000;358.3500000;358.7500000;10070
TATN;5;20161107;162000;358.6000000;358.6500000;358.6000000;358.6500000;380
TATN;5;20161107;162500;358.6500000;359.3000000;358.6500000;359.3000000;3660
TATN;5;20161107;163000;359.3000000;359.3000000;358.9000000;359.1000000;1330
TATN;5;20161107;163500;359.1000000;359.9500000;359.1000000;359.6000000;8780
TATN;5;20161107;164000;359.6000000;359.9500000;359.6000000;359.9500000;1520
TATN;5;20161107;164500;359.9000000;360.0000000;359.8500000;359.9500000;4910
TATN;5;20161107;165000;359.9500000;360.3500000;359.5500000;359.6000000;5210
TATN;5;20161107;165500;359.6000000;359.7000000;359.6000000;359.7000000;1000
TATN;5;20161107;170000;359.7000000;360.5500000;359.1000000;360.5500000;20990
TATN;5;20161107;170500;360.5500000;360.8000000;360.1500000;360.5500000;4080
TATN;5;20161107;171000;360.5500000;360.6000000;360.1500000;360.3000000;4530
TATN;5;20161107;171500;360.3500000;360.3500000;358.3000000;358.9000000;74260
TATN;5;20161107;172000;358.5500000;358.7500000;357.4500000;358.4500000;26310
TATN;5;20161107;172500;358.3000000;358.3500000;356.3500000;356.9500000;30820
TATN;5;20161107;173000;357.1000000;358.2500000;356.9000000;357.9500000;26910
TATN;5;20161107;173500;357.7000000;358.8000000;357.5500000;358.8000000;16990
TATN;5;20161107;174000;358.6000000;359.0000000;357.8500000;358.6500000;29240
TATN;5;20161107;174500;358.6500000;358.9000000;358.0500000;358.0500000;13710
TATN;5;20161107;175000;358.2500000;359.0000000;358.2500000;358.6000000;30560
TATN;5;20161107;175500;358.6000000;358.7500000;358.0000000;358.6000000;11190
TATN;5;20161107;180000;358.4000000;358.4000000;357.6500000;357.8500000;12990
TATN;5;20161107;180500;357.6500000;358.8000000;357.5000000;358.2000000;21000
TATN;5;20161107;181000;358.2000000;359.0500000;357.8500000;358.5500000;17950
TATN;5;20161107;181500;358.5500000;358.6500000;357.7500000;357.9000000;15550
TATN;5;20161107;182000;357.9000000;358.6500000;357.3500000;358.3500000;21950
TATN;5;20161107;182500;358.0000000;359.1000000;357.8000000;358.9500000;26760
TATN;5;20161107;183000;358.9500000;359.5000000;358.6000000;359.3000000;29240
TATN;5;20161107;183500;358.9500000;359.2500000;356.6500000;356.7500000;101370
TATN;5;20161107;184000;357.0000000;358.0500000;355.5000000;355.5000000;209500
TATN;5;20161107;185000;355.9000000;355.9000000;355.9000000;355.9000000;136820
TATN;5;20161108;100500;359.2500000;360.2500000;358.4500000;359.6500000;51610
TATN;5;20161108;101000;359.6000000;360.0000000;358.8000000;359.6000000;15890
TATN;5;20161108;101500;359.6000000;359.9000000;358.4000000;358.8500000;12550
TATN;5;20161108;102000;358.7000000;358.8500000;358.4000000;358.7000000;7630
TATN;5;20161108;102500;358.7000000;358.8000000;358.3000000;358.3500000;4460
TATN;5;20161108;103000;358.4000000;358.6000000;357.0500000;357.0500000;14320
TATN;5;20161108;103500;357.0000000;357.0000000;356.5000000;357.0000000;8090
TATN;5;20161108;104000;356.8500000;357.0000000;356.6000000;356.6000000;3120
TATN;5;20161108;104500;356.6000000;357.0500000;356.6000000;356.8000000;4260
TATN;5;20161108;105000;356.8000000;356.8000000;356.4000000;356.4500000;2230
TATN;5;20161108;105500;356.4500000;357.0000000;356.3000000;357.0000000;2810
TATN;5;20161108;110000;357.0000000;357.3000000;356.7500000;356.9000000;4090
TATN;5;20161108;110500;356.9000000;358.0000000;356.9000000;357.7500000;15460
TATN;5;20161108;111000;357.7000000;358.5000000;357.6000000;358.4000000;11090
TATN;5;20161108;111500;358.4000000;359.0000000;358.2000000;358.5500000;9110
TATN;5;20161108;112000;358.4500000;359.1000000;358.1500000;358.3500000;3650
TATN;5;20161108;112500;358.2500000;358.7000000;357.8500000;357.8500000;8800
TATN;5;20161108;113000;357.7000000;358.2000000;357.1000000;357.4500000;3010
TATN;5;20161108;113500;357.4500000;357.8000000;357.4500000;357.8000000;1260
TATN;5;20161108;114000;357.5000000;357.6500000;357.0000000;357.0500000;2310
TATN;5;20161108;114500;357.0000000;357.0000000;356.6500000;356.6500000;3120
TATN;5;20161108;115000;356.6500000;357.4000000;356.5000000;357.2500000;13670
TATN;5;20161108;115500;357.2500000;358.0500000;357.2500000;357.8000000;10230
TATN;5;20161108;120000;357.5000000;357.5500000;357.2500000;357.2500000;3050
TATN;5;20161108;120500;357.3000000;357.3000000;356.7500000;357.2500000;5770
TATN;5;20161108;121000;357.2500000;357.4000000;356.8000000;356.9000000;3320
TATN;5;20161108;121500;357.0500000;357.4000000;356.7000000;357.4000000;8030
TATN;5;20161108;122000;357.4000000;357.4000000;357.0500000;357.2500000;1940
TATN;5;20161108;122500;357.5000000;357.5000000;357.1000000;357.1000000;1450
TATN;5;20161108;123000;357.1000000;357.1000000;357.1000000;357.1000000;240
TATN;5;20161108;123500;357.0000000;357.0000000;356.9000000;356.9000000;550
TATN;5;20161108;124000;356.9000000;356.9000000;356.6500000;356.7000000;1480
TATN;5;20161108;124500;356.7000000;357.1500000;356.7000000;357.1500000;770
TATN;5;20161108;125000;357.0000000;357.2500000;356.9500000;357.2500000;1240
TATN;5;20161108;125500;357.2500000;357.2500000;356.9500000;357.0500000;590
TATN;5;20161108;130000;357.0000000;357.0500000;356.9500000;357.0000000;240
TATN;5;20161108;130500;357.0000000;357.0000000;356.8500000;356.8500000;490
TATN;5;20161108;131000;356.8500000;356.9500000;356.3500000;356.4000000;13130
TATN;5;20161108;131500;356.6000000;356.6500000;355.9500000;355.9500000;14040
TATN;5;20161108;132000;356.0000000;356.3000000;355.9500000;356.1000000;2730
TATN;5;20161108;132500;356.0500000;356.9000000;356.0500000;356.9000000;1830
TATN;5;20161108;133000;356.9000000;357.0500000;356.8000000;356.8000000;1540
TATN;5;20161108;133500;357.1000000;357.1000000;356.8000000;356.9500000;320
TATN;5;20161108;134000;356.9500000;357.5500000;356.7500000;357.4500000;4560
TATN;5;20161108;134500;357.6500000;357.6500000;357.3500000;357.4000000;4210
TATN;5;20161108;135000;357.4000000;357.5000000;357.4000000;357.5000000;180
TATN;5;20161108;135500;357.3500000;357.5000000;357.3000000;357.3000000;270
TATN;5;20161108;140000;357.3000000;357.3500000;357.3000000;357.3500000;390
TATN;5;20161108;140500;357.2500000;357.5500000;357.2000000;357.5500000;630
TATN;5;20161108;141000;357.3500000;357.3500000;357.0500000;357.1000000;2610
TATN;5;20161108;141500;357.1000000;357.4000000;357.0500000;357.4000000;2210
TATN;5;20161108;142000;357.1000000;357.1500000;356.4500000;356.8000000;21700
TATN;5;20161108;142500;356.6500000;357.5000000;356.5000000;357.4500000;29770
TATN;5;20161108;143000;357.3500000;357.6000000;357.1000000;357.1000000;10310
TATN;5;20161108;143500;357.1000000;357.2500000;356.9500000;357.1000000;2430
TATN;5;20161108;144000;357.1000000;357.2500000;357.1000000;357.2000000;2850
TATN;5;20161108;144500;357.3000000;357.3000000;356.9500000;357.0000000;1200
TATN;5;20161108;145000;356.9500000;357.1500000;356.8000000;356.8500000;500
TATN;5;20161108;145500;356.8500000;357.1500000;356.8500000;357.0000000;590
TATN;5;20161108;150000;357.0000000;357.2000000;357.0000000;357.0000000;780
TATN;5;20161108;150500;357.0000000;357.0500000;355.8500000;355.9000000;37780
TATN;5;20161108;151000;355.9000000;356.0000000;354.6000000;354.6000000;30140
TATN;5;20161108;151500;354.6000000;354.6500000;353.8000000;353.8500000;31040
TATN;5;20161108;152000;353.8500000;354.3000000;353.7000000;354.1500000;15530
TATN;5;20161108;152500;354.1500000;354.4500000;353.7500000;354.2500000;6930
TATN;5;20161108;153000;354.2500000;354.4500000;354.0500000;354.3000000;6720
TATN;5;20161108;153500;354.3000000;354.4000000;353.9000000;353.9000000;4310
TATN;5;20161108;154000;353.9000000;354.4000000;353.8500000;354.2500000;3050
TATN;5;20161108;154500;354.1000000;354.2500000;353.9000000;353.9000000;2400
TATN;5;20161108;155000;353.9000000;354.7000000;353.9000000;354.1000000;11850
TATN;5;20161108;155500;353.9000000;354.1500000;353.9000000;354.1000000;3200
TATN;5;20161108;160000;354.0000000;354.1000000;354.0000000;354.0000000;890
TATN;5;20161108;160500;354.0500000;354.1000000;353.8000000;353.8000000;4610
TATN;5;20161108;161000;353.8000000;354.0500000;353.7500000;353.7500000;1490
TATN;5;20161108;161500;353.7500000;353.7500000;353.1500000;353.4500000;12950
TATN;5;20161108;162000;353.4500000;353.4500000;352.4000000;352.5500000;22470
TATN;5;20161108;162500;352.4500000;352.7500000;352.2000000;352.2000000;12280
TATN;5;20161108;163000;352.2000000;352.6000000;352.1000000;352.1500000;9200
TATN;5;20161108;163500;352.3000000;352.3000000;351.5500000;351.8000000;10200
TATN;5;20161108;164000;351.7000000;351.9000000;351.6500000;351.7500000;2480
TATN;5;20161108;164500;351.7500000;351.9000000;351.7000000;351.8500000;2030
TATN;5;20161108;165000;351.7500000;351.8500000;351.7000000;351.7500000;1870
TATN;5;20161108;165500;351.7500000;351.8000000;351.6000000;351.7000000;2160
TATN;5;20161108;170000;351.7000000;351.7000000;351.3500000;351.5000000;6010
TATN;5;20161108;170500;351.3500000;351.3500000;351.1000000;351.1500000;1670
TATN;5;20161108;171000;351.1500000;351.1500000;351.0000000;351.0000000;1960
TATN;5;20161108;171500;351.1000000;351.1000000;350.8500000;351.0000000;8460
TATN;5;20161108;172000;350.9500000;351.4000000;350.9000000;350.9500000;14260
TATN;5;20161108;172500;350.9500000;352.0000000;350.9500000;351.8500000;14140
TATN;5;20161108;173000;351.8000000;353.2500000;351.7500000;353.2500000;24930
TATN;5;20161108;173500;353.0500000;353.2000000;352.3000000;352.4000000;11080
TATN;5;20161108;174000;352.3000000;353.2000000;352.3000000;352.5000000;9630
TATN;5;20161108;174500;352.7000000;352.7000000;351.5500000;351.6000000;8340
TATN;5;20161108;175000;351.7000000;352.1500000;351.7000000;351.9500000;5290
TATN;5;20161108;175500;351.9000000;352.2000000;351.3500000;352.1500000;8630
TATN;5;20161108;180000;352.1000000;352.6500000;351.9500000;352.5000000;4380
TATN;5;20161108;180500;352.7000000;352.7000000;352.0000000;352.4500000;6840
TATN;5;20161108;181000;352.4000000;352.9000000;352.1000000;352.5500000;10990
TATN;5;20161108;181500;352.8000000;353.0500000;352.4000000;353.0500000;16060
TATN;5;20161108;182000;353.0500000;353.8500000;353.0500000;353.4000000;22880
TATN;5;20161108;182500;353.4000000;353.7000000;353.0500000;353.1000000;19640
TATN;5;20161108;183000;353.2000000;353.8500000;353.2000000;353.8500000;20900
TATN;5;20161108;183500;353.8000000;353.8000000;353.1000000;353.1000000;15140
TATN;5;20161108;184000;353.1500000;353.2500000;351.1500000;352.5500000;130590
TATN;5;20161108;185000;353.8000000;353.8000000;353.8000000;353.8000000;27250
TATN;5;20161109;100500;347.5000000;351.7500000;347.5000000;348.4000000;56430
TATN;5;20161109;101000;348.4000000;349.2500000;348.3500000;349.0000000;3900
TATN;5;20161109;101500;348.6500000;349.3500000;348.5500000;349.3500000;2290
TATN;5;20161109;102000;349.5000000;349.6000000;349.1000000;349.1000000;4140
TATN;5;20161109;102500;349.1500000;349.2500000;348.8500000;349.0500000;5270
TATN;5;20161109;103000;349.3000000;349.9500000;348.9500000;349.1000000;5680
TATN;5;20161109;103500;349.4500000;350.3500000;348.9500000;350.3500000;4890
TATN;5;20161109;104000;350.4000000;351.9500000;350.4000000;351.1500000;8070
TATN;5;20161109;104500;351.5500000;351.7500000;350.0500000;351.1500000;17780
TATN;5;20161109;105000;351.2500000;353.0000000;351.2500000;352.6000000;14840
TATN;5;20161109;105500;352.8500000;353.0000000;352.6000000;352.8500000;5360
TATN;5;20161109;110000;352.8500000;352.8500000;351.1000000;352.3500000;17350
TATN;5;20161109;110500;352.4000000;352.4000000;350.7000000;351.0000000;11850
TATN;5;20161109;111000;351.4500000;351.5500000;350.7500000;350.9000000;8860
TATN;5;20161109;111500;350.9000000;352.7500000;350.9000000;352.3500000;4290
TATN;5;20161109;112000;352.3500000;352.9000000;352.3500000;352.9000000;3950
TATN;5;20161109;112500;352.9500000;354.3500000;352.0500000;354.1000000;43530
TATN;5;20161109;113000;354.1000000;357.5000000;353.5000000;356.7000000;86960
TATN;5;20161109;113500;356.7000000;358.0000000;355.4500000;357.9000000;44740
TATN;5;20161109;114000;357.6500000;357.8500000;357.3500000;357.4000000;25730
TATN;5;20161109;114500;357.7000000;357.7000000;357.3500000;357.4500000;13680
TATN;5;20161109;115000;357.4500000;361.3500000;357.3500000;360.1500000;104560
TATN;5;20161109;115500;360.1000000;362.0000000;360.1000000;361.9500000;67450
TATN;5;20161109;120000;361.9500000;362.7000000;361.2000000;362.6000000;99520
TATN;5;20161109;120500;362.7000000;368.5000000;362.7000000;368.5000000;158380
TATN;5;20161109;121000;368.3000000;369.9000000;367.8500000;368.0000000;69000
TATN;5;20161109;121500;368.2500000;368.4500000;366.7000000;366.9500000;30400
TATN;5;20161109;122000;367.3000000;367.3000000;366.6000000;366.8500000;11000
TATN;5;20161109;122500;366.9500000;367.2000000;366.1500000;366.4000000;6500
TATN;5;20161109;123000;366.3000000;366.6500000;364.5500000;364.8500000;162960
TATN;5;20161109;123500;364.7500000;366.3500000;364.7500000;366.0000000;31740
TATN;5;20161109;124000;366.0500000;366.8500000;365.6000000;366.3000000;28590
TATN;5;20161109;124500;366.1000000;366.5500000;365.1500000;365.1500000;14710
TATN;5;20161109;125000;365.4000000;366.8500000;365.1500000;366.8500000;14310
TATN;5;20161109;125500;366.7000000;366.8500000;366.3500000;366.6500000;2890
TATN;5;20161109;130000;366.5000000;366.5000000;365.9500000;366.1500000;2350
TATN;5;20161109;130500;366.1500000;366.5000000;366.0000000;366.0000000;15020
TATN;5;20161109;131000;366.4500000;366.5000000;366.0000000;366.1500000;8640
TATN;5;20161109;131500;366.4500000;366.5500000;366.2500000;366.2500000;9830
TATN;5;20161109;132000;366.5500000;366.7000000;366.2500000;366.3500000;5170
TATN;5;20161109;132500;366.3500000;366.6500000;366.3500000;366.3500000;1910
TATN;5;20161109;133000;366.3500000;366.5500000;366.2500000;366.2500000;14300
TATN;5;20161109;133500;366.4500000;367.4500000;366.2500000;367.4500000;24400
TATN;5;20161109;134000;367.4500000;367.5000000;366.9000000;367.4500000;6190
TATN;5;20161109;134500;367.0500000;367.4500000;367.0500000;367.2000000;2960
TATN;5;20161109;135000;367.1500000;367.4500000;367.1500000;367.3500000;2860
TATN;5;20161109;135500;367.1500000;368.0000000;367.0000000;367.2000000;63500
TATN;5;20161109;140000;367.2500000;367.6500000;367.0500000;367.6000000;10720
TATN;5;20161109;140500;367.5000000;367.9500000;367.4500000;367.6500000;2800
TATN;5;20161109;141000;367.6500000;367.6500000;367.3000000;367.3500000;4190
TATN;5;20161109;141500;367.4500000;367.8000000;367.0000000;367.2500000;15800
TATN;5;20161109;142000;367.3500000;367.3500000;366.6000000;366.7500000;21190
TATN;5;20161109;142500;367.0000000;367.5000000;366.6000000;367.1000000;48880
TATN;5;20161109;143000;367.1000000;367.2000000;366.4500000;367.0500000;67500
TATN;5;20161109;143500;367.2000000;367.7000000;366.7000000;367.5000000;71100
TATN;5;20161109;144000;367.5000000;367.6000000;366.1000000;367.0000000;107520
TATN;5;20161109;144500;367.2000000;367.4000000;367.0500000;367.0500000;6140
TATN;5;20161109;145000;367.1000000;367.5000000;367.0000000;367.5000000;4590
TATN;5;20161109;145500;367.6500000;367.7000000;367.1000000;367.6000000;8550
TATN;5;20161109;150000;367.6000000;367.7000000;367.0500000;367.6500000;18780
TATN;5;20161109;150500;367.3500000;367.7000000;367.2500000;367.4000000;12180
TATN;5;20161109;151000;367.4000000;367.9500000;367.4000000;367.7500000;8830
TATN;5;20161109;151500;367.7500000;367.8000000;367.0500000;367.4000000;13350
TATN;5;20161109;152000;367.4000000;367.5000000;366.8000000;367.1000000;17950
TATN;5;20161109;152500;367.1500000;367.7500000;367.1500000;367.5500000;4570
TATN;5;20161109;153000;367.7000000;367.8000000;367.3000000;367.7000000;3880
TATN;5;20161109;153500;367.7000000;368.0000000;367.4500000;368.0000000;22240
TATN;5;20161109;154000;367.9500000;368.0000000;367.6500000;367.9500000;9790
TATN;5;20161109;154500;367.9500000;368.0000000;367.6000000;367.7500000;21530
TATN;5;20161109;155000;367.9500000;368.0000000;367.3000000;367.4500000;27110
TATN;5;20161109;155500;367.4500000;367.9000000;367.0000000;367.2500000;45990
TATN;5;20161109;160000;367.3000000;368.0000000;367.2500000;367.9000000;72640
TATN;5;20161109;160500;367.9000000;368.0000000;367.6000000;367.6500000;14700
TATN;5;20161109;161000;367.7500000;367.7500000;367.2000000;367.3000000;50570
TATN;5;20161109;161500;367.4000000;367.7000000;366.7500000;367.2500000;90940
TATN;5;20161109;162000;367.2000000;367.3000000;366.8500000;367.2000000;57210
TATN;5;20161109;162500;367.1500000;367.2000000;366.6000000;367.0000000;209580
TATN;5;20161109;163000;367.1500000;367.6500000;367.1500000;367.6000000;9340
TATN;5;20161109;163500;367.6000000;367.6000000;367.1000000;367.1000000;5900
TATN;5;20161109;164000;367.4500000;367.6000000;367.4500000;367.5000000;3470
TATN;5;20161109;164500;367.5500000;367.9000000;367.2500000;367.5000000;5780
TATN;5;20161109;165000;367.6000000;367.7500000;367.2500000;367.3500000;4170
TATN;5;20161109;165500;367.3500000;367.3500000;366.8000000;367.0000000;29860
TATN;5;20161109;170000;367.0500000;367.4000000;367.0000000;367.4000000;10730
TATN;5;20161109;170500;367.4000000;367.6000000;367.0500000;367.1500000;11210
TATN;5;20161109;171000;367.1000000;368.5000000;366.7500000;368.0000000;44720
TATN;5;20161109;171500;368.0000000;368.1000000;367.8500000;368.0000000;2940
TATN;5;20161109;172000;368.0500000;368.0500000;367.2500000;367.3000000;18350
TATN;5;20161109;172500;367.6000000;368.3000000;367.2500000;368.0000000;214270
TATN;5;20161109;173000;368.0000000;368.3500000;366.6000000;368.1000000;147130
TATN;5;20161109;173500;368.1500000;369.6000000;368.0000000;369.0000000;61890
TATN;5;20161109;174000;369.1000000;369.3000000;368.5500000;368.8500000;26220
TATN;5;20161109;174500;368.8500000;368.9000000;368.3000000;368.7500000;10980
TATN;5;20161109;175000;368.6000000;368.7500000;367.4000000;367.4500000;45690
TATN;5;20161109;175500;367.4500000;367.6500000;366.5500000;366.8500000;40200
TATN;5;20161109;180000;366.5500000;367.1500000;366.1000000;366.8000000;27980
TATN;5;20161109;180500;366.8000000;366.9000000;365.2500000;365.2500000;26540
TATN;5;20161109;181000;365.6000000;365.8500000;364.5500000;364.7500000;18160
TATN;5;20161109;181500;364.6000000;365.0000000;364.5500000;364.9000000;24020
TATN;5;20161109;182000;364.6500000;364.8000000;363.7500000;363.8500000;55590
TATN;5;20161109;182500;363.7500000;364.2500000;363.6000000;364.0000000;27390
TATN;5;20161109;183000;364.0000000;364.8500000;364.0000000;364.7000000;24850
TATN;5;20161109;183500;364.6500000;367.2500000;364.5500000;366.6500000;15960
TATN;5;20161109;184000;366.7500000;367.0500000;365.1000000;365.1500000;117610
TATN;5;20161109;185000;364.6000000;364.6000000;364.6000000;364.6000000;47940
TATN;5;20161110;100500;365.9500000;366.9500000;364.6500000;366.7000000;18320
TATN;5;20161110;101000;366.7000000;368.6000000;366.7000000;366.8500000;22890
TATN;5;20161110;101500;366.8500000;366.8500000;364.8500000;365.1000000;20810
TATN;5;20161110;102000;364.9500000;365.3000000;364.3500000;365.0000000;10340
TATN;5;20161110;102500;365.0500000;365.1000000;363.4000000;363.7000000;47780
TATN;5;20161110;103000;363.5000000;364.0500000;363.5000000;363.6000000;4250
TATN;5;20161110;103500;363.6000000;364.2000000;362.6000000;364.2000000;46890
TATN;5;20161110;104000;364.1000000;364.5000000;363.8500000;363.8500000;5430
TATN;5;20161110;104500;363.8500000;363.9000000;362.8000000;363.3500000;8460
TATN;5;20161110;105000;363.3500000;364.2000000;363.3500000;363.4500000;7690
TATN;5;20161110;105500;363.4500000;363.5000000;363.0500000;363.2500000;12220
TATN;5;20161110;110000;363.2500000;363.7000000;362.4000000;362.7000000;34830
TATN;5;20161110;110500;362.7500000;366.3500000;362.7500000;363.4000000;56040
TATN;5;20161110;111000;363.5000000;366.8500000;363.5000000;365.8500000;47960
TATN;5;20161110;111500;365.9500000;366.9000000;365.7500000;366.7000000;16500
TATN;5;20161110;112000;366.6500000;366.9500000;366.1500000;366.5000000;10300
TATN;5;20161110;112500;366.5000000;367.5500000;366.2500000;366.7000000;16780
TATN;5;20161110;113000;366.6500000;369.6000000;366.5000000;369.3000000;48650
TATN;5;20161110;113500;369.4500000;370.6500000;368.9000000;370.1000000;45060
TATN;5;20161110;114000;369.9500000;370.4500000;369.8000000;370.3500000;14030
TATN;5;20161110;114500;370.3500000;372.0000000;369.7500000;370.8500000;53940
TATN;5;20161110;115000;370.8500000;371.1000000;369.2000000;369.8000000;19670
TATN;5;20161110;115500;369.9500000;370.5000000;369.7500000;370.4000000;14420
TATN;5;20161110;120000;370.6000000;371.4500000;370.2500000;371.2500000;37200
TATN;5;20161110;120500;371.3000000;372.0000000;371.1000000;371.8500000;31760
TATN;5;20161110;121000;372.0000000;372.2000000;371.6500000;371.6500000;25200
TATN;5;20161110;121500;371.7000000;372.5000000;371.6000000;372.5000000;22590
TATN;5;20161110;122000;372.2500000;372.7000000;372.1500000;372.5000000;12460
TATN;5;20161110;122500;372.4500000;377.5000000;372.4500000;376.0000000;195690
TATN;5;20161110;123000;376.3000000;376.5000000;375.7500000;376.4500000;25170
TATN;5;20161110;123500;376.4500000;376.5000000;375.6500000;375.9000000;13510
TATN;5;20161110;124000;375.9000000;375.9000000;375.0000000;375.1000000;42290
TATN;5;20161110;124500;375.1000000;375.3000000;375.0000000;375.2000000;7100
TATN;5;20161110;125000;375.1500000;376.2000000;375.1500000;376.2000000;16440
TATN;5;20161110;125500;376.2500000;377.2500000;376.1500000;377.2000000;8540
TATN;5;20161110;130000;377.0500000;377.7000000;376.8000000;377.5500000;14410
TATN;5;20161110;130500;377.6000000;379.9000000;377.6000000;379.2500000;44680
TATN;5;20161110;131000;379.2000000;379.5000000;378.3500000;378.7000000;23160
TATN;5;20161110;131500;378.7000000;379.2000000;378.6500000;378.7500000;7880
TATN;5;20161110;132000;378.7500000;379.5000000;378.7500000;379.4000000;7390
TATN;5;20161110;132500;379.4000000;380.0000000;379.2000000;379.8000000;39370
TATN;5;20161110;133000;379.6500000;379.7500000;378.6500000;378.6500000;9830
TATN;5;20161110;133500;378.8000000;379.9000000;378.8000000;379.9000000;7800
TATN;5;20161110;134000;379.8500000;380.6000000;379.7500000;380.6000000;20120
TATN;5;20161110;134500;380.6000000;380.9000000;380.0000000;380.4000000;39770
TATN;5;20161110;135000;380.6500000;380.9000000;380.5000000;380.5000000;8340
TATN;5;20161110;135500;380.5500000;380.9000000;380.5500000;380.8000000;8550
TATN;5;20161110;140000;380.9500000;380.9500000;379.7500000;380.0000000;27640
TATN;5;20161110;140500;380.0000000;380.4000000;379.9000000;380.0000000;12170
TATN;5;20161110;141000;380.2500000;381.4500000;379.1500000;381.1500000;42450
TATN;5;20161110;141500;381.3500000;382.1500000;380.0500000;381.1500000;43010
TATN;5;20161110;142000;381.4000000;382.9000000;381.2000000;381.2000000;23420
TATN;5;20161110;142500;381.3000000;382.1500000;381.1500000;381.7000000;17090
TATN;5;20161110;143000;382.0000000;382.5500000;381.7000000;381.8500000;5900
TATN;5;20161110;143500;381.8500000;382.0000000;381.3500000;382.0000000;12540
TATN;5;20161110;144000;382.2000000;383.0500000;381.4500000;381.7500000;26720
TATN;5;20161110;144500;381.3500000;382.3000000;381.1500000;381.6000000;9410
TATN;5;20161110;145000;382.0000000;382.9000000;382.0000000;382.4000000;25120
TATN;5;20161110;145500;382.2500000;383.7500000;382.0500000;383.7000000;15030
TATN;5;20161110;150000;383.7500000;384.0000000;383.4500000;383.6500000;10710
TATN;5;20161110;150500;383.6500000;384.5000000;383.6500000;384.4000000;11830
TATN;5;20161110;151000;384.4500000;385.0000000;383.3500000;383.3500000;49550
TATN;5;20161110;151500;383.4000000;384.7000000;383.4000000;384.5000000;16820
TATN;5;20161110;152000;384.6000000;384.7000000;383.0000000;383.0000000;12730
TATN;5;20161110;152500;383.0500000;383.4000000;381.8000000;381.8500000;18910
TATN;5;20161110;153000;382.1500000;382.6000000;381.7500000;382.5000000;5170
TATN;5;20161110;153500;382.4500000;382.4500000;380.6500000;380.7000000;16660
TATN;5;20161110;154000;380.9500000;381.5000000;380.5000000;381.4500000;17840
TATN;5;20161110;154500;381.4500000;381.5000000;379.7000000;381.4500000;89000
TATN;5;20161110;155000;381.2000000;381.5000000;380.8000000;380.9000000;4570
TATN;5;20161110;155500;381.2500000;381.4000000;380.6000000;380.6500000;3990
TATN;5;20161110;160000;380.6500000;381.3000000;380.4500000;380.5500000;9320
TATN;5;20161110;160500;380.8000000;381.1000000;380.4500000;380.4500000;5040
TATN;5;20161110;161000;380.7500000;380.9500000;379.5000000;380.0500000;49020
TATN;5;20161110;161500;380.2000000;380.7500000;379.9500000;380.1500000;12300
TATN;5;20161110;162000;380.4500000;380.5000000;379.8000000;380.4500000;10270
TATN;5;20161110;162500;380.4000000;380.6500000;380.0000000;380.6000000;14090
TATN;5;20161110;163000;380.6500000;380.8000000;379.5000000;379.5500000;62920
TATN;5;20161110;163500;379.5500000;379.6000000;378.8000000;378.9500000;19710
TATN;5;20161110;164000;379.0500000;379.3500000;378.8500000;379.0500000;15110
TATN;5;20161110;164500;379.3500000;379.8000000;379.0500000;379.5000000;4430
TATN;5;20161110;165000;379.7500000;380.3000000;379.5500000;380.1000000;14270
TATN;5;20161110;165500;380.3000000;380.3000000;379.0000000;379.8000000;7930
TATN;5;20161110;170000;379.9500000;380.8000000;379.9500000;380.7500000;6220
TATN;5;20161110;170500;380.7500000;380.7500000;378.7500000;378.9500000;37470
TATN;5;20161110;171000;378.9500000;379.4500000;378.5500000;379.2000000;22830
TATN;5;20161110;171500;379.3500000;379.8000000;378.7500000;379.7000000;32930
TATN;5;20161110;172000;379.7500000;380.7000000;378.8000000;379.9000000;78640
TATN;5;20161110;172500;379.9500000;380.7500000;378.4500000;378.8000000;70990
TATN;5;20161110;173000;378.8000000;379.1500000;377.6000000;377.9000000;154950
TATN;5;20161110;173500;377.8000000;380.6000000;377.8000000;379.8000000;116830
TATN;5;20161110;174000;380.2500000;380.8000000;379.7000000;380.5500000;14080
TATN;5;20161110;174500;380.5500000;382.6000000;380.1500000;382.6000000;46190
TATN;5;20161110;175000;382.2000000;383.5000000;380.7500000;383.4500000;152600
TATN;5;20161110;175500;383.1500000;385.0000000;381.8000000;384.4000000;78550
TATN;5;20161110;180000;384.7500000;387.3500000;384.2500000;386.2500000;135720
TATN;5;20161110;180500;386.5500000;386.9500000;385.0500000;385.0500000;33850
TATN;5;20161110;181000;385.2500000;386.0500000;384.2000000;384.2000000;25530
TATN;5;20161110;181500;384.4500000;385.2500000;383.5000000;384.7500000;25230
TATN;5;20161110;182000;384.5000000;385.9000000;384.5000000;384.8000000;21540
TATN;5;20161110;182500;384.6500000;385.1500000;382.8500000;383.0500000;66690
TATN;5;20161110;183000;383.0500000;383.5500000;380.0000000;381.6000000;74560
TATN;5;20161110;183500;381.8000000;381.8000000;379.0500000;379.0500000;57420
TATN;5;20161110;184000;379.2500000;379.2500000;375.8000000;377.6500000;390300
TATN;5;20161110;185000;375.0000000;375.0000000;375.0000000;375.0000000;91420
TATN;5;20161111;100500;377.8500000;379.9500000;376.9500000;379.0500000;13360
TATN;5;20161111;101000;379.4000000;380.0000000;379.0500000;379.1500000;8270
TATN;5;20161111;101500;379.1000000;379.1000000;378.3000000;378.6000000;11260
TATN;5;20161111;102000;378.7500000;378.7500000;377.6500000;378.0500000;3900
TATN;5;20161111;102500;378.0500000;378.5000000;377.7000000;378.5000000;4660
TATN;5;20161111;103000;378.4500000;378.7000000;376.7500000;377.2500000;16000
TATN;5;20161111;103500;377.0000000;377.1500000;376.1000000;376.2500000;7350
TATN;5;20161111;104000;376.3500000;376.6500000;375.8000000;376.0000000;22830
TATN;5;20161111;104500;375.9500000;376.0000000;372.5500000;372.7500000;40720
TATN;5;20161111;105000;372.8500000;372.9000000;372.3000000;372.4500000;31090
TATN;5;20161111;105500;372.3000000;372.4500000;368.1500000;368.3500000;129820
TATN;5;20161111;110000;368.1500000;369.2000000;367.2500000;368.1000000;52610
TATN;5;20161111;110500;368.1000000;369.3500000;367.9000000;368.7000000;50190
TATN;5;20161111;111000;368.8500000;370.0000000;368.4500000;369.9000000;23630
TATN;5;20161111;111500;369.9000000;369.9500000;368.5500000;369.2000000;17520
TATN;5;20161111;112000;369.1500000;370.4500000;369.0000000;369.3500000;29710
TATN;5;20161111;112500;369.1000000;369.4000000;368.7500000;369.0000000;7300
TATN;5;20161111;113000;369.0000000;370.8000000;369.0000000;369.7500000;19490
TATN;5;20161111;113500;369.7500000;371.7000000;369.7500000;371.4000000;29340
TATN;5;20161111;114000;371.4000000;371.8000000;369.1500000;369.7000000;69370
TATN;5;20161111;114500;369.7500000;370.8000000;369.4500000;370.4500000;22050
TATN;5;20161111;115000;370.1500000;370.4500000;368.5000000;368.8500000;12190
TATN;5;20161111;115500;368.8000000;369.0500000;368.1000000;368.1000000;15390
TATN;5;20161111;120000;368.2000000;368.9500000;368.1500000;368.7000000;19320
TATN;5;20161111;120500;368.4500000;369.0500000;368.2000000;369.0500000;23190
TATN;5;20161111;121000;369.1500000;369.1500000;368.7500000;368.9500000;4760
TATN;5;20161111;121500;368.7500000;368.7500000;368.1500000;368.4500000;9380
TATN;5;20161111;122000;368.5500000;368.9000000;368.3500000;368.3500000;5460
TATN;5;20161111;122500;368.3500000;368.5500000;368.2000000;368.5500000;6460
TATN;5;20161111;123000;368.5500000;368.5500000;368.2500000;368.3500000;7410
TATN;5;20161111;123500;368.2500000;368.3500000;367.8500000;368.0000000;28320
TATN;5;20161111;124000;367.9000000;368.0000000;367.7000000;367.7000000;9590
TATN;5;20161111;124500;367.9000000;368.2500000;367.9000000;368.1500000;12750
TATN;5;20161111;125000;368.0000000;368.5500000;367.8500000;368.5500000;9050
TATN;5;20161111;125500;368.5500000;369.1000000;368.5500000;369.1000000;5600
TATN;5;20161111;130000;369.1000000;369.4500000;369.0000000;369.0000000;11070
TATN;5;20161111;130500;368.8500000;368.8500000;368.0000000;368.0500000;13160
TATN;5;20161111;131000;368.1500000;368.8500000;368.1500000;368.8500000;8050
TATN;5;20161111;131500;368.8500000;369.2500000;368.7500000;369.0000000;7790
TATN;5;20161111;132000;369.0000000;369.4000000;369.0000000;369.2500000;3640
TATN;5;20161111;132500;369.2500000;370.6500000;369.2500000;370.4500000;16660
TATN;5;20161111;133000;370.6000000;370.6000000;369.4000000;369.7500000;6570
TATN;5;20161111;133500;369.8500000;370.3500000;369.1000000;369.5000000;15920
TATN;5;20161111;134000;369.4000000;369.4500000;368.4000000;368.5000000;9360
TATN;5;20161111;134500;368.5000000;369.7500000;368.5000000;369.7000000;6620
TATN;5;20161111;135000;369.4500000;370.6000000;369.4500000;370.0000000;30920
TATN;5;20161111;135500;370.2000000;370.4000000;369.0500000;369.0500000;5560
TATN;5;20161111;140000;369.4500000;370.0000000;369.2500000;369.9500000;8270
TATN;5;20161111;140500;369.9500000;370.1500000;369.8500000;370.0000000;3920
TATN;5;20161111;141000;369.7500000;370.1500000;369.6000000;369.8500000;10920
TATN;5;20161111;141500;369.6500000;369.7000000;368.8500000;368.9500000;3300
TATN;5;20161111;142000;368.9000000;369.3000000;368.6500000;369.3000000;14880
TATN;5;20161111;142500;369.3000000;369.7500000;368.9500000;369.7000000;13740
TATN;5;20161111;143000;369.7000000;369.7000000;368.7000000;368.8500000;5610
TATN;5;20161111;143500;368.9000000;369.4000000;368.7500000;369.3500000;13990
TATN;5;20161111;144000;369.3500000;369.5500000;369.0000000;369.2500000;15200
TATN;5;20161111;144500;369.3000000;369.6500000;369.2000000;369.5000000;9130
TATN;5;20161111;145000;369.3500000;369.4000000;368.7000000;368.7500000;4200
TATN;5;20161111;145500;368.8000000;369.2500000;368.0000000;368.0000000;26040
TATN;5;20161111;150000;368.0000000;368.4000000;368.0000000;368.2500000;11510
TATN;5;20161111;150500;368.2500000;368.8000000;367.5000000;367.5500000;54660
TATN;5;20161111;151000;367.5500000;368.5000000;367.3000000;368.1500000;20680
TATN;5;20161111;151500;368.4000000;368.5000000;367.9000000;367.9000000;15480
TATN;5;20161111;152000;367.9000000;367.9000000;367.3500000;367.4500000;10230
TATN;5;20161111;152500;367.4000000;367.6000000;367.0000000;367.2500000;22730
TATN;5;20161111;153000;367.4500000;367.8500000;367.2500000;367.8500000;3890
TATN;5;20161111;153500;367.8500000;368.1500000;367.4500000;367.4500000;11850
TATN;5;20161111;154000;367.5000000;368.1000000;367.3000000;367.3000000;11420
TATN;5;20161111;154500;367.6000000;368.6500000;367.1000000;368.0000000;24680
TATN;5;20161111;155000;367.9500000;368.8000000;367.9500000;368.2000000;9420
TATN;5;20161111;155500;368.2000000;368.5500000;368.2000000;368.2500000;7210
TATN;5;20161111;160000;368.5000000;369.4000000;368.4000000;368.9000000;11930
TATN;5;20161111;160500;368.9000000;369.2500000;368.4500000;369.0500000;10540
TATN;5;20161111;161000;369.0500000;369.1500000;368.8000000;369.1500000;9550
TATN;5;20161111;161500;369.0500000;369.2500000;368.5000000;368.5500000;19840
TATN;5;20161111;162000;368.4000000;368.7500000;368.2000000;368.3000000;14870
TATN;5;20161111;162500;368.5000000;368.5000000;367.6000000;367.7500000;13880
TATN;5;20161111;163000;367.7500000;368.6000000;367.7500000;368.6000000;18140
TATN;5;20161111;163500;368.5000000;368.9000000;368.3000000;368.7500000;11110
TATN;5;20161111;164000;368.9000000;369.3500000;368.7500000;369.3500000;18400
TATN;5;20161111;164500;369.3000000;369.3500000;368.3000000;368.3000000;13290
TATN;5;20161111;165000;368.3000000;368.3500000;367.6000000;367.6000000;18720
TATN;5;20161111;165500;367.6000000;367.6500000;367.3000000;367.3000000;7160
TATN;5;20161111;170000;367.3000000;369.5500000;367.3000000;369.2000000;35620
TATN;5;20161111;170500;369.3000000;369.5000000;369.0000000;369.0000000;9720
TATN;5;20161111;171000;368.9500000;368.9500000;367.9000000;368.3500000;19490
TATN;5;20161111;171500;368.4000000;368.4500000;367.9000000;368.0500000;13550
TATN;5;20161111;172000;368.0500000;368.4000000;367.2000000;367.2500000;37670
TATN;5;20161111;172500;367.2500000;369.0000000;367.2500000;369.0000000;34090
TATN;5;20161111;173000;369.0500000;369.0500000;367.7500000;367.9000000;15580
TATN;5;20161111;173500;367.9000000;367.9000000;367.3000000;367.4000000;16230
TATN;5;20161111;174000;367.4000000;367.8000000;367.3000000;367.5500000;18980
TATN;5;20161111;174500;367.6500000;367.6500000;367.1500000;367.1500000;15510
TATN;5;20161111;175000;367.1500000;367.2000000;366.1000000;366.6500000;39360
TATN;5;20161111;175500;366.6500000;366.7500000;366.4000000;366.5000000;8090
TATN;5;20161111;180000;366.5000000;366.5000000;364.6000000;365.4500000;87570
TATN;5;20161111;180500;365.4500000;366.6500000;365.4500000;365.6000000;47380
TATN;5;20161111;181000;365.6000000;366.0500000;364.1000000;364.3000000;46800
TATN;5;20161111;181500;364.1500000;364.2500000;363.5000000;363.8500000;57550
TATN;5;20161111;182000;363.8000000;364.0500000;362.7500000;362.7500000;57840
TATN;5;20161111;182500;362.7000000;363.5000000;360.6000000;360.7500000;150740
TATN;5;20161111;183000;360.6500000;360.6500000;360.0000000;360.6000000;73060
TATN;5;20161111;183500;360.3500000;360.7500000;359.5500000;359.8500000;106630
TATN;5;20161111;184000;359.8500000;361.4000000;359.0000000;359.2000000;182300
TATN;5;20161111;185000;357.4500000;357.4500000;357.4500000;357.4500000;230620
TATN;5;20161114;100500;360.5000000;361.8000000;360.0000000;361.7000000;19550
TATN;5;20161114;101000;361.5000000;362.0500000;360.5000000;360.7000000;33390
TATN;5;20161114;101500;360.7000000;361.9500000;360.2500000;361.1000000;26490
TATN;5;20161114;102000;360.6500000;362.4500000;360.5000000;361.5500000;51360
TATN;5;20161114;102500;361.5500000;366.3000000;361.3000000;364.1500000;122670
TATN;5;20161114;103000;364.1500000;364.5500000;363.9000000;363.9500000;6940
TATN;5;20161114;103500;363.9000000;365.0500000;363.5500000;364.4000000;29190
TATN;5;20161114;104000;364.5000000;364.5000000;362.9000000;364.0500000;34130
TATN;5;20161114;104500;364.1000000;364.4500000;363.0000000;363.6500000;20700
TATN;5;20161114;105000;363.3000000;363.9000000;362.5000000;362.7000000;35900
TATN;5;20161114;105500;363.0000000;363.8500000;362.7000000;363.3000000;15070
TATN;5;20161114;110000;362.9500000;363.4000000;362.9000000;362.9500000;1100
TATN;5;20161114;110500;363.1500000;363.1500000;361.8500000;362.3500000;8750
TATN;5;20161114;111000;362.4000000;363.1000000;362.2500000;362.8500000;2570
TATN;5;20161114;111500;362.6500000;364.0500000;362.5000000;363.9000000;25260
TATN;5;20161114;112000;363.9000000;364.0000000;362.6500000;363.1000000;14450
TATN;5;20161114;112500;363.2500000;364.4500000;362.7500000;364.4500000;19750
TATN;5;20161114;113000;364.2500000;364.4500000;363.0500000;363.7000000;20970
TATN;5;20161114;113500;363.6000000;363.7500000;362.6500000;363.7500000;18970
TATN;5;20161114;114000;363.6000000;363.6500000;362.0500000;362.0500000;23300
TATN;5;20161114;114500;362.4500000;362.9500000;362.0500000;362.6000000;12220
TATN;5;20161114;115000;362.4500000;362.6000000;361.5000000;361.6500000;16130
TATN;5;20161114;115500;361.8500000;362.4500000;360.6500000;361.4500000;59380
TATN;5;20161114;120000;361.2500000;362.2500000;360.9500000;361.0000000;14880
TATN;5;20161114;120500;361.0000000;363.7000000;360.9000000;362.8000000;46570
TATN;5;20161114;121000;362.9000000;364.0000000;362.2500000;362.2500000;16070
TATN;5;20161114;121500;362.1000000;363.0500000;361.1500000;362.1000000;37330
TATN;5;20161114;122000;362.2500000;362.5500000;361.6500000;362.0000000;12600
TATN;5;20161114;122500;362.1500000;362.1500000;360.3500000;360.6000000;10350
TATN;5;20161114;123000;360.8000000;361.0000000;360.3500000;360.6000000;18300
TATN;5;20161114;123500;360.6000000;361.3500000;360.5500000;361.3000000;16090
TATN;5;20161114;124000;361.1500000;361.5000000;361.0000000;361.0000000;9990
TATN;5;20161114;124500;361.2000000;361.6000000;361.0000000;361.3000000;6470
TATN;5;20161114;125000;361.3000000;361.6000000;361.3000000;361.6000000;2930
TATN;5;20161114;125500;361.6000000;361.6000000;361.0000000;361.0000000;8570
TATN;5;20161114;130000;361.0000000;361.3500000;360.4500000;361.1000000;18630
TATN;5;20161114;130500;361.0500000;361.9500000;360.8000000;361.5500000;15690
TATN;5;20161114;131000;361.7500000;362.7000000;361.3000000;362.0500000;38280
TATN;5;20161114;131500;362.0000000;362.3000000;361.5000000;361.8000000;17940
TATN;5;20161114;132000;361.8000000;362.2000000;361.8000000;362.0500000;10580
TATN;5;20161114;132500;362.1000000;362.8500000;361.5000000;361.9500000;35870
TATN;5;20161114;133000;361.9500000;362.4000000;361.8000000;362.1500000;13260
TATN;5;20161114;133500;362.3500000;363.1000000;362.3500000;363.0500000;9700
TATN;5;20161114;134000;362.8000000;363.0500000;361.7500000;362.1000000;21150
TATN;5;20161114;134500;362.0500000;363.5000000;361.4000000;363.5000000;18830
TATN;5;20161114;135000;363.1500000;363.6500000;363.0000000;363.0000000;7880
TATN;5;20161114;135500;363.0000000;363.4000000;362.6000000;362.6500000;4740
TATN;5;20161114;140000;362.6500000;362.6500000;362.0000000;362.3000000;5300
TATN;5;20161114;140500;362.1500000;362.6500000;362.1500000;362.4500000;2250
TATN;5;20161114;141000;362.4500000;362.5500000;361.5000000;362.1000000;15910
TATN;5;20161114;141500;362.1000000;362.6500000;361.1000000;361.1000000;15950
TATN;5;20161114;142000;361.2000000;361.2000000;360.4500000;360.9000000;20750
TATN;5;20161114;142500;360.7500000;360.9000000;359.8500000;360.3000000;71710
TATN;5;20161114;143000;360.2500000;360.8000000;360.2500000;360.3500000;21240
TATN;5;20161114;143500;360.3500000;360.5000000;360.2500000;360.4000000;13970
TATN;5;20161114;144000;360.3500000;360.8000000;360.3500000;360.6000000;9420
TATN;5;20161114;144500;360.6000000;360.9500000;360.6000000;360.8500000;14040
TATN;5;20161114;145000;360.6500000;361.0000000;360.6500000;360.8500000;4640
TATN;5;20161114;145500;360.7500000;360.9000000;360.3500000;360.3500000;8240
TATN;5;20161114;150000;360.3500000;361.0000000;360.3500000;360.9000000;9910
TATN;5;20161114;150500;360.9000000;362.4000000;360.8500000;362.3000000;19970
TATN;5;20161114;151000;362.1500000;362.4000000;361.5000000;361.8000000;10380
TATN;5;20161114;151500;362.0000000;362.4500000;361.8000000;362.4500000;4970
TATN;5;20161114;152000;362.3500000;362.4500000;361.1500000;361.3000000;12740
TATN;5;20161114;152500;361.3000000;361.9000000;361.2500000;361.2500000;13710
TATN;5;20161114;153000;361.7500000;361.7500000;361.1000000;361.4500000;5990
TATN;5;20161114;153500;361.4500000;361.5000000;360.6000000;360.7000000;11610
TATN;5;20161114;154000;360.7500000;361.7000000;360.6500000;361.5500000;13510
TATN;5;20161114;154500;361.3000000;361.8000000;361.3000000;361.8000000;13670
TATN;5;20161114;155000;361.9000000;362.2500000;361.7000000;362.0000000;17890
TATN;5;20161114;155500;361.7000000;361.9500000;360.7500000;360.7500000;13410
TATN;5;20161114;160000;360.8000000;361.5000000;360.8000000;361.5000000;8890
TATN;5;20161114;160500;361.4500000;361.6000000;360.7500000;360.9500000;17880
TATN;5;20161114;161000;360.9500000;361.6000000;360.8500000;361.6000000;9410
TATN;5;20161114;161500;361.5500000;362.1000000;361.3500000;361.6000000;14130
TATN;5;20161114;162000;361.6500000;362.1500000;361.5500000;362.1500000;4960
TATN;5;20161114;162500;362.2000000;362.4500000;361.2500000;362.1500000;10790
TATN;5;20161114;163000;362.0000000;362.2500000;361.3000000;362.0000000;20200
TATN;5;20161114;163500;362.2000000;362.2000000;361.6500000;362.1000000;14550
TATN;5;20161114;164000;362.1000000;362.1000000;361.6000000;361.6500000;12290
TATN;5;20161114;164500;361.6000000;361.9500000;361.0000000;361.8500000;19640
TATN;5;20161114;165000;361.8500000;361.8500000;360.9500000;360.9500000;21750
TATN;5;20161114;165500;361.1000000;361.3500000;360.8500000;360.8500000;21440
TATN;5;20161114;170000;360.8500000;361.0500000;360.8000000;360.9500000;15310
TATN;5;20161114;170500;360.9500000;361.1500000;360.7500000;360.8500000;31430
TATN;5;20161114;171000;360.8000000;361.4500000;360.8000000;361.3500000;10330
TATN;5;20161114;171500;361.4000000;361.4500000;360.8000000;360.8000000;6570
TATN;5;20161114;172000;360.8000000;360.8500000;360.6500000;360.6500000;12540
TATN;5;20161114;172500;360.6500000;361.3000000;360.6500000;360.9500000;16060
TATN;5;20161114;173000;360.8500000;361.5000000;360.6500000;360.7000000;26570
TATN;5;20161114;173500;360.8500000;361.5500000;360.6000000;361.4000000;21260
TATN;5;20161114;174000;361.4500000;362.1000000;361.2000000;362.1000000;31060
TATN;5;20161114;174500;362.0000000;363.1500000;361.9000000;362.9500000;21510
TATN;5;20161114;175000;363.1000000;363.7000000;362.4500000;362.4500000;18370
TATN;5;20161114;175500;362.6000000;363.3500000;362.6000000;362.6500000;16400
TATN;5;20161114;180000;362.6500000;362.7500000;361.5000000;361.5000000;6830
TATN;5;20161114;180500;361.6000000;364.2500000;361.3500000;364.1500000;39710
TATN;5;20161114;181000;363.9500000;364.9000000;363.4500000;363.7500000;26630
TATN;5;20161114;181500;363.6500000;364.0000000;362.3500000;363.0500000;43220
TATN;5;20161114;182000;363.0000000;363.6000000;362.6500000;362.6500000;35880
TATN;5;20161114;182500;362.6500000;363.6000000;362.1000000;363.5000000;33990
TATN;5;20161114;183000;363.4000000;363.6000000;362.8500000;362.9500000;34630
TATN;5;20161114;183500;363.1000000;363.2000000;362.9500000;363.1500000;6000
TATN;5;20161114;184000;363.1500000;363.6000000;360.8000000;363.5000000;287790
TATN;5;20161114;185000;361.0000000;361.0000000;361.0000000;361.0000000;88130
TATN;5;20161115;100500;361.8000000;362.7000000;360.5500000;360.5500000;37310
TATN;5;20161115;101000;360.5500000;361.4500000;358.2500000;358.9000000;88320
TATN;5;20161115;101500;359.2000000;359.9500000;358.0000000;358.2500000;18970
TATN;5;20161115;102000;358.1500000;358.6500000;358.0000000;358.2000000;5910
TATN;5;20161115;102500;358.1000000;358.8500000;358.0000000;358.0500000;15410
TATN;5;20161115;103000;358.0500000;358.0500000;357.5000000;357.6000000;9380
TATN;5;20161115;103500;357.5500000;357.6500000;357.0000000;357.0000000;6910
TATN;5;20161115;104000;356.9500000;357.0500000;355.9500000;356.5500000;49200
TATN;5;20161115;104500;356.5500000;357.2500000;355.8000000;356.2000000;46800
TATN;5;20161115;105000;356.2000000;356.8500000;355.9000000;356.8500000;8740
TATN;5;20161115;105500;356.7500000;356.7500000;356.6000000;356.7500000;7790
TATN;5;20161115;110000;356.6000000;356.7500000;356.3000000;356.3000000;13540
TATN;5;20161115;110500;356.5000000;356.9500000;356.1000000;356.1000000;38850
TATN;5;20161115;111000;356.2500000;356.6500000;356.1000000;356.4500000;20240
TATN;5;20161115;111500;356.2500000;357.3500000;356.1000000;357.3500000;15440
TATN;5;20161115;112000;357.4000000;357.4000000;355.2000000;356.1500000;63110
TATN;5;20161115;112500;356.2000000;356.2000000;355.8500000;356.2000000;3110
TATN;5;20161115;113000;356.1000000;358.1000000;356.1000000;357.8500000;46950
TATN;5;20161115;113500;357.9000000;358.2000000;357.0500000;357.7500000;36900
TATN;5;20161115;114000;357.7500000;358.5000000;357.1500000;357.6500000;33830
TATN;5;20161115;114500;357.9000000;358.5000000;357.7000000;358.2000000;18510
TATN;5;20161115;115000;358.2500000;358.5000000;358.0500000;358.0500000;10730
TATN;5;20161115;115500;358.0500000;358.9000000;358.0500000;358.5500000;34880
TATN;5;20161115;120000;358.6000000;361.7500000;358.5500000;361.4000000;60250
TATN;5;20161115;120500;361.3500000;364.5000000;361.1500000;364.4500000;49990
TATN;5;20161115;121000;364.3000000;364.8000000;362.8000000;363.4000000;37990
TATN;5;20161115;121500;363.4000000;364.6000000;361.5500000;363.3500000;36700
TATN;5;20161115;122000;363.5000000;363.7500000;362.0000000;363.1000000;48480
TATN;5;20161115;122500;363.0000000;363.0000000;361.2500000;361.7500000;21500
TATN;5;20161115;123000;361.9500000;362.3000000;361.1500000;362.3000000;15300
TATN;5;20161115;123500;362.5000000;362.5500000;361.6000000;362.0000000;7960
TATN;5;20161115;124000;361.9500000;361.9500000;361.0500000;361.0500000;8250
TATN;5;20161115;124500;361.0500000;361.5000000;359.3500000;360.9500000;78570
TATN;5;20161115;125000;360.7000000;362.2000000;360.6000000;361.5500000;31440
TATN;5;20161115;125500;361.6500000;362.3500000;360.7500000;361.6000000;35330
TATN;5;20161115;130000;361.6000000;363.1500000;361.6000000;363.1000000;21750
TATN;5;20161115;130500;363.2000000;363.7000000;362.9000000;363.3000000;7020
TATN;5;20161115;131000;363.4000000;363.4500000;363.0500000;363.2000000;5450
TATN;5;20161115;131500;363.3000000;363.5000000;363.3000000;363.5000000;2640
TATN;5;20161115;132000;363.3500000;364.0000000;363.3500000;364.0000000;4570
TATN;5;20161115;132500;364.0000000;364.5000000;363.1000000;363.2500000;14070
TATN;5;20161115;133000;363.1500000;363.8000000;361.5500000;361.6000000;16460
TATN;5;20161115;133500;361.6000000;362.5500000;361.6000000;362.4000000;5970
TATN;5;20161115;134000;362.5000000;362.8000000;361.5500000;362.0000000;12510
TATN;5;20161115;134500;362.0000000;362.3500000;361.5000000;362.0000000;5500
TATN;5;20161115;135000;361.7500000;362.5500000;361.4000000;362.5000000;8670
TATN;5;20161115;135500;362.7500000;363.3500000;362.7500000;363.2500000;9110
TATN;5;20161115;140000;363.1000000;363.2500000;363.1000000;363.2000000;990
TATN;5;20161115;140500;363.2000000;364.5000000;363.0000000;364.5000000;9140
TATN;5;20161115;141000;364.4000000;365.5500000;364.0000000;365.0500000;27630
TATN;5;20161115;141500;365.3000000;365.3000000;364.5000000;364.7000000;5560
TATN;5;20161115;142000;364.7500000;364.9000000;363.1500000;363.5000000;7520
TATN;5;20161115;142500;363.4000000;363.8000000;362.7500000;363.8000000;6020
TATN;5;20161115;143000;363.7500000;363.8500000;362.8000000;362.8000000;3730
TATN;5;20161115;143500;362.8500000;363.2000000;362.5500000;363.0000000;5640
TATN;5;20161115;144000;363.1000000;363.3500000;363.0000000;363.0000000;1760
TATN;5;20161115;144500;363.3500000;363.4500000;363.0000000;363.2000000;1250
TATN;5;20161115;145000;363.2000000;363.6000000;363.2000000;363.6000000;15320
TATN;5;20161115;145500;363.6000000;363.9000000;363.5000000;363.6500000;4720
TATN;5;20161115;150000;363.8500000;363.9000000;363.0000000;363.1500000;8550
TATN;5;20161115;150500;363.2500000;363.2500000;362.2500000;362.2500000;6100
TATN;5;20161115;151000;362.4000000;362.5500000;362.2500000;362.2500000;3390
TATN;5;20161115;151500;362.2500000;362.6000000;362.2000000;362.3500000;2860
TATN;5;20161115;152000;362.5500000;363.5000000;362.2500000;363.3500000;3570
TATN;5;20161115;152500;363.5000000;363.9000000;363.3500000;363.9000000;5240
TATN;5;20161115;153000;363.9000000;363.9000000;363.4000000;363.7500000;2270
TATN;5;20161115;153500;363.7500000;363.7500000;362.6000000;362.6000000;2550
TATN;5;20161115;154000;362.7500000;363.7000000;362.3500000;363.5500000;8060
TATN;5;20161115;154500;363.7500000;363.9000000;363.4500000;363.6500000;14240
TATN;5;20161115;155000;363.8000000;363.8000000;362.0000000;362.3500000;10700
TATN;5;20161115;155500;362.5500000;363.1500000;361.9500000;362.0000000;6410
TATN;5;20161115;160000;362.1500000;362.7500000;361.9500000;362.1500000;7970
TATN;5;20161115;160500;362.5000000;363.0000000;362.5000000;362.7000000;3530
TATN;5;20161115;161000;362.8000000;363.9000000;362.8000000;363.9000000;3820
TATN;5;20161115;161500;363.9000000;363.9500000;363.4000000;363.9500000;5360
TATN;5;20161115;162000;363.9500000;363.9500000;362.9000000;363.8500000;10690
TATN;5;20161115;162500;363.8500000;364.1500000;363.7500000;363.8000000;7820
TATN;5;20161115;163000;363.9500000;364.5500000;363.6500000;364.5000000;17140
TATN;5;20161115;163500;364.5000000;364.5500000;363.4000000;363.4000000;11450
TATN;5;20161115;164000;363.4000000;363.5500000;362.1500000;362.3500000;12230
TATN;5;20161115;164500;362.4000000;362.5500000;362.1000000;362.1000000;8850
TATN;5;20161115;165000;362.1000000;362.1000000;361.4500000;361.4500000;9840
TATN;5;20161115;165500;361.4500000;362.6500000;361.3500000;362.5000000;7410
TATN;5;20161115;170000;362.6500000;363.4000000;362.4000000;363.0500000;5990
TATN;5;20161115;170500;363.1500000;363.2000000;362.5500000;362.5500000;3550
TATN;5;20161115;171000;362.6500000;363.3500000;362.2500000;362.3000000;10620
TATN;5;20161115;171500;362.8000000;363.2500000;362.6500000;363.2000000;2170
TATN;5;20161115;172000;363.2000000;363.3500000;363.2000000;363.2000000;3330
TATN;5;20161115;172500;363.3000000;363.7000000;363.0000000;363.7000000;12690
TATN;5;20161115;173000;363.7000000;364.1000000;363.6500000;363.8500000;4590
TATN;5;20161115;173500;364.0000000;366.8500000;363.7500000;366.4000000;68810
TATN;5;20161115;174000;366.5500000;367.3000000;366.2000000;367.3000000;29870
TATN;5;20161115;174500;367.3000000;368.1500000;366.5500000;367.5500000;25090
TATN;5;20161115;175000;367.7500000;368.6000000;366.8500000;367.5500000;22770
TATN;5;20161115;175500;367.6500000;368.9000000;367.5000000;368.0000000;31180
TATN;5;20161115;180000;368.0000000;369.0000000;368.0000000;369.0000000;21760
TATN;5;20161115;180500;368.9500000;369.3500000;367.9500000;369.0500000;32840
TATN;5;20161115;181000;369.3000000;371.9500000;369.0500000;371.5000000;51980
TATN;5;20161115;181500;371.6000000;371.6000000;369.2500000;369.3500000;21690
TATN;5;20161115;182000;369.6500000;370.1000000;368.7500000;369.0500000;26270
TATN;5;20161115;182500;369.3500000;370.2500000;368.9000000;368.9000000;35670
TATN;5;20161115;183000;368.8500000;369.0000000;367.2000000;368.1000000;58390
TATN;5;20161115;183500;368.1500000;368.1500000;366.0500000;366.1000000;75640
TATN;5;20161115;184000;366.1500000;366.7500000;364.0000000;365.3000000;246310
TATN;5;20161115;185000;363.7000000;363.7000000;363.7000000;363.7000000;83040
TATN;5;20161116;100500;365.9500000;368.5000000;364.8000000;365.6500000;40440
TATN;5;20161116;101000;365.4500000;366.9500000;364.8000000;366.6000000;12000
TATN;5;20161116;101500;366.2000000;367.4000000;365.8500000;366.8500000;19650
TATN;5;20161116;102000;367.1500000;369.8500000;366.8000000;369.8500000;21380
TATN;5;20161116;102500;369.7000000;370.9500000;368.3000000;370.1000000;90670
TATN;5;20161116;103000;370.0500000;370.5500000;369.1000000;370.4500000;41210
TATN;5;20161116;103500;370.5000000;370.9000000;369.6500000;370.2000000;24300
TATN;5;20161116;104000;370.1500000;370.2500000;369.7000000;370.1000000;6540
TATN;5;20161116;104500;370.1000000;370.2500000;369.4000000;369.7500000;27300
TATN;5;20161116;105000;369.8000000;370.2500000;369.8000000;369.8000000;5410
TATN;5;20161116;105500;369.8000000;370.1000000;368.3000000;368.6000000;44980
TATN;5;20161116;110000;368.6500000;369.2500000;368.6500000;368.9000000;4940
TATN;5;20161116;110500;368.8500000;369.6500000;368.8000000;369.5500000;32530
TATN;5;20161116;111000;369.6500000;370.9500000;369.5000000;369.9500000;32080
TATN;5;20161116;111500;370.0500000;370.6500000;370.0000000;370.3000000;11540
TATN;5;20161116;112000;370.4500000;370.5000000;369.6000000;370.2000000;12910
TATN;5;20161116;112500;370.4000000;370.5000000;369.3500000;369.5000000;12030
TATN;5;20161116;113000;369.6500000;370.3500000;369.6500000;370.3500000;6930
TATN;5;20161116;113500;370.4000000;370.9500000;370.3500000;370.9000000;14300
TATN;5;20161116;114000;370.9000000;370.9500000;370.7000000;370.8500000;7620
TATN;5;20161116;114500;370.8000000;371.3500000;370.7000000;371.1000000;32670
TATN;5;20161116;115000;371.3000000;371.8000000;371.1000000;371.4000000;18280
TATN;5;20161116;115500;371.0500000;372.2500000;371.0500000;372.0000000;18480
TATN;5;20161116;120000;372.3000000;373.2500000;372.1000000;372.7000000;23700
TATN;5;20161116;120500;372.3000000;374.5000000;372.0000000;373.9500000;44160
TATN;5;20161116;121000;373.7000000;374.6500000;373.6500000;374.5500000;18180
TATN;5;20161116;121500;374.5500000;374.9000000;374.2000000;374.7000000;18100
TATN;5;20161116;122000;374.7000000;375.4000000;374.2500000;374.9500000;44820
TATN;5;20161116;122500;374.6500000;375.0000000;374.5500000;375.0000000;6740
TATN;5;20161116;123000;375.0000000;377.0000000;374.8000000;375.7000000;25180
TATN;5;20161116;123500;376.0000000;376.8500000;375.8000000;376.6000000;14640
TATN;5;20161116;124000;376.5500000;377.5000000;375.9500000;376.3000000;22570
TATN;5;20161116;124500;376.4500000;377.7000000;376.4000000;377.7000000;21890
TATN;5;20161116;125000;377.5000000;378.3500000;376.5500000;377.6500000;39430
TATN;5;20161116;125500;377.7000000;378.3500000;377.2000000;377.4500000;17570
TATN;5;20161116;130000;377.4500000;378.3500000;377.2000000;377.8500000;21790
TATN;5;20161116;130500;378.1000000;378.1000000;376.5000000;376.5000000;22340
TATN;5;20161116;131000;376.8000000;377.4500000;376.5500000;377.4000000;5250
TATN;5;20161116;131500;377.4500000;377.7500000;377.1500000;377.4500000;9030
TATN;5;20161116;132000;377.4500000;377.5500000;377.2500000;377.5500000;8840
TATN;5;20161116;132500;377.2500000;377.5500000;377.1500000;377.4500000;7510
TATN;5;20161116;133000;377.4500000;377.5500000;377.2500000;377.5000000;5910
TATN;5;20161116;133500;377.5000000;378.0000000;377.3000000;378.0000000;7660
TATN;5;20161116;134000;378.0000000;378.3500000;378.0000000;378.3000000;15460
TATN;5;20161116;134500;378.3000000;378.4000000;377.9500000;378.2000000;9000
TATN;5;20161116;135000;378.4000000;378.4500000;377.9000000;378.3500000;7890
TATN;5;20161116;135500;378.3500000;378.4500000;378.2000000;378.4000000;6600
TATN;5;20161116;140000;378.4000000;378.4000000;378.0000000;378.2500000;1690
TATN;5;20161116;140500;378.3000000;378.4500000;377.4000000;377.4000000;9210
TATN;5;20161116;141000;377.4000000;377.7500000;376.6500000;376.9500000;15800
TATN;5;20161116;141500;376.5000000;377.0500000;376.1500000;377.0500000;16170
TATN;5;20161116;142000;377.0500000;377.3500000;376.8000000;377.3000000;4680
TATN;5;20161116;142500;377.0500000;378.0000000;377.0500000;377.7000000;3590
TATN;5;20161116;143000;377.7000000;377.9000000;377.2500000;377.5500000;4690
TATN;5;20161116;143500;377.7500000;377.7500000;377.4500000;377.7500000;3220
TATN;5;20161116;144000;377.5000000;377.7500000;377.5000000;377.6000000;1270
TATN;5;20161116;144500;377.6000000;377.6000000;376.9500000;377.2500000;2810
TATN;5;20161116;145000;377.2000000;377.2000000;376.8000000;377.1500000;4070
TATN;5;20161116;145500;377.1500000;377.2000000;376.4500000;376.7500000;6610
TATN;5;20161116;150000;376.7500000;377.2000000;376.3000000;377.1000000;6070
TATN;5;20161116;150500;377.1000000;377.2000000;376.9000000;377.1500000;1760
TATN;5;20161116;151000;377.1500000;377.6000000;376.8000000;377.4000000;4820
TATN;5;20161116;151500;377.6000000;377.8500000;377.4000000;377.4000000;2330
TATN;5;20161116;152000;377.6500000;378.0000000;377.4500000;377.8000000;18610
TATN;5;20161116;152500;377.7500000;377.8500000;377.2500000;377.5000000;4790
TATN;5;20161116;153000;377.6500000;378.3500000;377.6500000;378.1000000;31120
TATN;5;20161116;153500;378.3500000;378.7000000;378.1000000;378.5000000;25100
TATN;5;20161116;154000;378.5000000;378.5000000;377.7500000;378.0500000;9410
TATN;5;20161116;154500;378.0500000;378.0500000;377.3000000;377.7000000;9560
TATN;5;20161116;155000;377.7000000;377.7000000;377.1500000;377.1500000;7140
TATN;5;20161116;155500;377.1500000;377.4000000;377.0000000;377.2500000;3670
TATN;5;20161116;160000;377.2500000;377.7000000;377.0000000;377.7000000;14160
TATN;5;20161116;160500;377.6500000;378.4500000;377.4000000;377.7000000;23360
TATN;5;20161116;161000;377.7000000;378.4000000;377.7000000;377.8000000;7480
TATN;5;20161116;161500;378.1000000;378.1000000;376.8500000;377.4000000;9720
TATN;5;20161116;162000;377.1500000;377.7500000;377.1500000;377.2000000;5820
TATN;5;20161116;162500;377.4500000;377.4500000;376.3500000;376.7500000;14860
TATN;5;20161116;163000;376.8500000;377.0000000;376.1500000;376.2000000;7900
TATN;5;20161116;163500;376.1500000;376.7000000;375.5000000;375.7500000;15890
TATN;5;20161116;164000;375.9500000;376.7500000;375.2500000;376.6500000;37020
TATN;5;20161116;164500;376.7500000;377.0000000;376.4500000;376.9500000;20520
TATN;5;20161116;165000;376.9500000;377.1000000;376.3500000;376.6500000;17500
TATN;5;20161116;165500;376.6500000;376.9500000;376.3000000;376.7000000;24790
TATN;5;20161116;170000;376.8000000;376.8000000;376.3000000;376.3500000;20000
TATN;5;20161116;170500;376.3500000;376.9500000;376.2500000;376.9500000;19280
TATN;5;20161116;171000;376.9500000;377.3000000;376.3000000;376.8500000;18500
TATN;5;20161116;171500;376.8500000;377.1000000;376.4500000;376.9500000;12140
TATN;5;20161116;172000;376.9500000;377.3000000;376.8500000;377.3000000;17460
TATN;5;20161116;172500;377.3000000;377.9000000;377.1500000;377.8500000;18940
TATN;5;20161116;173000;377.8500000;379.9500000;377.7500000;379.9500000;59240
TATN;5;20161116;173500;379.9000000;381.0000000;379.0000000;379.0000000;54390
TATN;5;20161116;174000;378.9500000;379.8500000;378.9000000;379.5500000;19560
TATN;5;20161116;174500;379.5500000;380.9500000;379.5500000;380.3500000;39900
TATN;5;20161116;175000;380.5000000;380.8500000;380.2500000;380.2500000;22580
TATN;5;20161116;175500;380.2500000;380.5000000;379.2000000;379.4000000;33740
TATN;5;20161116;180000;379.7000000;380.3500000;379.4500000;379.8000000;17260
TATN;5;20161116;180500;379.8000000;379.8000000;379.3500000;379.4500000;14540
TATN;5;20161116;181000;379.6000000;380.7000000;379.4000000;380.7000000;20660
TATN;5;20161116;181500;380.6000000;381.6500000;380.5500000;381.4000000;40090
TATN;5;20161116;182000;381.4000000;381.8000000;380.7500000;380.9500000;27580
TATN;5;20161116;182500;381.2500000;381.9500000;380.9500000;381.9500000;29840
TATN;5;20161116;183000;381.9500000;382.3000000;381.4500000;381.4500000;32740
TATN;5;20161116;183500;381.4000000;382.5500000;380.0000000;382.5000000;68310
TATN;5;20161116;184000;382.2500000;383.9000000;381.9000000;382.0000000;108520
TATN;5;20161116;185000;381.9500000;381.9500000;381.9500000;381.9500000;18910
TATN;5;20161117;100500;380.4000000;382.5000000;380.4000000;381.5500000;29250
TATN;5;20161117;101000;381.1500000;381.7500000;381.0000000;381.7000000;25640
TATN;5;20161117;101500;381.6500000;382.9500000;380.5500000;380.9000000;52830
TATN;5;20161117;102000;380.9000000;381.9000000;380.5500000;381.4500000;18400
TATN;5;20161117;102500;381.5000000;381.8000000;381.1000000;381.8000000;7510
TATN;5;20161117;103000;381.6000000;381.6000000;381.3500000;381.5500000;2050
TATN;5;20161117;103500;381.5000000;381.5000000;380.2500000;380.5500000;17960
TATN;5;20161117;104000;380.6000000;381.4000000;380.6000000;380.7000000;7740
TATN;5;20161117;104500;380.7000000;381.3000000;380.7000000;381.3000000;6800
TATN;5;20161117;105000;381.3500000;382.0000000;381.3500000;382.0000000;14840
TATN;5;20161117;105500;381.9500000;382.2500000;381.6000000;381.7000000;8970
TATN;5;20161117;110000;381.6000000;382.4000000;381.3000000;382.2000000;7220
TATN;5;20161117;110500;382.0500000;383.4500000;382.0500000;382.3500000;43480
TATN;5;20161117;111000;382.3500000;384.9000000;382.3500000;384.1000000;67820
TATN;5;20161117;111500;384.3500000;384.5500000;383.8000000;384.2500000;19770
TATN;5;20161117;112000;384.1500000;384.2500000;383.6500000;383.9500000;9940
TATN;5;20161117;112500;383.9000000;384.8500000;383.9000000;384.6000000;16860
TATN;5;20161117;113000;384.6000000;384.9000000;383.9000000;383.9000000;28730
TATN;5;20161117;113500;383.8500000;384.1500000;383.2500000;383.7500000;9760
TATN;5;20161117;114000;383.6500000;384.4000000;383.6500000;384.2500000;4990
TATN;5;20161117;114500;384.1500000;384.4000000;384.1500000;384.3000000;5910
TATN;5;20161117;115000;384.3000000;384.9000000;384.3000000;384.6000000;13530
TATN;5;20161117;115500;384.6000000;384.7000000;384.0500000;384.2000000;7790
TATN;5;20161117;120000;384.2500000;384.9000000;384.2000000;384.8000000;9190
TATN;5;20161117;120500;384.7500000;384.9500000;384.6500000;384.7000000;13350
TATN;5;20161117;121000;384.7000000;384.9000000;384.6500000;384.8000000;3650
TATN;5;20161117;121500;384.8000000;385.0500000;384.6500000;384.9000000;29120
TATN;5;20161117;122000;385.0000000;385.1000000;384.6500000;384.6500000;9800
TATN;5;20161117;122500;384.6500000;384.7000000;383.7500000;383.9500000;22320
TATN;5;20161117;123000;383.9000000;384.7000000;383.8500000;384.3500000;3800
TATN;5;20161117;123500;384.4500000;385.8000000;384.4500000;385.7000000;27740
TATN;5;20161117;124000;385.7000000;385.8500000;384.9000000;385.2000000;10930
TATN;5;20161117;124500;384.9000000;385.2500000;384.9000000;384.9000000;5870
TATN;5;20161117;125000;384.9000000;385.6000000;384.9000000;385.6000000;7730
TATN;5;20161117;125500;385.6000000;385.9000000;385.3000000;385.5500000;5010
TATN;5;20161117;130000;385.4000000;385.6000000;385.3000000;385.6000000;1570
TATN;5;20161117;130500;385.6500000;386.9500000;385.6000000;386.7000000;33890
TATN;5;20161117;131000;386.5500000;386.8500000;386.2000000;386.3500000;8910
TATN;5;20161117;131500;386.3500000;386.6500000;386.2500000;386.5000000;8590
TATN;5;20161117;132000;386.4000000;387.3500000;386.3000000;387.0000000;36450
TATN;5;20161117;132500;386.9000000;389.7000000;386.9000000;389.6500000;90800
TATN;5;20161117;133000;389.4000000;389.5500000;388.9500000;389.3500000;16010
TATN;5;20161117;133500;389.5000000;389.6500000;389.1000000;389.5500000;2450
TATN;5;20161117;134000;389.4000000;389.8000000;389.3000000;389.8000000;8600
TATN;5;20161117;134500;389.8000000;389.8000000;389.4000000;389.7500000;5780
TATN;5;20161117;135000;389.5000000;390.9000000;389.4000000;390.5000000;29410
TATN;5;20161117;135500;390.4500000;392.4500000;389.7500000;392.4000000;60750
TATN;5;20161117;140000;392.2500000;393.4000000;391.8500000;393.1000000;46190
TATN;5;20161117;140500;393.1000000;394.5500000;393.1000000;393.6500000;19190
TATN;5;20161117;141000;393.6500000;393.9500000;391.0500000;392.1000000;33750
TATN;5;20161117;141500;392.4500000;393.0000000;392.3500000;392.5500000;10840
TATN;5;20161117;142000;392.6000000;392.6000000;391.7000000;392.0500000;12530
TATN;5;20161117;142500;392.0500000;392.9000000;392.0000000;392.0500000;10490
TATN;5;20161117;143000;392.0500000;392.7500000;391.8500000;392.4000000;10670
TATN;5;20161117;143500;392.6000000;394.0000000;392.5000000;392.7000000;35350
TATN;5;20161117;144000;392.7500000;393.3000000;392.5500000;393.1500000;10950
TATN;5;20161117;144500;393.1000000;393.5000000;392.7500000;393.3000000;9450
TATN;5;20161117;145000;393.5000000;394.7500000;393.2000000;394.4000000;11150
TATN;5;20161117;145500;394.7000000;394.8000000;393.7500000;394.5500000;9870
TATN;5;20161117;150000;394.5500000;394.8500000;394.2000000;394.2000000;13500
TATN;5;20161117;150500;393.8500000;394.2000000;393.4000000;394.1000000;4190
TATN;5;20161117;151000;393.9500000;394.0000000;393.4500000;393.6500000;5360
TATN;5;20161117;151500;393.9000000;394.5000000;393.7000000;394.5000000;4740
TATN;5;20161117;152000;394.5000000;394.8500000;394.4000000;394.7000000;2730
TATN;5;20161117;152500;394.8000000;394.8000000;394.3000000;394.4500000;4770
TATN;5;20161117;153000;394.3000000;394.8000000;394.3000000;394.7500000;4850
TATN;5;20161117;153500;394.6000000;394.9500000;394.5000000;394.9500000;12460
TATN;5;20161117;154000;394.9500000;396.7000000;394.6500000;396.4500000;46020
TATN;5;20161117;154500;396.5500000;396.7000000;395.2500000;395.8000000;15710
TATN;5;20161117;155000;395.8000000;395.9000000;394.6000000;394.6000000;11570
TATN;5;20161117;155500;394.7000000;394.7000000;393.4500000;394.0000000;16540
TATN;5;20161117;160000;394.4000000;394.4500000;394.1000000;394.2000000;2510
TATN;5;20161117;160500;394.4000000;394.7500000;394.3000000;394.4500000;8590
TATN;5;20161117;161000;394.2000000;394.6000000;394.2000000;394.4500000;3160
TATN;5;20161117;161500;394.5500000;394.9500000;394.5000000;394.5000000;7180
TATN;5;20161117;162000;394.5000000;394.8500000;394.5000000;394.8500000;660
TATN;5;20161117;162500;394.6500000;394.9000000;394.4500000;394.7000000;3110
TATN;5;20161117;163000;394.7000000;395.4500000;394.3500000;394.8500000;18630
TATN;5;20161117;163500;395.0000000;396.5000000;395.0000000;396.2500000;24970
TATN;5;20161117;164000;396.2500000;396.3500000;395.4500000;396.3000000;13840
TATN;5;20161117;164500;396.2000000;396.2000000;395.6000000;395.8000000;6730
TATN;5;20161117;165000;395.8500000;396.7000000;395.8500000;396.0000000;8790
TATN;5;20161117;165500;396.1000000;396.1000000;395.6000000;395.7000000;4030
TATN;5;20161117;170000;395.8000000;396.1500000;395.6000000;395.6000000;9720
TATN;5;20161117;170500;395.6500000;395.8500000;395.6500000;395.8500000;200
TATN;5;20161117;171000;395.9000000;396.3500000;395.7500000;395.9500000;9230
TATN;5;20161117;171500;396.1000000;396.3500000;396.0500000;396.3000000;5360
TATN;5;20161117;172000;396.2500000;396.4000000;396.1500000;396.4000000;4970
TATN;5;20161117;172500;396.3000000;397.9500000;396.0500000;397.0500000;24450
TATN;5;20161117;173000;397.4000000;397.6500000;396.5000000;396.7000000;17260
TATN;5;20161117;173500;396.6500000;396.8000000;395.9500000;396.1500000;10930
TATN;5;20161117;174000;396.6000000;397.0500000;396.1000000;397.0500000;13450
TATN;5;20161117;174500;397.0000000;397.8000000;396.7000000;396.9500000;22100
TATN;5;20161117;175000;397.2000000;397.3000000;396.6500000;396.6500000;15970
TATN;5;20161117;175500;396.6000000;397.3500000;396.6000000;397.3500000;1450
TATN;5;20161117;180000;397.5500000;398.6000000;397.5000000;398.4000000;18850
TATN;5;20161117;180500;398.4500000;398.9000000;394.5500000;395.5500000;81190
TATN;5;20161117;181000;395.2000000;396.1000000;394.2000000;394.5000000;41300
TATN;5;20161117;181500;394.8500000;396.2000000;394.5000000;395.9500000;17320
TATN;5;20161117;182000;395.9500000;396.7000000;395.5500000;396.2500000;22650
TATN;5;20161117;182500;396.2500000;396.6000000;395.7500000;396.6000000;8060
TATN;5;20161117;183000;396.6000000;398.7000000;396.6000000;398.4500000;25620
TATN;5;20161117;183500;398.4500000;400.3000000;397.4500000;397.5000000;179600
TATN;5;20161117;184000;397.4500000;399.9500000;397.4500000;399.8500000;115170
TATN;5;20161117;185000;399.5500000;399.5500000;399.5500000;399.5500000;25090
TATN;5;20161118;100500;397.4000000;401.9000000;397.4000000;400.0000000;27030
TATN;5;20161118;101000;400.0000000;400.8500000;399.1500000;400.0000000;26120
TATN;5;20161118;101500;399.9500000;404.8000000;399.9500000;403.2000000;84930
TATN;5;20161118;102000;403.6500000;403.7500000;401.1000000;401.9000000;22080
TATN;5;20161118;102500;401.9000000;401.9000000;401.0000000;401.2500000;2480
TATN;5;20161118;103000;401.2000000;401.2000000;400.4000000;400.4000000;8680
TATN;5;20161118;103500;400.8500000;401.2500000;400.3500000;400.3500000;11220
TATN;5;20161118;104000;400.4000000;401.4500000;400.3000000;400.5000000;9670
TATN;5;20161118;104500;400.8000000;402.2500000;400.5500000;402.2500000;7710
TATN;5;20161118;105000;402.0000000;402.0000000;397.1000000;397.2500000;85490
TATN;5;20161118;105500;397.4500000;397.8000000;396.5000000;397.2000000;20020
TATN;5;20161118;110000;397.3500000;397.4000000;396.1500000;396.3500000;42520
TATN;5;20161118;110500;396.5500000;397.2000000;396.0500000;396.5500000;32900
TATN;5;20161118;111000;396.6000000;397.1000000;394.4500000;395.6500000;84800
TATN;5;20161118;111500;395.9500000;396.4500000;395.5000000;395.6000000;30900
TATN;5;20161118;112000;395.8500000;396.7500000;395.8000000;396.3500000;11690
TATN;5;20161118;112500;396.2000000;396.8500000;394.9000000;395.3000000;29110
TATN;5;20161118;113000;395.4500000;395.8000000;394.9500000;394.9500000;7650
TATN;5;20161118;113500;395.1500000;395.4500000;393.1000000;393.3000000;27090
TATN;5;20161118;114000;393.0500000;393.8000000;392.9000000;392.9000000;30890
TATN;5;20161118;114500;392.9000000;394.0000000;392.2500000;392.7500000;36930
TATN;5;20161118;115000;392.6500000;393.2500000;392.5000000;392.6500000;13850
TATN;5;20161118;115500;392.5500000;392.8500000;392.1500000;392.3000000;12470
TATN;5;20161118;120000;392.4500000;392.5500000;392.1000000;392.1000000;10580
TATN;5;20161118;120500;392.2000000;392.5500000;392.0000000;392.2500000;7220
TATN;5;20161118;121000;392.3500000;393.1000000;392.3500000;392.9000000;7780
TATN;5;20161118;121500;392.5500000;392.7000000;392.2500000;392.5000000;3930
TATN;5;20161118;122000;392.5000000;393.0500000;392.4000000;393.0500000;7340
TATN;5;20161118;122500;393.0500000;394.0500000;391.0500000;391.1500000;51370
TATN;5;20161118;123000;391.2000000;391.3000000;390.2500000;390.6500000;51780
TATN;5;20161118;123500;390.6000000;390.8500000;390.3000000;390.5500000;13540
TATN;5;20161118;124000;390.5000000;391.0500000;389.6500000;390.1000000;51420
TATN;5;20161118;124500;390.1000000;390.5500000;389.8500000;390.4500000;5880
TATN;5;20161118;125000;390.5000000;390.9000000;390.4000000;390.5000000;6000
TATN;5;20161118;125500;390.3000000;390.4000000;390.0500000;390.4000000;4360
TATN;5;20161118;130000;390.4000000;390.4500000;390.1000000;390.4000000;5290
TATN;5;20161118;130500;390.4000000;390.8500000;390.3000000;390.8500000;6470
TATN;5;20161118;131000;390.6000000;390.7500000;390.4500000;390.7000000;4280
TATN;5;20161118;131500;390.4500000;391.0000000;390.0000000;390.6000000;12660
TATN;5;20161118;132000;390.7000000;390.7500000;390.4000000;390.5000000;930
TATN;5;20161118;132500;390.5000000;391.2500000;390.3500000;390.8000000;18030
TATN;5;20161118;133000;390.6000000;392.8000000;390.6000000;391.9500000;26960
TATN;5;20161118;133500;391.7500000;391.7500000;390.8000000;390.8000000;11460
TATN;5;20161118;134000;390.6500000;390.8500000;389.4000000;390.1000000;57990
TATN;5;20161118;134500;389.6500000;390.3500000;387.6500000;388.0500000;66570
TATN;5;20161118;135000;387.8000000;388.3000000;387.5000000;388.0000000;13620
TATN;5;20161118;135500;388.0000000;389.2500000;388.0000000;388.8500000;6890
TATN;5;20161118;140000;388.6500000;389.3500000;388.3000000;388.8500000;12430
TATN;5;20161118;140500;388.8500000;389.7000000;388.6500000;389.3000000;3470
TATN;5;20161118;141000;389.2000000;390.0000000;389.2000000;389.5500000;9300
TATN;5;20161118;141500;389.3000000;390.7000000;389.2000000;389.6500000;10930
TATN;5;20161118;142000;389.6500000;390.0500000;389.0500000;390.0500000;4560
TATN;5;20161118;142500;390.0500000;390.1000000;389.5000000;389.9000000;2940
TATN;5;20161118;143000;389.7000000;390.3500000;389.6500000;389.8500000;3950
TATN;5;20161118;143500;389.5000000;389.9500000;389.3000000;389.7500000;2320
TATN;5;20161118;144000;389.5000000;390.4500000;389.2500000;390.4500000;8740
TATN;5;20161118;144500;390.1500000;390.6500000;388.3500000;389.4000000;33760
TATN;5;20161118;145000;389.0000000;390.3500000;388.8000000;389.8500000;5190
TATN;5;20161118;145500;389.8000000;389.9500000;388.7000000;388.7500000;6950
TATN;5;20161118;150000;388.6000000;388.9000000;388.4000000;388.7500000;4240
TATN;5;20161118;150500;388.6500000;388.7500000;388.2000000;388.7000000;990
TATN;5;20161118;151000;388.5500000;388.6500000;388.1000000;388.5500000;4370
TATN;5;20161118;151500;388.5000000;389.5000000;388.3000000;389.1000000;10050
TATN;5;20161118;152000;389.0500000;389.0500000;388.4500000;388.7000000;3550
TATN;5;20161118;152500;388.7000000;389.0500000;388.3000000;388.7500000;11660
TATN;5;20161118;153000;388.3500000;388.5500000;388.2500000;388.5500000;2110
TATN;5;20161118;153500;388.3000000;388.8500000;388.2000000;388.7000000;6450
TATN;5;20161118;154000;388.7000000;388.7000000;388.2000000;388.4500000;12590
TATN;5;20161118;154500;388.1500000;388.6500000;388.1000000;388.1500000;5230
TATN;5;20161118;155000;388.2500000;388.3000000;387.6500000;387.9500000;18580
TATN;5;20161118;155500;387.9500000;388.0000000;387.6500000;387.8500000;1620
TATN;5;20161118;160000;387.6500000;388.0500000;387.5500000;387.9500000;6550
TATN;5;20161118;160500;387.9000000;388.0500000;387.5500000;387.7500000;3500
TATN;5;20161118;161000;387.7500000;387.9500000;387.5000000;387.9500000;6000
TATN;5;20161118;161500;387.7500000;388.0500000;387.5500000;387.8500000;3990
TATN;5;20161118;162000;387.7500000;387.9000000;387.6000000;387.7500000;4260
TATN;5;20161118;162500;387.7500000;388.0500000;387.7500000;388.0000000;6640
TATN;5;20161118;163000;388.0000000;388.8000000;388.0000000;388.4000000;6060
TATN;5;20161118;163500;388.4000000;388.4500000;387.8000000;387.8000000;4780
TATN;5;20161118;164000;387.8000000;388.0000000;387.0000000;387.5000000;18830
TATN;5;20161118;164500;387.5000000;387.9500000;387.0000000;387.3000000;10810
TATN;5;20161118;165000;387.1500000;387.3500000;386.6000000;386.7500000;9300
TATN;5;20161118;165500;386.6000000;387.1500000;385.8000000;387.0000000;15730
TATN;5;20161118;170000;387.0000000;387.0000000;386.0500000;386.5000000;11340
TATN;5;20161118;170500;386.2000000;386.5500000;386.0000000;386.4500000;15260
TATN;5;20161118;171000;386.4500000;387.1500000;386.2500000;386.7000000;3970
TATN;5;20161118;171500;386.7000000;386.7000000;386.0000000;386.5500000;6770
TATN;5;20161118;172000;386.2500000;387.3500000;386.2000000;387.3500000;8900
TATN;5;20161118;172500;387.3500000;387.3500000;386.3000000;386.3000000;9010
TATN;5;20161118;173000;386.4500000;386.9000000;386.4000000;386.4500000;5670
TATN;5;20161118;173500;386.4500000;387.0000000;386.4000000;386.4500000;8710
TATN;5;20161118;174000;386.4500000;386.6000000;385.5000000;386.1500000;29450
TATN;5;20161118;174500;386.1500000;386.3000000;385.7000000;385.7000000;8800
TATN;5;20161118;175000;385.7000000;386.1000000;385.5000000;385.8500000;11410
TATN;5;20161118;175500;385.8000000;386.2000000;385.5500000;385.8000000;11120
TATN;5;20161118;180000;385.8000000;386.0500000;385.6500000;385.9000000;7360
TATN;5;20161118;180500;385.9000000;386.6000000;385.5000000;386.5500000;11140
TATN;5;20161118;181000;386.3500000;387.6000000;386.3000000;386.9000000;18070
TATN;5;20161118;181500;386.8000000;387.1500000;386.3500000;387.0000000;8400
TATN;5;20161118;182000;387.0000000;387.0000000;385.8000000;386.4000000;12480
TATN;5;20161118;182500;386.4000000;386.6000000;385.7000000;385.8000000;7450
TATN;5;20161118;183000;385.8000000;386.2000000;385.6500000;386.0000000;13690
TATN;5;20161118;183500;386.0000000;387.0000000;386.0000000;386.6500000;11150
TATN;5;20161118;184000;386.6500000;386.7000000;386.0000000;386.0000000;36970
TATN;5;20161118;185000;386.8000000;386.8000000;386.8000000;386.8000000;52200
TATN;5;20161121;100500;389.9000000;389.9000000;388.0500000;389.2000000;41220
TATN;5;20161121;101000;389.2000000;389.4500000;388.7500000;388.8500000;10070
TATN;5;20161121;101500;388.8500000;389.2000000;388.2500000;389.2000000;9770
TATN;5;20161121;102000;389.2000000;389.4000000;388.9500000;389.1500000;3160
TATN;5;20161121;102500;389.1500000;389.3000000;388.9500000;389.0500000;2190
TATN;5;20161121;103000;389.3000000;389.8500000;388.5500000;388.7000000;21800
TATN;5;20161121;103500;388.5500000;389.2500000;388.5500000;389.2000000;7220
TATN;5;20161121;104000;389.0500000;389.2500000;389.0500000;389.0500000;420
TATN;5;20161121;104500;389.2500000;389.2500000;388.6000000;388.9000000;3870
TATN;5;20161121;105000;388.9000000;389.5500000;388.8500000;389.2000000;10430
TATN;5;20161121;105500;389.5500000;389.5500000;389.2000000;389.3000000;620
TATN;5;20161121;110000;389.4000000;389.8500000;389.4000000;389.7500000;3430
TATN;5;20161121;110500;389.7500000;391.1500000;388.8500000;389.3500000;54720
TATN;5;20161121;111000;389.3500000;389.7000000;388.3500000;388.6000000;23670
TATN;5;20161121;111500;388.6000000;388.8500000;388.3000000;388.4000000;3830
TATN;5;20161121;112000;388.4000000;389.0000000;388.3000000;388.7000000;10300
TATN;5;20161121;112500;388.6500000;388.9000000;388.3500000;388.3500000;3880
TATN;5;20161121;113000;388.4000000;388.9000000;388.1500000;388.3500000;9920
TATN;5;20161121;113500;388.3500000;388.7500000;387.3000000;387.5000000;9150
TATN;5;20161121;114000;387.3500000;387.8000000;387.0500000;387.7000000;6470
TATN;5;20161121;114500;387.7000000;388.1000000;387.7000000;387.7000000;2140
TATN;5;20161121;115000;387.9000000;388.1000000;387.5500000;387.8000000;3080
TATN;5;20161121;115500;387.6000000;388.0000000;387.4000000;387.9500000;6420
TATN;5;20161121;120000;387.8000000;388.3500000;387.6000000;388.3000000;2120
TATN;5;20161121;120500;388.2500000;388.3000000;386.9000000;387.0500000;6170
TATN;5;20161121;121000;386.8500000;387.0000000;386.5000000;386.8000000;3930
TATN;5;20161121;121500;386.4500000;387.1000000;386.4500000;386.7000000;1210
TATN;5;20161121;122000;386.6500000;387.2500000;386.6500000;387.2500000;6180
TATN;5;20161121;122500;387.3000000;387.3000000;386.0500000;386.0500000;8310
TATN;5;20161121;123000;386.1500000;386.8000000;383.9500000;384.9000000;66570
TATN;5;20161121;123500;384.9500000;384.9500000;384.3000000;384.5500000;5740
TATN;5;20161121;124000;384.6500000;385.0500000;384.6000000;385.0500000;4270
TATN;5;20161121;124500;385.0500000;385.4000000;384.6500000;385.0000000;2870
TATN;5;20161121;125000;385.0000000;385.8000000;384.9500000;385.4500000;6510
TATN;5;20161121;125500;385.3500000;385.6500000;385.2500000;385.6500000;3430
TATN;5;20161121;130000;385.3500000;385.6500000;385.3000000;385.6500000;2110
TATN;5;20161121;130500;385.4500000;386.0000000;385.4500000;386.0000000;7730
TATN;5;20161121;131000;385.7500000;385.7500000;385.5000000;385.6000000;800
TATN;5;20161121;131500;385.9000000;387.3000000;385.9000000;387.2000000;6510
TATN;5;20161121;132000;387.3500000;387.3500000;386.8500000;386.8500000;3340
TATN;5;20161121;132500;386.9000000;386.9000000;386.0000000;386.0000000;6210
TATN;5;20161121;133000;386.0000000;386.9500000;385.4500000;386.0000000;11900
TATN;5;20161121;133500;386.0000000;386.6000000;385.9000000;386.0500000;5130
TATN;5;20161121;134000;386.1000000;386.8000000;386.0000000;386.0500000;8690
TATN;5;20161121;134500;386.0500000;386.1000000;385.5000000;385.5000000;1600
TATN;5;20161121;135000;385.5000000;385.8000000;385.3000000;385.3500000;2470
TATN;5;20161121;135500;385.3500000;385.5000000;384.6000000;384.9500000;8030
TATN;5;20161121;140000;385.0000000;385.2500000;384.7000000;385.1000000;9490
TATN;5;20161121;140500;385.2500000;385.8000000;385.2500000;385.5500000;1890
TATN;5;20161121;141000;385.5500000;385.7500000;385.0000000;385.0000000;6400
TATN;5;20161121;141500;385.2000000;385.8000000;385.2000000;385.8000000;4500
TATN;5;20161121;142000;385.5000000;386.3000000;385.5000000;385.5500000;7160
TATN;5;20161121;142500;385.5500000;385.7500000;385.4500000;385.6500000;8190
TATN;5;20161121;143000;385.7000000;385.7000000;384.7500000;385.3500000;11700
TATN;5;20161121;143500;385.3500000;385.4500000;384.8500000;385.2500000;5370
TATN;5;20161121;144000;385.2500000;385.2500000;385.2000000;385.2500000;2090
TATN;5;20161121;144500;385.3000000;385.3000000;384.1500000;384.6500000;11320
TATN;5;20161121;145000;384.6500000;385.2000000;384.5000000;385.0000000;7890
TATN;5;20161121;145500;384.9000000;385.0500000;384.6500000;385.0000000;2350
TATN;5;20161121;150000;385.0500000;385.3000000;384.9500000;385.3000000;2220
TATN;5;20161121;150500;385.3000000;385.3000000;384.4500000;384.8000000;4710
TATN;5;20161121;151000;384.8000000;385.0500000;384.4000000;384.8000000;4770
TATN;5;20161121;151500;384.5000000;384.8500000;384.5000000;384.7000000;4630
TATN;5;20161121;152000;384.7000000;384.8000000;384.4000000;384.4000000;7520
TATN;5;20161121;152500;384.4500000;384.5500000;384.1500000;384.2000000;8500
TATN;5;20161121;153000;384.3500000;384.4000000;383.3000000;383.6000000;14700
TATN;5;20161121;153500;383.5500000;384.1500000;383.1000000;384.1500000;12590
TATN;5;20161121;154000;384.1500000;384.6500000;383.9000000;384.4500000;9660
TATN;5;20161121;154500;384.5000000;385.3000000;384.4500000;385.3000000;15070
TATN;5;20161121;155000;385.3000000;385.5500000;384.6500000;384.8500000;9910
TATN;5;20161121;155500;384.6500000;384.9000000;384.0000000;384.2500000;7240
TATN;5;20161121;160000;384.2500000;384.2500000;383.6500000;383.6500000;4550
TATN;5;20161121;160500;383.6500000;384.2500000;383.5000000;384.2500000;3530
TATN;5;20161121;161000;384.1000000;384.5500000;384.0000000;384.1500000;6830
TATN;5;20161121;161500;384.4000000;384.4000000;383.2000000;383.5500000;6370
TATN;5;20161121;162000;383.4500000;384.0000000;383.2500000;383.6500000;16190
TATN;5;20161121;162500;383.6500000;383.9500000;383.5000000;383.8500000;4440
TATN;5;20161121;163000;383.9000000;384.3500000;383.9000000;384.3500000;9270
TATN;5;20161121;163500;384.4500000;384.7500000;383.5500000;384.1000000;12540
TATN;5;20161121;164000;384.0000000;384.4500000;383.8500000;384.0000000;7840
TATN;5;20161121;164500;383.8500000;384.2500000;383.6500000;384.2500000;9900
TATN;5;20161121;165000;384.1000000;384.4000000;383.7000000;384.0500000;5980
TATN;5;20161121;165500;383.9500000;383.9500000;383.3500000;383.8500000;9080
TATN;5;20161121;170000;383.7000000;383.8000000;383.1500000;383.4500000;8110
TATN;5;20161121;170500;383.6500000;383.8500000;383.2000000;383.6500000;6920
TATN;5;20161121;171000;383.8500000;384.3000000;383.5000000;383.7000000;22280
TATN;5;20161121;171500;383.7000000;384.3000000;383.3000000;384.3000000;20440
TATN;5;20161121;172000;383.9500000;385.1500000;383.5500000;385.1500000;42520
TATN;5;20161121;172500;385.1500000;387.7000000;384.9500000;387.5500000;60580
TATN;5;20161121;173000;387.7500000;389.6500000;386.2500000;389.5000000;62740
TATN;5;20161121;173500;389.7000000;390.0000000;388.6000000;388.9000000;56080
TATN;5;20161121;174000;388.9000000;390.8500000;388.6000000;390.7000000;60990
TATN;5;20161121;174500;390.9000000;391.7000000;390.7000000;391.5000000;59200
TATN;5;20161121;175000;391.7500000;392.2500000;391.3500000;391.3500000;25600
TATN;5;20161121;175500;391.6000000;391.6500000;390.3500000;390.8500000;17730
TATN;5;20161121;180000;390.9500000;391.6500000;390.9500000;391.6500000;14460
TATN;5;20161121;180500;391.7500000;392.1500000;391.0500000;391.9500000;34000
TATN;5;20161121;181000;392.2000000;393.5500000;392.0000000;393.1000000;65730
TATN;5;20161121;181500;393.1000000;393.3000000;391.4500000;392.1000000;42520
TATN;5;20161121;182000;392.1000000;394.5500000;391.8500000;394.3000000;113410
TATN;5;20161121;182500;394.6500000;394.8000000;391.4500000;393.4500000;59420
TATN;5;20161121;183000;393.7500000;394.7500000;391.5000000;394.0500000;71540
TATN;5;20161121;183500;393.9500000;396.4500000;393.9500000;396.4500000;63640
TATN;5;20161121;184000;396.5000000;398.8000000;396.2500000;398.6000000;354890
TATN;5;20161121;185000;398.0000000;398.0000000;398.0000000;398.0000000;139640
TATN;5;20161122;100500;398.5500000;398.5500000;396.1500000;396.2000000;48370
TATN;5;20161122;101000;396.6500000;396.7000000;395.0000000;395.3500000;30380
TATN;5;20161122;101500;395.0500000;395.3500000;393.5500000;394.6000000;21060
TATN;5;20161122;102000;394.4000000;395.7500000;394.1000000;395.5000000;7150
TATN;5;20161122;102500;395.2000000;395.7500000;395.2000000;395.4000000;1800
TATN;5;20161122;103000;395.7000000;396.7500000;395.7000000;395.8500000;5870
TATN;5;20161122;103500;396.2000000;396.2000000;395.7000000;395.7000000;690
TATN;5;20161122;104000;395.6500000;396.5000000;395.0000000;395.0000000;17620
TATN;5;20161122;104500;395.0000000;396.1500000;394.6000000;395.6000000;11980
TATN;5;20161122;105000;395.6000000;396.6500000;395.5500000;395.7000000;6240
TATN;5;20161122;105500;395.6000000;398.2000000;395.5500000;397.9000000;23930
TATN;5;20161122;110000;397.9500000;398.4000000;397.2500000;397.2500000;7630
TATN;5;20161122;110500;397.1500000;397.1500000;394.6000000;395.5000000;36500
TATN;5;20161122;111000;395.6500000;395.6500000;393.9500000;394.4500000;14960
TATN;5;20161122;111500;394.6000000;394.6000000;394.1500000;394.4000000;1990
TATN;5;20161122;112000;394.4000000;394.5500000;392.7000000;393.1000000;29980
TATN;5;20161122;112500;393.3000000;393.5500000;392.8500000;393.3000000;3220
TATN;5;20161122;113000;393.4500000;395.3500000;393.4500000;394.9000000;21860
TATN;5;20161122;113500;394.9000000;394.9000000;394.3000000;394.8500000;3140
TATN;5;20161122;114000;394.7000000;394.8500000;394.5000000;394.5000000;1080
TATN;5;20161122;114500;394.5500000;396.6500000;394.4000000;396.5000000;11170
TATN;5;20161122;115000;396.1000000;397.2000000;395.3500000;396.6000000;21140
TATN;5;20161122;115500;396.4500000;396.6000000;395.5500000;395.7500000;15650
TATN;5;20161122;120000;395.6000000;397.0000000;395.3500000;396.9000000;20280
TATN;5;20161122;120500;396.9000000;397.2000000;394.7000000;395.1000000;22280
TATN;5;20161122;121000;395.1000000;395.5000000;394.6500000;395.4500000;16040
TATN;5;20161122;121500;395.4000000;395.5000000;395.0000000;395.5000000;14720
TATN;5;20161122;122000;395.5000000;395.5000000;394.5500000;394.8500000;5420
TATN;5;20161122;122500;394.5500000;394.9000000;394.3000000;394.5000000;3910
TATN;5;20161122;123000;394.5000000;394.9500000;394.5000000;394.9500000;4340
TATN;5;20161122;123500;394.9000000;394.9500000;394.5500000;394.7000000;2700
TATN;5;20161122;124000;394.7000000;394.7000000;394.0500000;394.2500000;6060
TATN;5;20161122;124500;394.3000000;394.9500000;394.3000000;394.9500000;12860
TATN;5;20161122;125000;394.9500000;394.9500000;394.2000000;394.6000000;7900
TATN;5;20161122;125500;394.3000000;394.6000000;393.5000000;393.9000000;5860
TATN;5;20161122;130000;394.1000000;394.9000000;393.9500000;394.1000000;15340
TATN;5;20161122;130500;394.1500000;394.1500000;393.9000000;393.9000000;1850
TATN;5;20161122;131000;394.1000000;394.1000000;393.6500000;393.6500000;4560
TATN;5;20161122;131500;393.9000000;394.0000000;393.9000000;394.0000000;1750
TATN;5;20161122;132000;394.0500000;394.3000000;393.9500000;394.0000000;3450
TATN;5;20161122;132500;393.8500000;393.9500000;393.4000000;393.6000000;20870
TATN;5;20161122;133000;393.4000000;393.6500000;393.4000000;393.6000000;4370
TATN;5;20161122;133500;393.4000000;393.5000000;393.1500000;393.5000000;4860
TATN;5;20161122;134000;393.3000000;393.3500000;392.8000000;392.8000000;22310
TATN;5;20161122;134500;392.8000000;393.2000000;392.3500000;393.0000000;20160
TATN;5;20161122;135000;393.1000000;393.1000000;392.6000000;392.9500000;11550
TATN;5;20161122;135500;392.5500000;392.6000000;391.8500000;391.8500000;19530
TATN;5;20161122;140000;391.9500000;392.2500000;391.8500000;392.1500000;7050
TATN;5;20161122;140500;392.2000000;392.2500000;392.0500000;392.1000000;4570
TATN;5;20161122;141000;392.2500000;392.2500000;391.7500000;391.7500000;25840
TATN;5;20161122;141500;392.0000000;392.1500000;391.8500000;391.8500000;2400
TATN;5;20161122;142000;391.9500000;392.2500000;391.6000000;391.6000000;11810
TATN;5;20161122;142500;391.8500000;392.1000000;391.7500000;392.1000000;1150
TATN;5;20161122;143000;391.7500000;392.1000000;391.3000000;391.6000000;10440
TATN;5;20161122;143500;391.5500000;391.5500000;391.0500000;391.0500000;8090
TATN;5;20161122;144000;391.1500000;391.3000000;391.0500000;391.0500000;3940
TATN;5;20161122;144500;391.0500000;391.3000000;390.4500000;391.0000000;21870
TATN;5;20161122;145000;390.7000000;390.9000000;390.1000000;390.3000000;87230
TATN;5;20161122;145500;390.4500000;390.9000000;390.2000000;390.6500000;14680
TATN;5;20161122;150000;390.6000000;390.8000000;389.1000000;389.4500000;17540
TATN;5;20161122;150500;389.4500000;389.9500000;388.4000000;389.2500000;19370
TATN;5;20161122;151000;388.9500000;389.6500000;388.1000000;388.1500000;21260
TATN;5;20161122;151500;388.4500000;388.6500000;388.0500000;388.3500000;11840
TATN;5;20161122;152000;388.3500000;388.6000000;387.2500000;387.2500000;17790
TATN;5;20161122;152500;387.2500000;388.3000000;387.2500000;387.9000000;18730
TATN;5;20161122;153000;387.8500000;388.6500000;387.7500000;388.6500000;6120
TATN;5;20161122;153500;388.4000000;389.6000000;388.0000000;389.2500000;17240
TATN;5;20161122;154000;389.3500000;389.5000000;388.6000000;389.2000000;18800
TATN;5;20161122;154500;389.2000000;390.2000000;388.6500000;389.6500000;43610
TATN;5;20161122;155000;389.6000000;389.6000000;388.8000000;388.8000000;11850
TATN;5;20161122;155500;388.9000000;388.9000000;387.4000000;387.9500000;21730
TATN;5;20161122;160000;387.6000000;387.6500000;386.4000000;387.2000000;29870
TATN;5;20161122;160500;386.9000000;388.8000000;386.6500000;388.8000000;12610
TATN;5;20161122;161000;388.8000000;389.1500000;388.4500000;388.8000000;9010
TATN;5;20161122;161500;388.8000000;389.0500000;388.4500000;389.0500000;3140
TATN;5;20161122;162000;389.1000000;389.8000000;389.1000000;389.7500000;5330
TATN;5;20161122;162500;389.4500000;389.9000000;389.2000000;389.9000000;3140
TATN;5;20161122;163000;390.0000000;390.9500000;390.0000000;390.6500000;12980
TATN;5;20161122;163500;390.6500000;390.6500000;389.3500000;389.3500000;7880
TATN;5;20161122;164000;389.3500000;389.6000000;389.1500000;389.2500000;1850
TATN;5;20161122;164500;389.1500000;389.1500000;389.1000000;389.1500000;340
TATN;5;20161122;165000;388.9500000;389.5000000;388.2500000;389.0500000;6690
TATN;5;20161122;165500;388.8500000;388.8500000;388.5000000;388.5500000;1880
TATN;5;20161122;170000;388.5500000;388.7500000;388.2500000;388.7000000;7250
TATN;5;20161122;170500;388.6500000;388.6500000;388.4000000;388.6500000;3150
TATN;5;20161122;171000;388.6500000;388.9000000;388.4500000;388.7500000;810
TATN;5;20161122;171500;388.5000000;388.7000000;388.4500000;388.7000000;720
TATN;5;20161122;172000;388.7000000;388.9000000;388.3500000;388.9000000;3890
TATN;5;20161122;172500;389.0000000;389.4500000;388.8500000;389.2000000;5360
TATN;5;20161122;173000;389.2000000;389.2000000;388.4500000;388.4500000;5630
TATN;5;20161122;173500;388.6500000;388.9000000;387.9000000;388.0000000;14640
TATN;5;20161122;174000;387.9500000;388.3500000;387.5500000;388.3500000;4400
TATN;5;20161122;174500;388.3000000;388.3500000;388.0000000;388.1500000;3400
TATN;5;20161122;175000;388.1000000;388.2000000;387.9500000;388.2000000;1150
TATN;5;20161122;175500;388.2000000;388.2000000;387.8000000;388.0000000;820
TATN;5;20161122;180000;387.8500000;388.0000000;387.2500000;387.2500000;8740
TATN;5;20161122;180500;387.2000000;387.7500000;387.2000000;387.7500000;800
TATN;5;20161122;181000;387.7500000;387.7500000;387.3000000;387.6000000;11580
TATN;5;20161122;181500;387.3000000;387.7500000;385.4000000;385.5500000;31170
TATN;5;20161122;182000;385.7500000;386.1000000;385.1000000;386.1000000;11250
TATN;5;20161122;182500;386.0500000;386.1000000;385.2500000;385.6000000;8200
TATN;5;20161122;183000;385.5000000;385.9500000;385.4500000;385.6000000;9120
TATN;5;20161122;183500;385.9500000;387.7500000;385.9500000;387.7500000;16830
TATN;5;20161122;184000;387.7000000;389.0000000;386.7500000;386.7500000;42680
TATN;5;20161122;185000;385.8500000;385.8500000;385.8500000;385.8500000;18940
TATN;5;20161123;100500;385.7000000;386.5500000;385.0500000;385.9000000;14850
TATN;5;20161123;101000;385.9000000;386.7000000;385.6500000;386.1000000;13460
TATN;5;20161123;101500;385.8000000;387.6500000;385.8000000;387.4000000;9640
TATN;5;20161123;102000;387.5500000;388.6000000;387.3000000;387.3000000;12960
TATN;5;20161123;102500;387.5000000;387.5000000;385.7500000;386.6500000;15980
TATN;5;20161123;103000;386.8000000;386.8000000;385.9000000;385.9500000;4060
TATN;5;20161123;103500;386.2000000;386.3000000;385.8000000;386.3000000;1710
TATN;5;20161123;104000;386.5000000;387.8000000;386.4500000;387.2500000;7910
TATN;5;20161123;104500;387.4500000;387.6000000;386.0000000;386.0000000;3730
TATN;5;20161123;105000;386.2500000;386.5000000;385.9500000;386.5000000;1980
TATN;5;20161123;105500;386.5000000;386.5000000;386.2000000;386.4500000;1580
TATN;5;20161123;110000;386.4500000;387.0000000;386.4500000;387.0000000;2200
TATN;5;20161123;110500;386.9500000;388.5500000;386.7500000;388.5500000;12210
TATN;5;20161123;111000;388.5500000;389.9500000;388.5000000;389.4500000;29290
TATN;5;20161123;111500;389.4500000;389.4500000;388.1500000;388.9500000;15860
TATN;5;20161123;112000;389.2000000;389.8500000;388.9000000;389.6500000;2980
TATN;5;20161123;112500;389.8500000;389.8500000;389.0500000;389.1500000;1450
TATN;5;20161123;113000;389.3000000;389.3000000;388.0500000;388.0500000;3210
TATN;5;20161123;113500;388.2500000;389.6500000;388.2500000;388.9500000;6690
TATN;5;20161123;114000;388.9500000;389.3500000;388.6000000;388.9500000;4340
TATN;5;20161123;114500;388.9500000;389.3500000;388.7500000;389.3500000;5160
TATN;5;20161123;115000;389.4000000;389.8500000;388.3500000;388.3500000;11450
TATN;5;20161123;115500;388.3000000;389.2000000;387.7000000;388.1500000;21140
TATN;5;20161123;120000;388.3000000;388.8500000;388.1500000;388.8500000;3380
TATN;5;20161123;120500;388.8500000;389.1500000;388.7500000;389.1500000;4800
TATN;5;20161123;121000;389.1500000;389.5000000;388.5500000;388.9500000;15410
TATN;5;20161123;121500;388.9500000;389.1500000;388.6000000;388.6000000;4090
TATN;5;20161123;122000;388.9000000;388.9000000;388.8500000;388.9000000;1490
TATN;5;20161123;122500;388.9000000;388.9500000;388.7500000;388.7500000;5280
TATN;5;20161123;123000;388.9000000;389.0000000;388.7500000;388.8000000;2410
TATN;5;20161123;123500;388.9500000;389.1000000;388.6500000;388.9000000;14240
TATN;5;20161123;124000;388.9000000;389.1000000;388.6500000;388.8000000;6230
TATN;5;20161123;124500;388.8500000;388.9500000;388.3500000;388.5000000;21860
TATN;5;20161123;125000;388.6500000;389.5000000;388.6500000;389.4500000;9180
TATN;5;20161123;125500;389.1000000;389.3500000;389.1000000;389.3500000;3340
TATN;5;20161123;130000;389.3000000;389.5500000;389.1500000;389.5500000;6600
TATN;5;20161123;130500;389.5500000;390.0000000;389.5500000;389.9500000;5310
TATN;5;20161123;131000;389.9500000;389.9500000;389.4500000;389.6500000;4540
TATN;5;20161123;131500;389.6000000;389.9000000;389.4500000;389.7500000;2290
TATN;5;20161123;132000;389.7500000;389.9000000;389.5500000;389.8000000;2570
TATN;5;20161123;132500;389.7500000;390.0000000;389.5500000;390.0000000;3280
TATN;5;20161123;133000;389.9500000;390.0000000;389.2500000;389.6000000;4210
TATN;5;20161123;133500;389.5500000;389.5500000;388.9000000;389.4500000;4900
TATN;5;20161123;134000;389.0500000;389.5000000;389.0500000;389.1500000;4350
TATN;5;20161123;134500;389.4500000;389.5000000;389.4500000;389.5000000;1480
TATN;5;20161123;135000;389.5000000;390.2000000;389.5000000;390.2000000;11710
TATN;5;20161123;135500;389.9500000;390.5000000;389.7000000;390.5000000;3270
TATN;5;20161123;140000;390.5000000;391.6500000;390.5000000;391.6500000;16600
TATN;5;20161123;140500;391.7000000;391.7000000;391.2500000;391.2500000;3630
TATN;5;20161123;141000;391.1500000;391.1500000;390.6500000;391.0000000;5050
TATN;5;20161123;141500;391.0000000;391.9500000;391.0000000;391.9000000;6940
TATN;5;20161123;142000;391.9500000;392.4500000;391.7500000;392.4500000;4290
TATN;5;20161123;142500;392.4500000;392.4500000;392.0000000;392.4000000;3440
TATN;5;20161123;143000;392.4000000;392.4500000;391.8000000;392.1000000;4410
TATN;5;20161123;143500;392.1500000;392.2000000;391.8500000;391.8500000;4760
TATN;5;20161123;144000;391.7000000;391.7000000;390.5500000;390.9500000;8600
TATN;5;20161123;144500;390.9500000;392.0500000;390.9500000;391.8500000;4610
TATN;5;20161123;145000;391.8500000;392.4500000;391.7000000;392.3500000;8330
TATN;5;20161123;145500;392.3500000;392.4500000;391.7000000;392.0500000;10410
TATN;5;20161123;150000;392.0500000;392.0500000;391.0000000;391.7000000;7400
TATN;5;20161123;150500;391.7000000;391.7000000;391.2000000;391.5000000;2490
TATN;5;20161123;151000;391.5000000;391.5000000;390.9500000;391.2500000;3060
TATN;5;20161123;151500;391.2000000;391.3500000;390.8000000;391.3500000;8480
TATN;5;20161123;152000;391.5000000;391.9000000;391.0000000;391.3000000;15130
TATN;5;20161123;152500;391.3000000;392.0500000;391.2500000;392.0500000;4010
TATN;5;20161123;153000;392.0000000;392.3500000;391.8000000;391.9500000;4680
TATN;5;20161123;153500;392.2500000;392.3000000;392.0000000;392.0500000;6400
TATN;5;20161123;154000;392.0500000;392.3500000;391.8000000;391.9000000;8230
TATN;5;20161123;154500;391.9000000;391.9500000;391.1500000;391.4500000;5840
TATN;5;20161123;155000;391.2500000;391.6000000;391.1500000;391.5500000;3960
TATN;5;20161123;155500;391.5500000;391.5500000;390.6500000;390.8500000;6320
TATN;5;20161123;160000;390.8500000;391.1500000;390.8500000;391.1000000;3250
TATN;5;20161123;160500;391.1000000;391.1000000;390.0000000;390.0000000;16890
TATN;5;20161123;161000;390.0000000;390.0000000;388.7500000;389.3500000;12590
TATN;5;20161123;161500;389.0500000;390.2500000;389.0500000;389.7500000;9160
TATN;5;20161123;162000;389.7500000;389.7500000;389.0000000;389.3500000;4950
TATN;5;20161123;162500;389.3500000;389.4000000;388.8500000;389.4000000;3360
TATN;5;20161123;163000;389.1500000;389.3500000;388.8500000;389.2500000;6110
TATN;5;20161123;163500;389.2500000;389.2500000;388.8500000;388.9000000;3950
TATN;5;20161123;164000;388.9000000;389.2500000;388.8500000;389.1000000;4150
TATN;5;20161123;164500;389.1000000;389.2500000;387.7000000;387.7000000;14770
TATN;5;20161123;165000;388.1000000;388.4500000;387.9500000;388.4500000;11790
TATN;5;20161123;165500;388.5000000;388.6500000;388.0500000;388.0500000;3470
TATN;5;20161123;170000;388.3000000;388.7000000;388.1500000;388.1500000;10520
TATN;5;20161123;170500;388.1500000;388.8500000;388.0000000;388.3000000;10050
TATN;5;20161123;171000;388.3500000;388.3500000;388.1000000;388.3000000;2880
TATN;5;20161123;171500;388.4500000;389.0500000;388.4500000;389.0500000;1740
TATN;5;20161123;172000;389.0000000;389.2000000;387.9500000;388.3000000;8030
TATN;5;20161123;172500;388.3500000;388.8000000;387.8500000;387.8500000;9970
TATN;5;20161123;173000;387.9500000;388.6500000;387.7000000;388.6500000;10830
TATN;5;20161123;173500;388.4500000;389.4000000;388.4000000;389.3500000;13640
TATN;5;20161123;174000;389.3000000;390.8000000;389.2000000;390.8000000;40100
TATN;5;20161123;174500;390.8500000;391.6000000;390.6000000;391.3500000;25850
TATN;5;20161123;175000;391.0500000;391.4500000;390.4000000;391.3500000;32580
TATN;5;20161123;175500;391.3000000;391.9500000;391.0500000;391.3500000;18560
TATN;5;20161123;180000;391.3000000;391.6000000;391.0500000;391.6000000;8890
TATN;5;20161123;180500;391.4500000;391.6500000;391.1500000;391.6000000;11310
TATN;5;20161123;181000;391.2500000;391.4500000;390.3000000;390.7000000;28320
TATN;5;20161123;181500;390.4000000;390.9500000;390.4000000;390.5500000;26380
TATN;5;20161123;182000;390.5000000;391.1000000;390.5000000;390.7500000;8940
TATN;5;20161123;182500;390.9500000;391.0500000;390.2500000;390.6000000;24660
TATN;5;20161123;183000;390.5000000;390.8000000;390.0500000;390.8000000;17670
TATN;5;20161123;183500;390.9000000;391.9000000;390.5000000;391.7500000;35960
TATN;5;20161123;184000;391.7000000;392.4000000;391.1500000;392.4000000;148500
TATN;5;20161123;185000;392.4000000;392.4000000;392.4000000;392.4000000;51560
TATN;5;20161124;100500;390.7000000;394.0000000;390.7000000;392.4000000;5560
TATN;5;20161124;101000;391.9500000;393.0000000;391.6500000;393.0000000;20230
TATN;5;20161124;101500;392.9500000;394.0000000;392.9500000;393.5000000;3180
TATN;5;20161124;102000;393.5500000;393.5500000;393.2000000;393.5000000;1000
TATN;5;20161124;102500;393.2000000;393.4500000;393.0000000;393.4500000;2980
TATN;5;20161124;103000;393.3000000;397.6500000;393.3000000;397.1500000;48780
TATN;5;20161124;103500;397.5000000;397.5000000;396.1500000;396.6000000;13680
TATN;5;20161124;104000;396.3500000;396.6500000;395.9500000;396.2500000;2160
TATN;5;20161124;104500;396.3000000;397.6500000;396.1000000;397.6500000;9620
TATN;5;20161124;105000;397.6500000;397.6500000;397.0000000;397.0000000;2550
TATN;5;20161124;105500;397.2500000;397.4500000;396.3000000;396.8500000;5790
TATN;5;20161124;110000;396.5500000;396.8500000;396.1500000;396.7000000;2510
TATN;5;20161124;110500;396.5000000;396.5000000;391.6000000;392.5500000;259880
TATN;5;20161124;111000;392.6000000;393.3000000;392.0500000;392.7000000;48260
TATN;5;20161124;111500;393.0000000;393.5000000;392.5000000;393.1500000;11090
TATN;5;20161124;112000;393.1500000;394.8500000;392.7500000;394.7000000;32770
TATN;5;20161124;112500;394.6000000;394.6000000;392.1500000;392.6000000;59780
TATN;5;20161124;113000;392.8000000;393.0500000;391.5500000;392.4000000;43990
TATN;5;20161124;113500;392.2000000;392.7000000;391.9000000;392.5000000;13900
TATN;5;20161124;114000;392.5000000;392.7500000;391.7000000;392.3500000;47920
TATN;5;20161124;114500;392.3000000;392.7500000;392.1000000;392.7000000;9920
TATN;5;20161124;115000;392.7500000;393.8500000;392.6500000;393.6000000;22560
TATN;5;20161124;115500;393.8000000;394.7000000;393.5000000;394.7000000;12150
TATN;5;20161124;120000;394.5500000;394.6500000;393.3500000;393.7500000;38760
TATN;5;20161124;120500;393.4500000;393.9000000;392.9500000;393.4500000;20440
TATN;5;20161124;121000;393.7000000;393.7000000;392.8500000;393.5500000;11570
TATN;5;20161124;121500;393.5500000;393.7500000;393.0500000;393.6000000;10800
TATN;5;20161124;122000;393.6500000;393.7500000;393.1500000;393.4500000;13670
TATN;5;20161124;122500;393.4500000;393.6000000;393.1500000;393.3500000;2020
TATN;5;20161124;123000;393.3500000;393.3500000;392.8000000;393.0500000;3640
TATN;5;20161124;123500;393.0500000;393.1000000;392.7500000;393.0500000;730
TATN;5;20161124;124000;393.0500000;393.2000000;392.2500000;392.5000000;4790
TATN;5;20161124;124500;392.7500000;392.7500000;391.8500000;392.2500000;7180
TATN;5;20161124;125000;391.9000000;392.1500000;391.7000000;392.1000000;1260
TATN;5;20161124;125500;391.7000000;392.3000000;391.1500000;391.8500000;31200
TATN;5;20161124;130000;392.2000000;392.2000000;391.8500000;391.9000000;1050
TATN;5;20161124;130500;391.8500000;392.4500000;391.8500000;392.4500000;3280
TATN;5;20161124;131000;392.2500000;392.4500000;392.2500000;392.3000000;970
TATN;5;20161124;131500;392.1000000;392.1000000;392.1000000;392.1000000;380
TATN;5;20161124;132000;392.1000000;392.5000000;391.7500000;392.1000000;5350
TATN;5;20161124;132500;392.1000000;392.4500000;392.1000000;392.1000000;1000
TATN;5;20161124;133000;392.4000000;392.4000000;392.1000000;392.1000000;2610
TATN;5;20161124;133500;392.0500000;392.1500000;392.0000000;392.0000000;410
TATN;5;20161124;134000;392.0000000;392.0000000;391.9500000;391.9500000;1180
TATN;5;20161124;134500;392.0000000;392.1000000;392.0000000;392.1000000;360
TATN;5;20161124;135000;392.1500000;392.3000000;391.9500000;392.1500000;1160
TATN;5;20161124;135500;391.9500000;392.0500000;391.9000000;391.9000000;1190
TATN;5;20161124;140000;391.9500000;391.9500000;391.9000000;391.9000000;4800
TATN;5;20161124;140500;392.1000000;392.2500000;392.1000000;392.2500000;1070
TATN;5;20161124;141000;392.1500000;392.1500000;391.9500000;391.9500000;6970
TATN;5;20161124;141500;392.1500000;392.1500000;392.0000000;392.0000000;520
TATN;5;20161124;142000;392.2500000;392.2500000;392.1000000;392.1000000;570
TATN;5;20161124;142500;392.3500000;392.5000000;391.9500000;392.2000000;4280
TATN;5;20161124;143000;392.2500000;392.5000000;392.0500000;392.5000000;1390
TATN;5;20161124;143500;392.5000000;392.6000000;391.9000000;392.1500000;10070
TATN;5;20161124;144000;392.1500000;392.1500000;391.2500000;391.8500000;18070
TATN;5;20161124;144500;391.8500000;392.2000000;391.2500000;391.6000000;12480
TATN;5;20161124;145000;391.6000000;391.6500000;391.0500000;391.3000000;3070
TATN;5;20161124;145500;391.3000000;391.3000000;390.7500000;391.1500000;6100
TATN;5;20161124;150000;390.8000000;391.1500000;390.5500000;390.5500000;2970
TATN;5;20161124;150500;390.5500000;390.6500000;390.1000000;390.6500000;3140
TATN;5;20161124;151000;390.6500000;390.7000000;390.3000000;390.7000000;1870
TATN;5;20161124;151500;390.7000000;391.5000000;390.7000000;391.4500000;6920
TATN;5;20161124;152000;391.5000000;391.8000000;391.3000000;391.7500000;1800
TATN;5;20161124;152500;391.7000000;392.0000000;391.3500000;392.0000000;1410
TATN;5;20161124;153000;392.0000000;392.3500000;391.6500000;391.9000000;3600
TATN;5;20161124;153500;392.3000000;392.3000000;390.6500000;390.6500000;7380
TATN;5;20161124;154000;390.6500000;391.1000000;390.6500000;391.0500000;1520
TATN;5;20161124;154500;391.0500000;391.2000000;390.7500000;391.2000000;1410
TATN;5;20161124;155000;391.2500000;391.4000000;390.8000000;390.8000000;1950
TATN;5;20161124;155500;390.8000000;390.8000000;390.1000000;390.7500000;6630
TATN;5;20161124;160000;390.4500000;390.4500000;390.0000000;390.1000000;11570
TATN;5;20161124;160500;390.1000000;391.0000000;389.8500000;391.0000000;3670
TATN;5;20161124;161000;391.0500000;391.6000000;391.0500000;391.6000000;1230
TATN;5;20161124;161500;391.6500000;391.6500000;391.0500000;391.6500000;3620
TATN;5;20161124;162000;391.6500000;391.7000000;391.2000000;391.5000000;1380
TATN;5;20161124;162500;391.5000000;391.5000000;390.5500000;390.7500000;4300
TATN;5;20161124;163000;390.7500000;391.4500000;390.7500000;391.3000000;2880
TATN;5;20161124;163500;390.8500000;391.4500000;390.8000000;391.4000000;1700
TATN;5;20161124;164000;391.4000000;391.5500000;391.0000000;391.5500000;1590
TATN;5;20161124;164500;391.5500000;392.0000000;391.5500000;391.9500000;2010
TATN;5;20161124;165000;391.6500000;391.9000000;391.4500000;391.7000000;6300
TATN;5;20161124;165500;391.7500000;392.0500000;391.5500000;392.0000000;3410
TATN;5;20161124;170000;392.0500000;392.5000000;391.8500000;392.5000000;4060
TATN;5;20161124;170500;392.5000000;392.6500000;391.7000000;392.6000000;3490
TATN;5;20161124;171000;392.5500000;392.5500000;392.2500000;392.4000000;1540
TATN;5;20161124;171500;392.4500000;392.8000000;392.1000000;392.7500000;3400
TATN;5;20161124;172000;392.4500000;392.6500000;391.9500000;392.3000000;3020
TATN;5;20161124;172500;391.9500000;392.3500000;391.8500000;392.0000000;1710
TATN;5;20161124;173000;392.0000000;392.0000000;391.6500000;391.9500000;1510
TATN;5;20161124;173500;391.9500000;392.1500000;391.5500000;391.8500000;2800
TATN;5;20161124;174000;391.7500000;391.9000000;391.5500000;391.9000000;2220
TATN;5;20161124;174500;391.9000000;392.0500000;391.5500000;392.0500000;1130
TATN;5;20161124;175000;392.0000000;392.2500000;391.5500000;391.8000000;3940
TATN;5;20161124;175500;391.8000000;392.3500000;391.4000000;392.3500000;12350
TATN;5;20161124;180000;392.3500000;392.4000000;391.8500000;392.2500000;5380
TATN;5;20161124;180500;392.0500000;392.3000000;391.0000000;391.2000000;15320
TATN;5;20161124;181000;391.2000000;391.5500000;391.1500000;391.1500000;3280
TATN;5;20161124;181500;391.1500000;391.1500000;390.7500000;391.0500000;3050
TATN;5;20161124;182000;390.8000000;391.4000000;390.6000000;391.1500000;8520
TATN;5;20161124;182500;390.8000000;391.2000000;390.8000000;391.2000000;3530
TATN;5;20161124;183000;391.2000000;391.4000000;390.8000000;391.4000000;6400
TATN;5;20161124;183500;391.4000000;391.4000000;391.0000000;391.4000000;1590
TATN;5;20161124;184000;391.3000000;391.4000000;389.6500000;390.1500000;23580
TATN;5;20161124;185000;389.6000000;389.6000000;389.6000000;389.6000000;5660
TATN;5;20161125;100500;389.9000000;390.2500000;388.9500000;389.2000000;3830
TATN;5;20161125;101000;389.2500000;389.9000000;389.2500000;389.8000000;2550
TATN;5;20161125;101500;389.9000000;390.3000000;389.9000000;390.0000000;2470
TATN;5;20161125;102000;389.9000000;390.3000000;389.5000000;390.3000000;3680
TATN;5;20161125;102500;390.2500000;390.3000000;389.5500000;389.5500000;4610
TATN;5;20161125;103000;389.9500000;390.1000000;389.5500000;390.1000000;2870
TATN;5;20161125;103500;390.2000000;390.4000000;389.9500000;389.9500000;3930
TATN;5;20161125;104000;390.3500000;390.3500000;389.9500000;390.1500000;1420
TATN;5;20161125;105000;389.8000000;389.8000000;388.4500000;388.6000000;5530
TATN;5;20161125;105500;388.4500000;388.9500000;388.2500000;388.9500000;4720
TATN;5;20161125;110000;389.0000000;389.2000000;388.8000000;389.0500000;3130
TATN;5;20161125;110500;388.8000000;389.8500000;388.7500000;389.8500000;8400
TATN;5;20161125;111000;389.8500000;390.7500000;389.6000000;390.7500000;12150
TATN;5;20161125;111500;390.9000000;391.7000000;390.7000000;391.5500000;1460
TATN;5;20161125;112000;391.5500000;391.8000000;391.2500000;391.2500000;2380
TATN;5;20161125;112500;391.1500000;391.2000000;390.4500000;390.4500000;2300
TATN;5;20161125;113000;390.6500000;390.8000000;390.4500000;390.4500000;1720
TATN;5;20161125;113500;390.9000000;391.2000000;390.7000000;391.2000000;4400
TATN;5;20161125;114000;390.9500000;390.9500000;390.3000000;390.3000000;2010
TATN;5;20161125;114500;390.3000000;390.5000000;389.5500000;389.5500000;1750
TATN;5;20161125;115000;389.7000000;389.9000000;389.4500000;389.5000000;5050
TATN;5;20161125;115500;389.3500000;389.3500000;388.7500000;388.7500000;3430
TATN;5;20161125;120000;388.7500000;389.1500000;388.7000000;389.1500000;2700
TATN;5;20161125;120500;388.8500000;388.8500000;388.1500000;388.2000000;5210
TATN;5;20161125;121000;388.1500000;388.3000000;387.7000000;387.7000000;5390
TATN;5;20161125;121500;388.2000000;388.4500000;387.8500000;388.4500000;6800
TATN;5;20161125;122000;388.4000000;388.8500000;388.3000000;388.8500000;4740
TATN;5;20161125;122500;388.9000000;389.3500000;388.7500000;388.7500000;10100
TATN;5;20161125;123000;389.6000000;390.1000000;389.4000000;390.1000000;3710
TATN;5;20161125;123500;389.6000000;390.2500000;389.5500000;390.2500000;2220
TATN;5;20161125;124000;389.9000000;390.4000000;388.8500000;390.1000000;11950
TATN;5;20161125;124500;390.0000000;390.0000000;388.5000000;388.5000000;7170
TATN;5;20161125;125000;388.4000000;388.7500000;387.8000000;387.8000000;5210
TATN;5;20161125;125500;388.1000000;388.6500000;387.5500000;388.6000000;5960
TATN;5;20161125;130000;388.3000000;388.3000000;386.4000000;386.4000000;11220
TATN;5;20161125;130500;386.8000000;387.0000000;386.0000000;386.5500000;22990
TATN;5;20161125;131000;386.5500000;386.9500000;386.5500000;386.9500000;1740
TATN;5;20161125;131500;386.8000000;386.8000000;386.0000000;386.6000000;17490
TATN;5;20161125;132000;386.3000000;386.3000000;385.7500000;385.8000000;4100
TATN;5;20161125;132500;385.7500000;386.2000000;385.6500000;386.1500000;2440
TATN;5;20161125;133000;386.4000000;386.5000000;385.7500000;385.7500000;3250
TATN;5;20161125;133500;385.7500000;386.1500000;385.5000000;385.6500000;5430
TATN;5;20161125;134000;385.6000000;385.8000000;385.5500000;385.8000000;530
TATN;5;20161125;134500;385.7000000;386.0000000;385.7000000;386.0000000;110
TATN;5;20161125;135000;385.8500000;385.8500000;385.4000000;385.4000000;5480
TATN;5;20161125;135500;385.4000000;385.9000000;385.2000000;385.3500000;4160
TATN;5;20161125;140000;385.4000000;385.6000000;385.2000000;385.6000000;2980
TATN;5;20161125;140500;385.5500000;385.5500000;384.5000000;384.6000000;10230
TATN;5;20161125;141000;384.9500000;385.4000000;384.8000000;385.3500000;6700
TATN;5;20161125;141500;385.4500000;385.5000000;385.2500000;385.5000000;1360
TATN;5;20161125;142000;385.5000000;385.8500000;385.5000000;385.8500000;1890
TATN;5;20161125;142500;385.9500000;386.4000000;385.9500000;386.3500000;1610
TATN;5;20161125;143000;386.4000000;387.0000000;386.4000000;386.7000000;420
TATN;5;20161125;143500;387.0000000;387.1500000;386.7000000;387.1500000;3590
TATN;5;20161125;144000;387.1000000;387.3500000;386.5500000;386.5500000;1090
TATN;5;20161125;144500;386.5000000;386.7500000;386.5000000;386.7500000;800
TATN;5;20161125;145000;387.0000000;387.0000000;386.9000000;386.9000000;290
TATN;5;20161125;145500;387.0500000;387.0500000;386.9500000;386.9500000;160
TATN;5;20161125;150000;387.2500000;387.2500000;387.2500000;387.2500000;10
TATN;5;20161125;150500;387.3500000;387.4000000;387.3000000;387.3500000;4440
TATN;5;20161125;151000;387.4000000;387.4000000;387.2500000;387.4000000;1800
TATN;5;20161125;151500;387.3500000;387.4000000;387.1000000;387.4000000;8110
TATN;5;20161125;152000;387.4000000;387.4000000;387.4000000;387.4000000;610
TATN;5;20161125;152500;387.3500000;387.3500000;387.0500000;387.0500000;150
TATN;5;20161125;153000;387.0500000;387.4000000;387.0500000;387.3000000;4160
TATN;5;20161125;153500;387.1000000;387.3000000;387.0500000;387.0500000;600
TATN;5;20161125;154000;387.3500000;387.3500000;387.1000000;387.1000000;700
TATN;5;20161125;154500;387.3000000;387.4000000;387.3000000;387.4000000;1620
TATN;5;20161125;155000;387.3500000;387.3500000;387.1000000;387.1000000;90
TATN;5;20161125;155500;387.1000000;387.4000000;387.0500000;387.3500000;2250
TATN;5;20161125;160000;387.1000000;387.3000000;387.0000000;387.0000000;80
TATN;5;20161125;160500;387.1000000;387.4000000;387.1000000;387.4000000;1430
TATN;5;20161125;161000;387.3500000;387.4000000;387.3500000;387.4000000;840
TATN;5;20161125;161500;387.4000000;387.4000000;387.1000000;387.1000000;800
TATN;5;20161125;162000;387.0000000;387.0000000;386.9000000;386.9000000;1990
TATN;5;20161125;162500;387.2000000;387.3500000;386.9000000;387.2500000;850
TATN;5;20161125;163000;387.2500000;387.3500000;387.2000000;387.3000000;3860
TATN;5;20161125;163500;387.4000000;387.4000000;387.1500000;387.3500000;840
TATN;5;20161125;164000;387.4000000;387.4000000;387.4000000;387.4000000;10
TATN;5;20161125;164500;387.4000000;387.4000000;387.3500000;387.3500000;6890
TATN;5;20161125;165000;387.4000000;387.4000000;387.1000000;387.4000000;7020
TATN;5;20161125;165500;387.1000000;387.3000000;386.7500000;386.7500000;6600
TATN;5;20161125;170000;386.8000000;386.8000000;386.8000000;386.8000000;1990
TATN;5;20161125;170500;386.5500000;386.7000000;386.5000000;386.5000000;850
TATN;5;20161125;171000;386.5000000;386.6500000;385.9500000;386.3500000;5900
TATN;5;20161125;171500;386.4000000;386.5500000;386.0000000;386.5500000;2750
TATN;5;20161125;172000;386.6000000;386.6500000;386.3500000;386.6500000;370
TATN;5;20161125;172500;386.6500000;387.3000000;386.5500000;387.3000000;2510
TATN;5;20161125;173000;386.8500000;387.2500000;386.8000000;387.2500000;1870
TATN;5;20161125;173500;387.2500000;387.4000000;386.9500000;387.1000000;2030
TATN;5;20161125;174000;387.2500000;387.7500000;387.2500000;387.7500000;2400
TATN;5;20161125;174500;387.7500000;387.7500000;387.5500000;387.7000000;790
TATN;5;20161125;175000;387.4000000;387.5000000;386.4500000;386.4500000;2200
TATN;5;20161125;175500;386.7500000;386.8000000;386.5500000;386.5500000;80
TATN;5;20161125;180000;386.8000000;387.1500000;386.8000000;387.1500000;2760
TATN;5;20161125;180500;387.1500000;387.9000000;387.1500000;387.8000000;9760
TATN;5;20161125;181000;387.8500000;387.8500000;387.3000000;387.5000000;2900
TATN;5;20161125;181500;387.3000000;387.5000000;386.9500000;386.9500000;1650
TATN;5;20161125;182000;386.8500000;386.9000000;385.6000000;385.9500000;7440
TATN;5;20161125;182500;385.9500000;386.4000000;385.6000000;386.4000000;4450
TATN;5;20161125;183000;386.4500000;386.9000000;386.3500000;386.8000000;5430
TATN;5;20161125;183500;386.8500000;387.7000000;386.3500000;387.7000000;20540
TATN;5;20161125;184000;387.5000000;388.8000000;386.0500000;386.1000000;82340
TATN;5;20161125;185000;386.1000000;386.1000000;386.1000000;386.1000000;14420
TATN;5;20161128;100500;385.0000000;388.1500000;385.0000000;385.2000000;9700
TATN;5;20161128;101000;385.6500000;385.6500000;383.7000000;384.5000000;8750
TATN;5;20161128;101500;384.5000000;385.6500000;384.2000000;385.1500000;4080
TATN;5;20161128;102000;385.2500000;385.4500000;385.1000000;385.1000000;1100
TATN;5;20161128;102500;385.1000000;385.1000000;384.0500000;384.1000000;3780
TATN;5;20161128;103000;384.1000000;384.1000000;383.2000000;383.2000000;11950
TATN;5;20161128;103500;383.2000000;383.7500000;383.2000000;383.6000000;1750
TATN;5;20161128;104000;383.6500000;384.5500000;383.4500000;383.4500000;7270
TATN;5;20161128;104500;383.8500000;384.4000000;383.5500000;384.1500000;1280
TATN;5;20161128;105000;384.3000000;384.5500000;384.0000000;384.0000000;2040
TATN;5;20161128;105500;384.0000000;384.0000000;383.1000000;383.3000000;11990
TATN;5;20161128;110000;383.3000000;384.2500000;383.1000000;383.8000000;9460
TATN;5;20161128;110500;383.8000000;384.0000000;383.8000000;383.8000000;11090
TATN;5;20161128;111000;383.8500000;383.8500000;383.3500000;383.5500000;12040
TATN;5;20161128;111500;383.8500000;383.8500000;383.4500000;383.6000000;1040
TATN;5;20161128;112000;383.7000000;384.4500000;383.7000000;384.4500000;4250
TATN;5;20161128;112500;384.1500000;385.3000000;383.8500000;384.9500000;5430
TATN;5;20161128;113000;384.9000000;385.0500000;384.3000000;384.3000000;2770
TATN;5;20161128;113500;384.0000000;384.0000000;383.5500000;383.5500000;1370
TATN;5;20161128;114000;384.0000000;384.3500000;383.9000000;383.9000000;1560
TATN;5;20161128;114500;383.9000000;384.3000000;383.8000000;384.0500000;850
TATN;5;20161128;115000;384.1000000;384.1000000;384.0000000;384.0000000;580
TATN;5;20161128;115500;384.0000000;384.0000000;383.5500000;383.8000000;1240
TATN;5;20161128;120000;383.5500000;384.0000000;383.5500000;384.0000000;1040
TATN;5;20161128;120500;383.9500000;384.6500000;383.9500000;384.6000000;1380
TATN;5;20161128;121000;384.6500000;384.8500000;384.4000000;384.8500000;710
TATN;5;20161128;121500;384.8500000;385.0500000;384.7500000;384.8000000;1010
TATN;5;20161128;122000;384.5500000;384.8500000;384.0500000;384.0500000;360
TATN;5;20161128;123000;384.8500000;385.1500000;384.8500000;385.0000000;1180
TATN;5;20161128;123500;384.5000000;384.5500000;384.5000000;384.5500000;810
TATN;5;20161128;124000;384.6000000;384.8000000;384.3500000;384.8000000;5930
TATN;5;20161128;124500;385.1500000;385.2000000;385.1000000;385.2000000;500
TATN;5;20161128;125000;384.9500000;384.9500000;384.8000000;384.8000000;450
TATN;5;20161128;125500;384.7500000;384.7500000;384.3500000;384.6500000;2920
TATN;5;20161128;130000;385.0000000;385.7000000;385.0000000;385.7000000;8090
TATN;5;20161128;130500;385.7000000;386.5000000;385.4000000;386.4000000;9640
TATN;5;20161128;131000;386.3500000;386.4000000;386.1000000;386.2000000;1720
TATN;5;20161128;131500;386.4000000;386.5000000;386.1000000;386.1000000;2840
TATN;5;20161128;132000;386.3500000;386.6000000;386.1000000;386.1000000;2020
TATN;5;20161128;132500;386.4500000;387.0500000;386.2500000;386.2500000;5100
TATN;5;20161128;133000;386.8000000;387.3000000;386.5500000;387.3000000;9220
TATN;5;20161128;133500;387.4000000;389.1000000;387.4000000;388.7500000;8930
TATN;5;20161128;134000;389.0500000;389.2500000;388.8000000;388.8000000;3910
TATN;5;20161128;134500;388.8000000;388.8000000;388.3000000;388.3000000;2760
TATN;5;20161128;135000;388.3000000;389.0500000;388.1500000;389.0500000;3150
TATN;5;20161128;135500;388.9000000;389.2500000;388.9000000;389.2500000;1640
TATN;5;20161128;140000;388.9500000;388.9500000;388.9500000;388.9500000;150
TATN;5;20161128;140500;388.7000000;388.9500000;388.7000000;388.7500000;3460
TATN;5;20161128;141000;388.9500000;389.2500000;388.9500000;389.0000000;1660
TATN;5;20161128;141500;389.1500000;389.2000000;389.1500000;389.2000000;250
TATN;5;20161128;142500;389.1000000;389.1500000;389.0500000;389.1500000;280
TATN;5;20161128;143000;389.1500000;389.4500000;388.9500000;389.0000000;3390
TATN;5;20161128;143500;389.5000000;389.5000000;389.5000000;389.5000000;40
TATN;5;20161128;144000;389.2500000;389.2500000;388.9500000;389.2500000;890
TATN;5;20161128;144500;388.9500000;389.5000000;388.9500000;389.5000000;2040
TATN;5;20161128;145000;389.5500000;389.9000000;389.4500000;389.6500000;2770
TATN;5;20161128;145500;389.6500000;389.6500000;389.3000000;389.3500000;780
TATN;5;20161128;150500;389.6500000;390.0000000;389.6500000;389.7500000;4740
TATN;5;20161128;151000;389.7500000;389.9000000;389.7000000;389.9000000;510
TATN;5;20161128;151500;389.9000000;391.3500000;389.9000000;391.3500000;7190
TATN;5;20161128;152000;391.3000000;391.6500000;390.7000000;390.7000000;8660
TATN;5;20161128;152500;390.8000000;391.4000000;390.7000000;391.4000000;4470
TATN;5;20161128;153000;391.2500000;391.7000000;390.6500000;391.6000000;5970
TATN;5;20161128;153500;391.6500000;392.8000000;391.6500000;392.0500000;13910
TATN;5;20161128;154000;392.0500000;392.0500000;390.8500000;391.1000000;2330
TATN;5;20161128;154500;391.1000000;391.6500000;390.9500000;390.9500000;2000
TATN;5;20161128;155000;390.9500000;391.1000000;390.8000000;391.1000000;720
TATN;5;20161128;155500;391.1000000;391.1000000;391.1000000;391.1000000;380
TATN;5;20161128;160000;391.3500000;391.5000000;390.0000000;390.1000000;6430
TATN;5;20161128;160500;389.9000000;390.7000000;389.8500000;390.7000000;3550
TATN;5;20161128;161000;390.7000000;390.7000000;390.2000000;390.2500000;1500
TATN;5;20161128;161500;390.2500000;390.2500000;389.3500000;389.7000000;1700
TATN;5;20161128;162000;389.5000000;390.0000000;389.4500000;389.6500000;2970
TATN;5;20161128;162500;389.8500000;389.8500000;389.4000000;389.4000000;490
TATN;5;20161128;163000;389.7500000;389.7500000;389.7000000;389.7000000;540
TATN;5;20161128;163500;389.7500000;390.1500000;389.5000000;390.1500000;2270
TATN;5;20161128;164000;390.1500000;390.1500000;390.0500000;390.0500000;610
TATN;5;20161128;164500;390.0500000;390.2500000;389.7500000;390.0000000;2960
TATN;5;20161128;165000;390.0000000;390.0000000;389.8000000;389.8000000;310
TATN;5;20161128;165500;389.8000000;389.8000000;389.7000000;389.7000000;860
TATN;5;20161128;170000;389.8000000;389.8000000;389.7000000;389.7000000;1180
TATN;5;20161128;170500;389.5500000;389.8500000;389.2000000;389.2000000;5000
TATN;5;20161128;171000;389.4500000;389.9000000;389.2500000;389.4500000;3380
TATN;5;20161128;171500;389.6500000;391.2000000;389.6500000;390.4500000;11040
TATN;5;20161128;172000;390.8000000;390.8000000;389.6000000;389.6000000;6160
TATN;5;20161128;172500;389.6000000;390.6000000;389.4000000;389.9500000;5050
TATN;5;20161128;173000;390.1500000;390.1500000;389.4000000;389.6000000;1790
TATN;5;20161128;173500;389.4500000;389.6500000;389.0500000;389.5000000;8990
TATN;5;20161128;174000;389.5500000;389.8500000;388.8500000;389.5000000;8460
TATN;5;20161128;174500;389.4500000;389.4500000;388.9500000;388.9500000;1230
TATN;5;20161128;175000;389.1500000;389.8500000;389.0500000;389.2000000;7130
TATN;5;20161128;175500;389.3000000;389.3000000;388.6500000;388.9500000;2830
TATN;5;20161128;180000;388.6500000;388.6500000;388.1500000;388.2000000;3340
TATN;5;20161128;180500;388.2000000;388.2500000;387.8000000;388.1500000;3180
TATN;5;20161128;181000;388.1500000;389.9500000;388.1500000;389.9000000;4680
TATN;5;20161128;181500;389.9000000;390.4000000;389.6000000;390.0000000;6650
TATN;5;20161128;182000;389.9000000;390.5500000;389.5000000;390.5500000;4920
TATN;5;20161128;182500;390.5500000;390.6500000;388.5500000;389.0500000;9910
TATN;5;20161128;183000;389.1500000;389.7500000;388.9500000;389.5500000;9980
TATN;5;20161128;183500;389.2000000;389.5000000;388.8500000;389.5000000;6040
TATN;5;20161128;184000;389.5000000;390.6000000;389.0500000;389.8000000;47370
TATN;5;20161128;185000;391.0000000;391.0000000;391.0000000;391.0000000;33850
TATN;5;20161129;100500;389.0000000;390.9000000;388.9000000;390.3500000;16810
TATN;5;20161129;101000;390.2000000;391.0500000;389.9500000;391.0500000;14980
TATN;5;20161129;101500;391.0500000;391.1000000;390.5000000;390.5000000;5140
TATN;5;20161129;102000;390.4000000;390.4000000;390.0000000;390.0000000;6370
TATN;5;20161129;102500;389.5500000;389.5500000;388.8500000;388.8500000;3230
TATN;5;20161129;103000;389.0000000;389.0000000;387.6500000;387.6500000;15490
TATN;5;20161129;103500;387.7000000;387.8000000;387.2000000;387.3500000;6550
TATN;5;20161129;104000;387.3500000;387.4000000;386.7500000;386.9000000;9210
TATN;5;20161129;104500;386.9000000;387.2500000;386.6000000;386.6000000;4940
TATN;5;20161129;105000;386.6000000;386.7000000;386.4000000;386.5500000;2050
TATN;5;20161129;105500;386.4500000;386.6000000;385.4000000;385.9500000;23120
TATN;5;20161129;110000;385.7000000;386.0500000;385.1500000;385.4000000;17870
TATN;5;20161129;110500;385.3500000;386.7500000;385.3500000;386.1500000;23750
TATN;5;20161129;111000;386.0000000;387.0000000;386.0000000;386.3500000;12500
TATN;5;20161129;111500;386.3500000;387.8500000;386.3500000;387.0500000;7360
TATN;5;20161129;112000;387.3000000;388.4000000;387.2000000;387.4500000;10480
TATN;5;20161129;112500;387.3000000;388.0500000;387.3000000;387.9500000;6130
TATN;5;20161129;113000;387.5000000;387.6500000;387.0000000;387.4500000;9530
TATN;5;20161129;113500;387.1500000;387.5500000;387.1000000;387.1000000;770
TATN;5;20161129;114000;387.1000000;387.3500000;387.0000000;387.2500000;1160
TATN;5;20161129;114500;387.1500000;388.2500000;387.1500000;388.1500000;6290
TATN;5;20161129;115000;388.0000000;388.8000000;388.0000000;388.3000000;6480
TATN;5;20161129;115500;388.5000000;388.5000000;388.2000000;388.4500000;2040
TATN;5;20161129;120000;388.2500000;388.4500000;387.9500000;387.9500000;2990
TATN;5;20161129;120500;387.9500000;388.4000000;387.9500000;388.1500000;5760
TATN;5;20161129;121000;388.0000000;388.7000000;387.5500000;388.0500000;13990
TATN;5;20161129;121500;388.0500000;388.4500000;388.0500000;388.4500000;1680
TATN;5;20161129;122000;388.4500000;389.1500000;388.4500000;389.1500000;5900
TATN;5;20161129;122500;389.3000000;389.6000000;389.3000000;389.6000000;1100
TATN;5;20161129;123000;389.5000000;389.9000000;389.0000000;389.6000000;11940
TATN;5;20161129;123500;389.6000000;389.8500000;389.4500000;389.6000000;6730
TATN;5;20161129;124000;389.6000000;389.8000000;389.0500000;389.6000000;4960
TATN;5;20161129;124500;389.5000000;389.5000000;389.5000000;389.5000000;230
TATN;5;20161129;125000;389.5500000;389.8500000;389.3500000;389.6500000;2090
TATN;5;20161129;125500;389.6000000;389.6000000;387.9000000;388.5500000;18880
TATN;5;20161129;130000;388.1000000;389.4000000;388.1000000;388.7000000;13920
TATN;5;20161129;130500;388.6500000;389.0000000;388.0500000;388.5500000;5970
TATN;5;20161129;131000;388.5500000;389.4000000;387.4500000;387.5000000;20380
TATN;5;20161129;131500;387.4500000;389.0000000;387.4500000;388.6500000;9060
TATN;5;20161129;132000;388.1500000;388.2500000;388.1500000;388.2500000;480
TATN;5;20161129;132500;388.0000000;388.8500000;387.9000000;388.5500000;4910
TATN;5;20161129;133000;388.3500000;388.7000000;387.8500000;388.7000000;5200
TATN;5;20161129;133500;388.2000000;388.8500000;388.2000000;388.5000000;280
TATN;5;20161129;134000;388.6500000;389.4500000;388.6000000;389.3500000;10920
TATN;5;20161129;134500;388.9500000;389.2000000;388.8000000;388.9500000;810
TATN;5;20161129;135000;388.7000000;388.9500000;388.4000000;388.5500000;1130
TATN;5;20161129;135500;388.4000000;389.4000000;388.4000000;389.4000000;5420
TATN;5;20161129;140000;389.4000000;389.5500000;389.4000000;389.5500000;810
TATN;5;20161129;140500;389.5500000;389.7500000;389.5500000;389.7500000;2170
TATN;5;20161129;141000;389.7000000;389.9000000;389.4000000;389.6000000;4120
TATN;5;20161129;141500;389.6500000;389.7000000;389.5500000;389.6500000;960
TATN;5;20161129;142000;389.4000000;390.0000000;389.4000000;389.9500000;3240
TATN;5;20161129;142500;389.7500000;389.8000000;388.7000000;388.9000000;4320
TATN;5;20161129;143000;388.6500000;388.8500000;388.3500000;388.4000000;2960
TATN;5;20161129;143500;388.6000000;389.1500000;388.3500000;389.1500000;2360
TATN;5;20161129;144000;389.0000000;389.0000000;388.9000000;389.0000000;1080
TATN;5;20161129;144500;388.6000000;389.1500000;388.5500000;389.1500000;1480
TATN;5;20161129;145000;389.0000000;389.2500000;388.8500000;389.1500000;1840
TATN;5;20161129;145500;388.8500000;389.1000000;388.5000000;389.0500000;1240
TATN;5;20161129;150000;388.5500000;388.9000000;388.3500000;388.7500000;3220
TATN;5;20161129;150500;388.3500000;388.9000000;388.3500000;388.9000000;930
TATN;5;20161129;151000;388.9000000;389.2500000;388.9000000;389.1000000;3060
TATN;5;20161129;151500;389.0500000;389.0500000;388.3500000;388.4500000;1160
TATN;5;20161129;152000;388.2500000;389.1000000;388.2000000;388.9000000;3190
TATN;5;20161129;152500;388.8000000;388.9000000;388.1000000;388.1000000;4360
TATN;5;20161129;153000;388.1000000;388.3000000;388.1000000;388.1000000;3540
TATN;5;20161129;153500;388.1000000;388.7000000;388.1000000;388.5000000;6550
TATN;5;20161129;154000;388.2000000;388.4500000;388.0500000;388.4500000;1770
TATN;5;20161129;154500;388.1500000;388.4500000;387.4000000;387.9500000;8280
TATN;5;20161129;155000;387.7000000;388.3500000;387.4500000;388.1500000;6550
TATN;5;20161129;155500;388.1000000;388.9000000;387.9000000;388.9000000;4110
TATN;5;20161129;160000;388.8000000;388.8000000;387.5000000;387.5000000;5310
TATN;5;20161129;160500;387.5000000;388.0500000;387.4000000;388.0000000;2310
TATN;5;20161129;161000;387.9500000;388.0000000;387.5000000;387.5000000;1260
TATN;5;20161129;161500;387.5000000;388.0500000;387.4000000;388.0500000;2270
TATN;5;20161129;162000;388.0500000;388.0500000;387.4500000;387.5000000;2980
TATN;5;20161129;162500;387.5000000;388.0000000;387.5000000;387.9500000;4510
TATN;5;20161129;163000;387.9500000;388.0500000;387.4500000;387.7500000;5590
TATN;5;20161129;163500;387.7500000;387.7500000;387.0000000;387.5000000;5690
TATN;5;20161129;164000;387.5000000;387.8000000;387.2500000;387.5000000;7580
TATN;5;20161129;164500;387.4500000;387.9500000;387.0500000;387.9000000;5230
TATN;5;20161129;165000;387.6000000;387.8000000;387.0000000;387.5000000;5980
TATN;5;20161129;165500;387.2000000;387.2000000;385.6500000;386.7000000;30950
TATN;5;20161129;170000;386.3500000;386.3500000;385.5000000;386.0500000;32250
TATN;5;20161129;170500;385.7000000;385.9000000;384.7000000;385.0500000;47510
TATN;5;20161129;171000;384.8000000;385.0500000;384.5000000;384.9500000;16360
TATN;5;20161129;171500;384.9500000;385.1000000;384.2000000;384.9000000;26830
TATN;5;20161129;172000;384.9000000;385.1000000;384.4000000;384.6000000;23050
TATN;5;20161129;172500;384.6000000;385.0000000;384.5000000;384.9500000;5460
TATN;5;20161129;173000;384.7500000;385.6500000;384.7000000;385.6500000;11020
TATN;5;20161129;173500;385.6000000;386.5500000;385.5000000;386.5500000;11060
TATN;5;20161129;174000;386.5500000;388.5500000;386.5500000;388.1500000;20650
TATN;5;20161129;174500;388.1500000;388.5000000;388.0000000;388.4500000;12740
TATN;5;20161129;175000;388.3000000;388.7000000;388.1000000;388.5000000;7030
TATN;5;20161129;175500;388.4000000;388.6000000;388.2500000;388.6000000;2780
TATN;5;20161129;180000;388.6000000;388.6500000;388.0500000;388.4000000;10460
TATN;5;20161129;180500;388.4000000;388.4000000;386.8500000;388.0000000;28960
TATN;5;20161129;181000;388.0500000;389.4500000;388.0000000;388.6500000;30110
TATN;5;20161129;181500;388.6500000;389.4500000;387.6500000;389.3000000;49070
TATN;5;20161129;182000;389.3500000;389.3500000;387.4000000;387.8000000;16910
TATN;5;20161129;182500;387.7000000;387.9000000;387.1500000;387.4000000;16970
TATN;5;20161129;183000;387.4000000;387.9000000;387.1000000;387.3000000;19500
TATN;5;20161129;183500;387.2500000;387.5000000;384.7000000;385.2500000;67620
TATN;5;20161129;184000;385.4500000;385.4500000;383.5000000;383.6000000;148080
TATN;5;20161129;185000;384.0000000;384.0000000;384.0000000;384.0000000;40120
TATN;5;20161130;100500;385.8500000;385.9000000;384.5500000;384.5500000;23120
TATN;5;20161130;101000;384.2000000;384.9500000;384.2000000;384.8000000;1080
TATN;5;20161130;101500;384.8000000;385.0500000;384.8000000;384.9500000;5430
TATN;5;20161130;102000;385.0000000;386.3500000;384.7000000;386.3500000;10950
TATN;5;20161130;102500;386.4500000;387.3500000;386.2500000;387.0000000;15670
TATN;5;20161130;103000;387.0000000;387.0500000;386.4000000;386.8000000;3000
TATN;5;20161130;103500;386.6500000;386.6500000;385.6500000;385.6500000;7200
TATN;5;20161130;104000;385.9500000;385.9500000;385.3000000;385.8000000;2150
TATN;5;20161130;104500;385.3500000;385.3500000;385.3500000;385.3500000;10
TATN;5;20161130;105000;385.5000000;385.5000000;385.4000000;385.4500000;560
TATN;5;20161130;105500;385.3000000;385.5000000;385.0000000;385.1500000;2220
TATN;5;20161130;110000;385.0000000;385.6000000;385.0000000;385.5000000;2510
TATN;5;20161130;110500;385.4500000;386.0000000;385.4500000;385.7000000;3640
TATN;5;20161130;111000;385.4500000;385.5000000;384.4000000;384.5500000;7630
TATN;5;20161130;111500;384.4000000;384.7000000;384.4000000;384.4000000;1510
TATN;5;20161130;112000;384.4500000;384.4500000;383.2000000;384.0500000;15540
TATN;5;20161130;112500;384.0500000;385.2000000;384.0500000;385.1500000;8910
TATN;5;20161130;113000;384.9000000;385.4500000;384.8000000;385.0000000;3830
TATN;5;20161130;113500;384.7500000;386.0000000;384.6500000;385.8500000;6710
TATN;5;20161130;114000;385.9500000;386.7000000;385.3500000;386.0500000;9370
TATN;5;20161130;114500;386.3000000;387.2500000;386.1000000;387.2000000;7690
TATN;5;20161130;115000;387.3500000;389.0000000;387.3500000;387.6000000;21110
TATN;5;20161130;115500;387.5500000;388.3500000;387.1500000;388.1500000;7430
TATN;5;20161130;120000;388.5000000;388.5000000;387.6500000;387.6500000;4260
TATN;5;20161130;120500;387.9000000;387.9500000;386.7000000;386.7000000;2360
TATN;5;20161130;121000;387.2000000;387.2000000;386.5500000;387.0000000;3790
TATN;5;20161130;121500;387.1500000;388.5000000;386.7000000;388.5000000;5830
TATN;5;20161130;122000;388.3000000;389.3500000;387.5000000;389.1500000;21880
TATN;5;20161130;122500;389.2000000;390.6000000;388.8500000;389.8500000;64110
TATN;5;20161130;123000;389.8000000;391.9500000;389.3500000;391.9500000;23550
TATN;5;20161130;123500;391.9500000;392.4500000;390.5500000;390.5500000;15080
TATN;5;20161130;124000;390.9000000;391.6000000;390.4500000;391.6000000;11900
TATN;5;20161130;124500;391.3000000;391.3000000;389.8000000;390.0500000;34450
TATN;5;20161130;125000;390.0500000;391.4000000;390.0500000;390.8500000;10910
TATN;5;20161130;125500;390.5500000;391.0500000;390.5000000;390.6000000;5210
TATN;5;20161130;130000;390.6000000;391.1500000;390.6000000;390.9000000;8580
TATN;5;20161130;130500;391.1500000;391.1500000;389.9000000;390.8000000;7400
TATN;5;20161130;131000;390.8500000;390.8500000;390.3000000;390.8500000;6070
TATN;5;20161130;131500;390.8000000;391.0500000;390.6000000;391.0500000;15910
TATN;5;20161130;132000;391.0500000;391.0500000;390.1500000;390.8000000;15380
TATN;5;20161130;132500;390.8500000;391.0500000;390.7000000;390.7000000;6770
TATN;5;20161130;133000;391.0000000;391.4000000;390.7000000;391.4000000;20610
TATN;5;20161130;133500;391.4000000;391.9500000;391.4000000;391.8500000;13220
TATN;5;20161130;134000;391.8000000;391.8500000;390.8500000;390.9500000;6950
TATN;5;20161130;134500;390.9500000;391.0000000;390.5000000;390.5000000;5350
TATN;5;20161130;135000;390.9500000;390.9500000;390.1500000;390.6000000;3920
TATN;5;20161130;135500;390.6500000;390.7000000;389.6500000;390.2500000;8980
TATN;5;20161130;140000;390.5500000;390.5500000;390.0500000;390.4000000;6540
TATN;5;20161130;140500;390.5000000;391.3000000;390.5000000;391.2500000;4530
TATN;5;20161130;141000;391.2500000;391.2500000;390.8500000;391.0000000;3710
TATN;5;20161130;141500;391.0000000;392.3500000;390.9000000;391.5000000;22980
TATN;5;20161130;142000;391.6500000;392.4000000;390.6500000;391.7000000;20760
TATN;5;20161130;142500;391.8000000;391.9500000;391.3500000;391.3500000;11400
TATN;5;20161130;143000;391.4000000;391.9000000;391.4000000;391.5000000;4550
TATN;5;20161130;143500;391.5500000;392.0000000;391.4000000;391.7000000;16710
TATN;5;20161130;144000;391.8000000;393.0000000;391.5000000;393.0000000;40790
TATN;5;20161130;144500;392.9500000;394.7500000;392.7500000;394.7500000;18590
TATN;5;20161130;145000;394.7500000;394.9000000;393.4000000;393.4500000;9930
TATN;5;20161130;145500;393.5500000;394.6500000;393.5000000;394.3500000;10790
TATN;5;20161130;150000;394.5000000;394.6500000;394.2000000;394.2000000;9610
TATN;5;20161130;150500;394.3000000;394.6000000;393.8500000;394.2000000;12850
TATN;5;20161130;151000;394.2500000;394.4000000;393.6000000;393.6000000;14500
TATN;5;20161130;151500;393.6000000;394.1000000;393.1500000;393.5000000;8510
TATN;5;20161130;152000;393.7000000;394.1500000;393.6000000;393.7500000;6880
TATN;5;20161130;152500;394.1000000;394.2000000;393.3500000;393.3500000;7900
TATN;5;20161130;153000;393.9000000;394.8000000;393.5500000;394.5500000;15560
TATN;5;20161130;153500;394.3000000;394.9500000;393.6500000;393.8500000;16850
TATN;5;20161130;154000;393.9000000;394.1500000;393.7000000;393.9000000;6440
TATN;5;20161130;154500;394.2500000;394.3000000;393.2500000;393.4500000;10540
TATN;5;20161130;155000;393.5000000;393.6000000;391.3500000;391.3500000;45460
TATN;5;20161130;155500;391.7500000;392.0500000;389.7500000;391.4000000;27520
TATN;5;20161130;160000;391.3500000;392.1500000;390.6000000;391.2000000;23570
TATN;5;20161130;160500;391.0000000;391.6000000;390.5500000;391.4500000;8270
TATN;5;20161130;161000;391.6000000;392.3500000;391.6000000;392.3500000;4610
TATN;5;20161130;161500;392.4500000;393.0000000;392.3500000;392.4000000;5880
TATN;5;20161130;162000;392.4500000;392.9000000;391.4500000;391.4500000;14380
TATN;5;20161130;162500;391.4500000;392.5500000;390.8500000;391.5000000;9670
TATN;5;20161130;163000;391.6000000;392.2500000;390.8500000;392.2500000;7850
TATN;5;20161130;163500;392.3500000;392.5500000;392.0000000;392.2000000;5380
TATN;5;20161130;164000;392.2000000;392.2000000;391.5000000;392.2000000;7280
TATN;5;20161130;164500;392.2000000;392.3000000;390.6000000;390.8500000;26510
TATN;5;20161130;165000;391.1500000;391.6000000;389.6000000;390.5500000;28030
TATN;5;20161130;165500;390.0500000;390.8000000;389.5000000;389.9500000;11820
TATN;5;20161130;170000;390.2000000;391.0000000;390.0000000;390.3500000;11220
TATN;5;20161130;170500;390.3500000;390.9000000;389.6000000;390.3500000;17370
TATN;5;20161130;171000;390.3000000;391.9500000;390.3000000;391.9500000;7620
TATN;5;20161130;171500;392.0000000;392.2500000;391.1500000;391.7500000;10560
TATN;5;20161130;172000;391.8500000;392.5500000;391.8500000;392.5500000;12310
TATN;5;20161130;172500;392.6000000;394.0500000;392.6000000;393.3000000;29810
TATN;5;20161130;173000;393.5000000;394.6000000;393.5000000;394.2000000;38060
TATN;5;20161130;173500;394.3500000;396.9000000;394.3500000;396.1000000;73280
TATN;5;20161130;174000;396.2000000;396.6500000;395.9500000;396.5000000;33260
TATN;5;20161130;174500;396.5500000;396.7500000;396.3000000;396.4000000;26300
TATN;5;20161130;175000;396.4500000;396.7500000;395.5500000;395.5500000;24670
TATN;5;20161130;175500;395.6500000;396.8000000;395.6500000;396.6000000;28260
TATN;5;20161130;180000;396.8000000;397.4000000;396.6000000;397.0500000;23840
TATN;5;20161130;180500;397.2000000;397.3500000;396.2500000;396.8500000;24170
TATN;5;20161130;181000;396.9000000;397.0000000;396.3500000;396.6500000;29910
TATN;5;20161130;181500;396.9500000;397.5500000;396.6000000;396.6000000;71710
TATN;5;20161130;182000;396.7000000;397.0000000;396.2500000;396.6000000;79140
TATN;5;20161130;182500;396.6000000;396.7500000;394.9000000;395.0500000;80020
TATN;5;20161130;183000;394.8000000;396.3000000;394.7000000;396.2000000;66960
TATN;5;20161130;183500;396.1000000;396.7500000;393.1000000;393.3000000;159110
TATN;5;20161130;184000;393.3500000;393.6500000;389.6000000;390.1000000;364350
TATN;5;20161130;185000;388.3000000;388.3000000;388.3000000;388.3000000;898650
TATN;5;20161201;100500;391.5500000;394.3000000;391.5000000;392.5000000;48810
TATN;5;20161201;101000;392.5500000;392.6500000;391.0000000;392.5500000;21110
TATN;5;20161201;101500;392.6000000;392.8000000;392.0500000;392.2000000;5180
TATN;5;20161201;102000;392.3000000;392.5000000;391.4500000;391.5500000;10530
TATN;5;20161201;102500;391.6000000;392.0000000;391.1000000;391.6000000;8680
TATN;5;20161201;103000;391.6000000;391.6000000;390.6500000;390.6500000;6270
TATN;5;20161201;103500;390.8000000;391.5500000;390.7000000;391.1000000;4050
TATN;5;20161201;104000;391.2000000;391.9000000;390.9000000;391.9000000;6750
TATN;5;20161201;104500;391.5500000;391.9500000;391.1500000;391.1500000;6230
TATN;5;20161201;105000;391.2000000;391.5000000;391.2000000;391.3500000;1650
TATN;5;20161201;105500;391.2000000;392.0000000;391.2000000;392.0000000;2340
TATN;5;20161201;110000;392.0000000;392.4000000;391.8500000;392.2500000;6400
TATN;5;20161201;110500;392.1500000;393.2500000;391.4500000;392.6500000;17070
TATN;5;20161201;111000;392.5500000;393.9000000;392.5500000;393.5000000;29590
TATN;5;20161201;111500;393.7000000;393.9500000;393.5000000;393.5500000;17190
TATN;5;20161201;112000;393.6000000;394.4000000;393.5500000;393.8500000;34900
TATN;5;20161201;112500;393.6500000;395.3000000;393.5500000;394.8500000;31390
TATN;5;20161201;113000;395.0000000;397.0000000;394.9000000;396.8000000;22770
TATN;5;20161201;113500;396.9500000;397.8500000;395.8500000;396.6500000;81330
TATN;5;20161201;114000;396.7000000;397.5000000;396.6000000;397.1500000;10610
TATN;5;20161201;114500;397.0000000;397.5500000;396.6500000;397.0000000;19490
TATN;5;20161201;115000;397.0000000;397.3000000;396.6000000;397.3000000;11080
TATN;5;20161201;115500;397.1000000;397.5500000;396.7000000;396.7000000;22910
TATN;5;20161201;120000;396.7000000;396.9500000;396.2000000;396.8500000;6400
TATN;5;20161201;120500;396.9000000;397.4000000;396.7500000;396.8000000;19960
TATN;5;20161201;121000;396.9500000;397.0000000;396.7500000;397.0000000;24930
TATN;5;20161201;121500;396.8500000;397.0000000;396.3000000;397.0000000;21240
TATN;5;20161201;122000;396.9000000;397.2000000;396.7500000;396.7500000;8540
TATN;5;20161201;122500;396.8000000;396.9000000;396.0000000;396.5000000;14820
TATN;5;20161201;123000;396.5000000;396.8500000;396.1500000;396.6500000;9500
TATN;5;20161201;123500;396.6000000;397.0000000;396.1500000;396.6000000;5430
TATN;5;20161201;124000;396.6000000;398.3000000;396.6000000;398.0000000;31640
TATN;5;20161201;124500;398.0000000;398.0000000;396.6000000;396.8500000;50050
TATN;5;20161201;125000;396.8000000;398.0000000;396.8000000;397.8500000;10010
TATN;5;20161201;125500;397.8500000;398.3500000;397.0500000;397.3500000;24830
TATN;5;20161201;130000;397.3000000;398.1500000;397.0000000;398.1500000;7540
TATN;5;20161201;130500;398.1000000;398.3500000;397.6500000;397.6500000;8270
TATN;5;20161201;131000;398.0500000;398.5500000;397.6000000;398.3500000;23020
TATN;5;20161201;131500;398.4000000;399.5000000;398.2000000;398.8000000;29070
TATN;5;20161201;132000;398.9500000;399.0000000;398.1000000;398.8000000;17340
TATN;5;20161201;132500;398.9000000;399.8000000;398.4500000;399.8000000;21330
TATN;5;20161201;133000;399.7500000;399.9000000;399.3500000;399.9000000;5110
TATN;5;20161201;133500;399.9000000;400.0000000;399.5000000;399.5500000;9420
TATN;5;20161201;134000;399.5000000;399.7000000;399.3000000;399.6000000;3630
TATN;5;20161201;134500;399.6000000;400.5000000;399.3000000;399.4000000;33730
TATN;5;20161201;135000;399.4500000;399.7500000;398.9500000;399.3000000;9020
TATN;5;20161201;135500;399.0000000;399.7000000;398.8000000;399.4500000;15870
TATN;5;20161201;140000;399.1000000;399.5000000;398.9000000;399.0000000;2090
TATN;5;20161201;140500;399.0000000;400.6000000;399.0000000;400.6000000;7170
TATN;5;20161201;141000;400.0500000;400.6000000;399.8000000;400.2000000;8370
TATN;5;20161201;141500;400.1000000;400.5000000;399.1500000;399.7500000;10240
TATN;5;20161201;142000;399.2000000;399.2000000;398.0000000;398.5000000;16530
TATN;5;20161201;142500;398.5000000;399.8500000;398.4000000;399.5000000;10250
TATN;5;20161201;143000;399.4000000;400.3500000;399.4000000;400.0500000;11090
TATN;5;20161201;143500;400.0500000;400.5000000;399.7500000;399.7500000;8950
TATN;5;20161201;144000;399.7500000;400.5500000;399.7500000;400.5000000;16840
TATN;5;20161201;144500;400.4500000;400.5000000;400.0500000;400.1500000;7260
TATN;5;20161201;145000;400.1500000;400.9500000;399.6000000;400.4500000;19360
TATN;5;20161201;145500;400.4500000;401.0000000;400.4000000;400.7000000;8690
TATN;5;20161201;150000;400.9500000;401.6500000;400.8000000;400.8000000;29960
TATN;5;20161201;150500;401.0000000;401.0000000;399.6500000;399.7500000;4550
TATN;5;20161201;151000;399.7500000;400.0000000;399.6000000;399.6500000;9970
TATN;5;20161201;151500;399.6500000;399.9500000;399.6000000;399.7500000;4020
TATN;5;20161201;152000;399.7500000;399.8500000;399.6000000;399.8500000;2630
TATN;5;20161201;152500;399.8500000;399.9000000;399.0500000;399.3500000;7150
TATN;5;20161201;153000;399.3500000;400.4000000;399.0500000;400.3000000;23980
TATN;5;20161201;153500;400.3000000;400.3000000;399.5000000;399.6500000;17670
TATN;5;20161201;154000;399.8000000;400.1500000;399.7500000;399.7500000;1570
TATN;5;20161201;154500;400.0500000;400.2000000;399.5500000;399.6500000;2730
TATN;5;20161201;155000;399.8000000;399.8500000;399.4000000;399.4500000;2150
TATN;5;20161201;155500;399.8000000;399.8500000;399.3000000;399.8000000;3670
TATN;5;20161201;160000;399.8000000;400.1000000;399.6000000;399.6500000;3310
TATN;5;20161201;160500;399.8500000;399.8500000;399.0500000;399.5000000;3940
TATN;5;20161201;161000;399.6500000;399.6500000;399.0500000;399.0500000;2720
TATN;5;20161201;161500;399.4000000;399.4000000;398.7500000;399.3000000;4640
TATN;5;20161201;162000;399.3000000;399.3000000;398.8000000;398.9000000;10730
TATN;5;20161201;162500;399.1000000;399.4500000;399.1000000;399.1500000;2250
TATN;5;20161201;163000;399.5000000;399.7500000;398.8500000;399.0000000;3150
TATN;5;20161201;163500;399.1500000;399.3000000;398.9500000;399.1500000;980
TATN;5;20161201;164000;399.3500000;399.9500000;399.1500000;399.9500000;15270
TATN;5;20161201;164500;399.9500000;400.1000000;399.3000000;399.3000000;11470
TATN;5;20161201;165000;399.3500000;399.9500000;399.0500000;399.1500000;26460
TATN;5;20161201;165500;399.0500000;399.1500000;398.4000000;398.6500000;9810
TATN;5;20161201;170000;398.9000000;398.9500000;398.4500000;398.6000000;4540
TATN;5;20161201;170500;398.5000000;399.5500000;397.8500000;398.1500000;23620
TATN;5;20161201;171000;398.2000000;398.6000000;397.6000000;398.2000000;20770
TATN;5;20161201;171500;398.3500000;398.3500000;397.8000000;398.0500000;1900
TATN;5;20161201;172000;398.1500000;398.8500000;398.1500000;398.3500000;12310
TATN;5;20161201;172500;398.7000000;399.0500000;398.2000000;399.0500000;13220
TATN;5;20161201;173000;399.2500000;399.2500000;398.7000000;399.0000000;9200
TATN;5;20161201;173500;399.2500000;399.8500000;398.9500000;399.8500000;15610
TATN;5;20161201;174000;399.9500000;399.9500000;398.7000000;399.3500000;4140
TATN;5;20161201;174500;399.3500000;399.3500000;396.8000000;397.1000000;37870
TATN;5;20161201;175000;397.3000000;398.7500000;397.0500000;398.4000000;30400
TATN;5;20161201;175500;398.7000000;398.7000000;397.0000000;397.4000000;6770
TATN;5;20161201;180000;397.8000000;399.6000000;396.8000000;399.2000000;22900
TATN;5;20161201;180500;399.1000000;399.8500000;398.8000000;399.8000000;25410
TATN;5;20161201;181000;399.8500000;399.9000000;398.4500000;398.9500000;29410
TATN;5;20161201;181500;399.0000000;399.5000000;398.4000000;398.4500000;11190
TATN;5;20161201;182000;398.9000000;399.6000000;398.3500000;399.6000000;13600
TATN;5;20161201;182500;399.6000000;399.8500000;399.1500000;399.4500000;8030
TATN;5;20161201;183000;399.7000000;399.7000000;398.5000000;398.5000000;8190
TATN;5;20161201;183500;398.9000000;398.9000000;398.0500000;398.1500000;15130
TATN;5;20161201;184000;398.4500000;399.3500000;396.8000000;396.8000000;123330
TATN;5;20161201;185000;398.5000000;398.5000000;398.5000000;398.5000000;60350
TATN;5;20161202;100500;396.9500000;397.3500000;395.8000000;396.0500000;31750
TATN;5;20161202;101000;396.0500000;398.8500000;396.0500000;397.9000000;37220
TATN;5;20161202;101500;397.7500000;398.1500000;396.6500000;396.9500000;17650
TATN;5;20161202;102000;396.9500000;397.2000000;396.6500000;396.9000000;2910
TATN;5;20161202;102500;396.8500000;396.8500000;396.2500000;396.4500000;11710
TATN;5;20161202;103000;396.7000000;397.0000000;396.4500000;397.0000000;4650
TATN;5;20161202;103500;397.0000000;397.9500000;396.0000000;396.2000000;28190
TATN;5;20161202;104000;396.0000000;396.9500000;395.5500000;395.8500000;24740
TATN;5;20161202;104500;396.0000000;396.2000000;395.1500000;395.3500000;16580
TATN;5;20161202;105000;395.3500000;396.3000000;395.3500000;395.5500000;11940
TATN;5;20161202;105500;395.5500000;395.5500000;394.8000000;395.4000000;23960
TATN;5;20161202;110000;395.1000000;396.2000000;395.0000000;395.9500000;14640
TATN;5;20161202;110500;395.9500000;396.5000000;395.5000000;396.0500000;24250
TATN;5;20161202;111000;396.0500000;398.1000000;395.8500000;397.0000000;37670
TATN;5;20161202;111500;397.0500000;397.2000000;396.6500000;397.2000000;9920
TATN;5;20161202;112000;397.2500000;397.3000000;396.0000000;396.0000000;18110
TATN;5;20161202;112500;396.0500000;396.2500000;395.6500000;395.9000000;8840
TATN;5;20161202;113000;395.7500000;396.0500000;395.4500000;395.8500000;10740
TATN;5;20161202;113500;395.9500000;398.3000000;395.6500000;397.4000000;25660
TATN;5;20161202;114000;397.7000000;398.2000000;397.3500000;397.4500000;7330
TATN;5;20161202;114500;397.8500000;397.8500000;396.6000000;397.0500000;6610
TATN;5;20161202;115000;396.6500000;397.0000000;396.4000000;396.6000000;5710
TATN;5;20161202;115500;396.6500000;397.3500000;396.6000000;397.1000000;7480
TATN;5;20161202;120000;397.3000000;397.3000000;396.8000000;397.1000000;6160
TATN;5;20161202;120500;397.1000000;397.2000000;396.0500000;396.2500000;21440
TATN;5;20161202;121000;396.2500000;396.2500000;395.6500000;395.9000000;11730
TATN;5;20161202;121500;395.9000000;396.1500000;395.5500000;395.8500000;7420
TATN;5;20161202;122000;395.8500000;396.1500000;395.7000000;396.0500000;5640
TATN;5;20161202;122500;396.1000000;396.6500000;396.1000000;396.6000000;5410
TATN;5;20161202;123000;396.7000000;396.7000000;396.0000000;396.0000000;4910
TATN;5;20161202;123500;396.0000000;396.3000000;395.7500000;395.9000000;6960
TATN;5;20161202;124000;395.9000000;396.1500000;395.8000000;395.9000000;3310
TATN;5;20161202;124500;395.7500000;396.0000000;395.7500000;395.9000000;3260
TATN;5;20161202;125000;395.7500000;396.2000000;395.4000000;395.4000000;9470
TATN;5;20161202;125500;395.3500000;395.8000000;395.3500000;395.4000000;4530
TATN;5;20161202;130000;395.6000000;396.3000000;395.3500000;396.1000000;26780
TATN;5;20161202;130500;395.8500000;395.8500000;394.9500000;395.3000000;12300
TATN;5;20161202;131000;395.3000000;395.4500000;395.2500000;395.3000000;1960
TATN;5;20161202;131500;395.3000000;395.6500000;395.2000000;395.4500000;7650
TATN;5;20161202;132000;395.2500000;395.4000000;395.1500000;395.2000000;3450
TATN;5;20161202;132500;395.3500000;395.3500000;395.1500000;395.2000000;3480
TATN;5;20161202;133000;395.2000000;395.3000000;394.9500000;395.1500000;11490
TATN;5;20161202;133500;395.0000000;395.4500000;395.0000000;395.1000000;2480
TATN;5;20161202;134000;395.1000000;395.3500000;395.0500000;395.1000000;3800
TATN;5;20161202;134500;395.1000000;395.2500000;395.0000000;395.2500000;2530
TATN;5;20161202;135000;395.0500000;395.3000000;395.0500000;395.3000000;5350
TATN;5;20161202;135500;395.0500000;395.6000000;395.0500000;395.3500000;4300
TATN;5;20161202;140000;395.3500000;395.5000000;394.9500000;395.3000000;7180
TATN;5;20161202;140500;395.0000000;395.3000000;394.9500000;394.9500000;9540
TATN;5;20161202;141000;394.9500000;395.3500000;394.5500000;394.5500000;40910
TATN;5;20161202;141500;394.5500000;394.9000000;394.5000000;394.9000000;8090
TATN;5;20161202;142000;394.8000000;395.3000000;394.7500000;394.7500000;5050
TATN;5;20161202;142500;394.7500000;395.1000000;394.7500000;395.0000000;2350
TATN;5;20161202;143000;395.0000000;395.2500000;395.0000000;395.0000000;4580
TATN;5;20161202;143500;395.0000000;395.1500000;395.0000000;395.0000000;1880
TATN;5;20161202;144000;395.0000000;395.0000000;394.5500000;394.6500000;2780
TATN;5;20161202;144500;394.6500000;394.9500000;394.4000000;394.4000000;6610
TATN;5;20161202;145000;394.4500000;394.9500000;394.4000000;394.6000000;5760
TATN;5;20161202;145500;394.6000000;394.6000000;394.1000000;394.3500000;9260
TATN;5;20161202;150000;394.1500000;394.5000000;393.5000000;394.5000000;33440
TATN;5;20161202;150500;394.2500000;394.9500000;394.2500000;394.5000000;15910
TATN;5;20161202;151000;394.5000000;394.8500000;394.2500000;394.5500000;5910
TATN;5;20161202;151500;394.5500000;394.8000000;394.1000000;394.1000000;2990
TATN;5;20161202;152000;394.1000000;394.2000000;393.9000000;393.9000000;3070
TATN;5;20161202;152500;393.9000000;394.4000000;393.7000000;393.9500000;32090
TATN;5;20161202;153000;393.9500000;393.9500000;393.6000000;393.7500000;4370
TATN;5;20161202;153500;393.9000000;394.0500000;393.8000000;393.8500000;5320
TATN;5;20161202;154000;393.8500000;393.9000000;393.4500000;393.6000000;8490
TATN;5;20161202;154500;393.6000000;393.9000000;393.3500000;393.6000000;8510
TATN;5;20161202;155000;393.4000000;393.9000000;393.4000000;393.6500000;8190
TATN;5;20161202;155500;393.6500000;394.5000000;393.1000000;394.0500000;18820
TATN;5;20161202;160000;394.2000000;395.6500000;394.1500000;394.6500000;16360
TATN;5;20161202;160500;394.6500000;394.8500000;394.3500000;394.4000000;5380
TATN;5;20161202;161000;394.4000000;394.4000000;394.1500000;394.2500000;3090
TATN;5;20161202;161500;394.1500000;394.3500000;394.1000000;394.3500000;3170
TATN;5;20161202;162000;394.1500000;394.2000000;393.5500000;394.1000000;4730
TATN;5;20161202;162500;393.9500000;394.7000000;393.9500000;394.1500000;22130
TATN;5;20161202;163000;394.1500000;394.7500000;394.1500000;394.7500000;2640
TATN;5;20161202;163500;394.4500000;394.8500000;393.9000000;394.0000000;24170
TATN;5;20161202;164000;394.1000000;394.3500000;393.8000000;393.9000000;7080
TATN;5;20161202;164500;393.9000000;394.8500000;393.9000000;394.8500000;6650
TATN;5;20161202;165000;394.5500000;394.9500000;394.4500000;394.4500000;8050
TATN;5;20161202;165500;394.4500000;395.4500000;394.4500000;395.3000000;4990
TATN;5;20161202;170000;395.3000000;395.9500000;394.8000000;395.5500000;13400
TATN;5;20161202;170500;394.9500000;395.9500000;394.9500000;395.8000000;4890
TATN;5;20161202;171000;395.7500000;396.7000000;395.7500000;396.7000000;7370
TATN;5;20161202;171500;396.7000000;396.9000000;395.6500000;395.8000000;11240
TATN;5;20161202;172000;395.8000000;396.0500000;395.8000000;396.0500000;1410
TATN;5;20161202;172500;396.0500000;396.4000000;395.0500000;395.5000000;10840
TATN;5;20161202;173000;395.1000000;395.9000000;395.1000000;395.8000000;4740
TATN;5;20161202;173500;395.7500000;397.9500000;395.7500000;397.5000000;21130
TATN;5;20161202;174000;397.5000000;400.3000000;397.2000000;400.3000000;21950
TATN;5;20161202;174500;400.2500000;400.3000000;399.0000000;399.9000000;19990
TATN;5;20161202;175000;400.1000000;400.4000000;398.9500000;398.9500000;15620
TATN;5;20161202;175500;399.1500000;400.2000000;399.1500000;400.0500000;27890
TATN;5;20161202;180000;399.9000000;400.2000000;399.1000000;400.2000000;17680
TATN;5;20161202;180500;400.1000000;401.9500000;400.0500000;401.9000000;18300
TATN;5;20161202;181000;401.9500000;402.3000000;400.0000000;400.7500000;18370
TATN;5;20161202;181500;400.7500000;400.7500000;399.5000000;399.6000000;13620
TATN;5;20161202;182000;399.6500000;400.3500000;399.3500000;400.3500000;11670
TATN;5;20161202;182500;400.3500000;401.1000000;400.3500000;401.0000000;7380
TATN;5;20161202;183000;400.9500000;400.9500000;399.5500000;399.6500000;15520
TATN;5;20161202;183500;399.7500000;402.0000000;399.7500000;401.4500000;45860
TATN;5;20161202;184000;401.4500000;401.7500000;398.0000000;398.5500000;121000
TATN;5;20161202;185000;397.8000000;397.8000000;397.8000000;397.8000000;76570
TATN;5;20161205;100500;398.8500000;398.8500000;395.5000000;396.6000000;14720
TATN;5;20161205;101000;396.6000000;396.9000000;395.2000000;395.9500000;6950
TATN;5;20161205;101500;396.8000000;398.7000000;396.8000000;398.2500000;5880
TATN;5;20161205;102000;398.2500000;398.2500000;396.3000000;396.6000000;6490
TATN;5;20161205;102500;396.9500000;398.2000000;396.6500000;396.7000000;3590
TATN;5;20161205;103000;396.7000000;397.9500000;396.1500000;396.8500000;4280
TATN;5;20161205;103500;396.8500000;397.2000000;396.7000000;397.0500000;2800
TATN;5;20161205;104000;397.0500000;397.6000000;396.7000000;397.4000000;4330
TATN;5;20161205;104500;397.4000000;397.4000000;396.6500000;396.6500000;2140
TATN;5;20161205;105000;396.6500000;397.4500000;396.6500000;397.3000000;2590
TATN;5;20161205;105500;397.0000000;397.5000000;397.0000000;397.1000000;1100
TATN;5;20161205;110000;397.4500000;398.3000000;397.4000000;398.3000000;2570
TATN;5;20161205;110500;397.6000000;399.5000000;397.6000000;398.9000000;10880
TATN;5;20161205;111000;399.0000000;400.8500000;398.8500000;400.1500000;16910
TATN;5;20161205;111500;400.1500000;400.6500000;399.8500000;400.6500000;3900
TATN;5;20161205;112000;400.0500000;401.8500000;399.6500000;401.4500000;12480
TATN;5;20161205;112500;401.5000000;401.8500000;401.0000000;401.0500000;8110
TATN;5;20161205;113000;401.0500000;401.5500000;400.4000000;401.3000000;6990
TATN;5;20161205;113500;401.3000000;405.4500000;401.2500000;404.6000000;36720
TATN;5;20161205;114000;404.5500000;405.9000000;404.1000000;405.2000000;16580
TATN;5;20161205;114500;405.4000000;407.5000000;404.8000000;407.5000000;37950
TATN;5;20161205;115000;407.0500000;407.6500000;406.8000000;407.0500000;23240
TATN;5;20161205;115500;407.0500000;408.6000000;406.7000000;408.0000000;30620
TATN;5;20161205;120000;408.0500000;408.7000000;407.4000000;408.5000000;13260
TATN;5;20161205;120500;408.1000000;408.5500000;407.9000000;407.9000000;10220
TATN;5;20161205;121000;407.9000000;408.2500000;407.0000000;407.0000000;12280
TATN;5;20161205;121500;407.0000000;407.4000000;406.7500000;407.1000000;5840
TATN;5;20161205;122000;407.1000000;407.2500000;406.9000000;407.0500000;9480
TATN;5;20161205;122500;407.3000000;407.8000000;406.7500000;407.8000000;4500
TATN;5;20161205;123000;407.6500000;408.0000000;406.6000000;407.4000000;108210
TATN;5;20161205;123500;407.4000000;408.7500000;407.4000000;408.0500000;10230
TATN;5;20161205;124000;408.1000000;408.3500000;407.3500000;408.3500000;16090
TATN;5;20161205;124500;408.2500000;408.4500000;407.5500000;408.1500000;10840
TATN;5;20161205;125000;408.0500000;409.0000000;408.0500000;408.8000000;40290
TATN;5;20161205;125500;408.9000000;409.7000000;408.3500000;408.8500000;54310
TATN;5;20161205;130000;408.9000000;409.1000000;408.4000000;408.8000000;2770
TATN;5;20161205;130500;408.4500000;408.7500000;408.3500000;408.5000000;3940
TATN;5;20161205;131000;408.5000000;408.8500000;408.5000000;408.8500000;1910
TATN;5;20161205;131500;408.8000000;409.1500000;408.7000000;408.9000000;8940
TATN;5;20161205;132000;408.9000000;409.1500000;408.7500000;409.1000000;4440
TATN;5;20161205;132500;408.9500000;409.1000000;408.5000000;409.0500000;5280
TATN;5;20161205;133000;409.0500000;409.4500000;408.6000000;408.6000000;9420
TATN;5;20161205;133500;409.0500000;409.0500000;408.5000000;408.5000000;25550
TATN;5;20161205;134000;408.5000000;409.0000000;408.5000000;408.7000000;1700
TATN;5;20161205;134500;408.7000000;409.0500000;408.7000000;408.8500000;3510
TATN;5;20161205;135000;409.1000000;409.4500000;408.9000000;409.4500000;4730
TATN;5;20161205;135500;409.4500000;411.0000000;409.4000000;410.3000000;46580
TATN;5;20161205;140000;410.3000000;410.5000000;408.9500000;409.9500000;11890
TATN;5;20161205;140500;409.9500000;409.9500000;409.5000000;409.6000000;4370
TATN;5;20161205;141000;409.6000000;410.0000000;409.5500000;409.5500000;32010
TATN;5;20161205;141500;409.5500000;410.0000000;409.5500000;409.9500000;3490
TATN;5;20161205;142000;409.7500000;410.5000000;409.7500000;410.5000000;8070
TATN;5;20161205;142500;410.3000000;411.0000000;410.2500000;411.0000000;29900
TATN;5;20161205;143000;411.0000000;411.9000000;410.8000000;411.9000000;16750
TATN;5;20161205;143500;411.9000000;411.9500000;410.9000000;411.2500000;33100
TATN;5;20161205;144000;411.3500000;413.5000000;411.3500000;412.9500000;52380
TATN;5;20161205;144500;413.2000000;413.2000000;412.3500000;412.3500000;5850
TATN;5;20161205;145000;412.3500000;412.6500000;412.3000000;412.4000000;4110
TATN;5;20161205;145500;412.4000000;412.4000000;412.1000000;412.4000000;26310
TATN;5;20161205;150000;412.4000000;413.0000000;412.3000000;412.6000000;19990
TATN;5;20161205;150500;412.7000000;413.4500000;412.3000000;413.3500000;87350
TATN;5;20161205;151000;413.4000000;414.0000000;412.9500000;413.9000000;27550
TATN;5;20161205;151500;413.8500000;413.9500000;413.0000000;413.0000000;8600
TATN;5;20161205;152000;413.2000000;413.4000000;412.6500000;413.3500000;14090
TATN;5;20161205;152500;413.4000000;413.8000000;413.4000000;413.7000000;2030
TATN;5;20161205;153000;413.8000000;413.9000000;413.5500000;413.5500000;6190
TATN;5;20161205;153500;413.6500000;413.9000000;413.2500000;413.6000000;6170
TATN;5;20161205;154000;413.6000000;413.8000000;413.1500000;413.5000000;9530
TATN;5;20161205;154500;413.7500000;414.0000000;413.6500000;413.9500000;7190
TATN;5;20161205;155000;413.9500000;414.6000000;413.2500000;414.4000000;26060
TATN;5;20161205;155500;414.7000000;414.8000000;414.1500000;414.7000000;21540
TATN;5;20161205;160000;414.7000000;414.8500000;414.5000000;414.5500000;13070
TATN;5;20161205;160500;414.7500000;414.7500000;414.0000000;414.6000000;10170
TATN;5;20161205;161000;414.6000000;414.6500000;414.3500000;414.6000000;3900
TATN;5;20161205;161500;414.6000000;414.8000000;412.2500000;414.7000000;52820
TATN;5;20161205;162000;414.7500000;414.9000000;413.9000000;414.0000000;45940
TATN;5;20161205;162500;414.0000000;414.5000000;413.0000000;413.0000000;44130
TATN;5;20161205;163000;413.1000000;413.1000000;412.4500000;412.9000000;11970
TATN;5;20161205;163500;412.7000000;413.0000000;412.2000000;412.2000000;17590
TATN;5;20161205;164000;412.5000000;413.3500000;412.5000000;413.0000000;5850
TATN;5;20161205;164500;413.2500000;413.3000000;412.6000000;412.6000000;7530
TATN;5;20161205;165000;412.8500000;413.0000000;412.6000000;413.0000000;10570
TATN;5;20161205;165500;413.0000000;413.0000000;412.7000000;413.0000000;5650
TATN;5;20161205;170000;413.0000000;413.0000000;412.3500000;412.3500000;8580
TATN;5;20161205;170500;412.5000000;412.5000000;412.3500000;412.4000000;9290
TATN;5;20161205;171000;412.3500000;412.8000000;412.3500000;412.8000000;6840
TATN;5;20161205;171500;412.8000000;412.8000000;412.1000000;412.1000000;19580
TATN;5;20161205;172000;412.1000000;412.2500000;412.1000000;412.1500000;7540
TATN;5;20161205;172500;412.1500000;412.2000000;412.1000000;412.2000000;20000
TATN;5;20161205;173000;412.2000000;412.4500000;412.1000000;412.2500000;12470
TATN;5;20161205;173500;412.4500000;412.6500000;412.0000000;412.1500000;25030
TATN;5;20161205;174000;412.1500000;412.3500000;411.7000000;411.7000000;10320
TATN;5;20161205;174500;411.6500000;412.3500000;411.4500000;412.0500000;78110
TATN;5;20161205;175000;412.0500000;412.1000000;410.1500000;411.7000000;43420
TATN;5;20161205;175500;411.6500000;412.0000000;411.4500000;411.4500000;37810
TATN;5;20161205;180000;411.7500000;413.3500000;411.4500000;413.3500000;55360
TATN;5;20161205;180500;413.3500000;414.1500000;413.2500000;414.1000000;17470
TATN;5;20161205;181000;414.1000000;414.5000000;413.8000000;413.9500000;23130
TATN;5;20161205;181500;414.2500000;414.2500000;413.0500000;413.1000000;11520
TATN;5;20161205;182000;413.2000000;415.9000000;413.2000000;413.8000000;101660
TATN;5;20161205;182500;413.9000000;416.5000000;413.7500000;415.3500000;79140
TATN;5;20161205;183000;415.3500000;415.5000000;414.7500000;414.7500000;18140
TATN;5;20161205;183500;415.0000000;415.0000000;414.3500000;414.8500000;8230
TATN;5;20161205;184000;414.5000000;416.4500000;414.5000000;416.3000000;150100
TATN;5;20161205;185000;413.7000000;413.7000000;413.7000000;413.7000000;42200
TATN;5;20161206;100500;414.8000000;416.1500000;413.6500000;414.3000000;22280
TATN;5;20161206;101000;414.3000000;414.7500000;413.7500000;414.7000000;8690
TATN;5;20161206;101500;414.4500000;415.0000000;414.0000000;414.0000000;18100
TATN;5;20161206;102000;413.9000000;413.9000000;412.3000000;412.4000000;19350
TATN;5;20161206;102500;412.5000000;412.5000000;411.8000000;412.0000000;11470
TATN;5;20161206;103000;411.8000000;412.3500000;411.8000000;412.0500000;3640
TATN;5;20161206;103500;412.2000000;412.4000000;411.9000000;411.9000000;9340
TATN;5;20161206;104000;411.9000000;412.0000000;411.7500000;411.8500000;22510
TATN;5;20161206;104500;411.8500000;412.0000000;411.7000000;411.8000000;14150
TATN;5;20161206;105000;411.7500000;412.0000000;411.2000000;411.4000000;15330
TATN;5;20161206;105500;411.4500000;412.0000000;411.3000000;411.3000000;3670
TATN;5;20161206;110000;411.3500000;411.9500000;411.3500000;411.4000000;4810
TATN;5;20161206;110500;411.8000000;412.0000000;411.4000000;411.8000000;6820
TATN;5;20161206;111000;411.9000000;413.7500000;411.7500000;412.7000000;25160
TATN;5;20161206;111500;412.7000000;412.9500000;412.5500000;412.6500000;3870
TATN;5;20161206;112000;412.6000000;413.7000000;412.5500000;413.2000000;8930
TATN;5;20161206;112500;413.2000000;414.5500000;413.2000000;414.1000000;24550
TATN;5;20161206;113000;414.1000000;414.5000000;412.6500000;413.8000000;41910
TATN;5;20161206;113500;413.8000000;414.6500000;413.5500000;414.5000000;21770
TATN;5;20161206;114000;414.3000000;415.4500000;414.1500000;414.5500000;32600
TATN;5;20161206;114500;414.9000000;415.5000000;414.5500000;415.1000000;11940
TATN;5;20161206;115000;415.1500000;417.2000000;415.1500000;417.0500000;36550
TATN;5;20161206;115500;416.9000000;418.5000000;416.8500000;418.5000000;38230
TATN;5;20161206;120000;418.4500000;419.4000000;417.3000000;419.4000000;23940
TATN;5;20161206;120500;419.1500000;421.4000000;418.3000000;421.4000000;37690
TATN;5;20161206;121000;421.1500000;422.0000000;420.5500000;420.5500000;33020
TATN;5;20161206;121500;420.5500000;424.5000000;420.3000000;423.5000000;96070
TATN;5;20161206;122000;423.5000000;424.8500000;423.5000000;424.8500000;38930
TATN;5;20161206;122500;424.6000000;426.4000000;424.6000000;425.7000000;58360
TATN;5;20161206;123000;426.0000000;426.1000000;424.6000000;424.9500000;38040
TATN;5;20161206;123500;424.7500000;424.9500000;424.1500000;424.4500000;18510
TATN;5;20161206;124000;424.5000000;425.5000000;424.5000000;424.8500000;58750
TATN;5;20161206;124500;425.1500000;425.2500000;424.5000000;424.6000000;8910
TATN;5;20161206;125000;424.6000000;424.9000000;424.1000000;424.1000000;9510
TATN;5;20161206;125500;424.4000000;424.6000000;423.7000000;424.6000000;10450
TATN;5;20161206;130000;424.7500000;425.1000000;423.8000000;423.9000000;18740
TATN;5;20161206;130500;424.0000000;424.3500000;423.6000000;424.0000000;15670
TATN;5;20161206;131000;424.1000000;424.3000000;423.5000000;423.5000000;15370
TATN;5;20161206;131500;423.8500000;423.9500000;423.1500000;423.1500000;33560
TATN;5;20161206;132000;423.3500000;423.4500000;422.3500000;422.9000000;18470
TATN;5;20161206;132500;422.9000000;423.7000000;422.7000000;423.5000000;8040
TATN;5;20161206;133000;423.5000000;423.7500000;423.1500000;423.5000000;7760
TATN;5;20161206;133500;423.3000000;423.3500000;422.2000000;422.2000000;10180
TATN;5;20161206;134000;422.2000000;422.2000000;420.3500000;420.3500000;33020
TATN;5;20161206;134500;420.3500000;420.5500000;419.0000000;419.4000000;40590
TATN;5;20161206;135000;419.4000000;421.2000000;419.1500000;419.5000000;17550
TATN;5;20161206;135500;419.5000000;420.0000000;418.9000000;419.0000000;21890
TATN;5;20161206;140000;419.2500000;419.8000000;418.6000000;419.3000000;4510
TATN;5;20161206;140500;419.6500000;420.6000000;419.6500000;420.2000000;5770
TATN;5;20161206;141000;420.2000000;420.5500000;419.1500000;420.0500000;10100
TATN;5;20161206;141500;419.8500000;420.1500000;419.5500000;419.7500000;7480
TATN;5;20161206;142000;419.6500000;420.1500000;419.3500000;419.7500000;5840
TATN;5;20161206;142500;419.7500000;419.9000000;419.3000000;419.3000000;4100
TATN;5;20161206;143000;419.3000000;419.8500000;419.2000000;419.2500000;5780
TATN;5;20161206;143500;419.5500000;419.7500000;419.1500000;419.1500000;4270
TATN;5;20161206;144000;419.2500000;419.2500000;417.9000000;418.5000000;24610
TATN;5;20161206;144500;418.4500000;418.6500000;417.9500000;418.0500000;8080
TATN;5;20161206;145000;418.5000000;420.1500000;418.2500000;419.9000000;20510
TATN;5;20161206;145500;419.9000000;422.7500000;419.9000000;422.5000000;30890
TATN;5;20161206;150000;422.5500000;423.7000000;422.5500000;423.5000000;13490
TATN;5;20161206;150500;423.2500000;423.5500000;422.2000000;422.9500000;18350
TATN;5;20161206;151000;422.8500000;422.9000000;422.0000000;422.1500000;9250
TATN;5;20161206;151500;422.4000000;422.8500000;421.7000000;422.7500000;12470
TATN;5;20161206;152000;422.7500000;422.9000000;422.1500000;422.5500000;9300
TATN;5;20161206;152500;422.6000000;423.0500000;422.2500000;423.0500000;12720
TATN;5;20161206;153000;423.0500000;423.1000000;422.4500000;422.9500000;7550
TATN;5;20161206;153500;422.7000000;423.3500000;422.4500000;423.1000000;23540
TATN;5;20161206;154000;422.8000000;423.3000000;422.4500000;422.9500000;36830
TATN;5;20161206;154500;422.9500000;423.0000000;422.0000000;422.3500000;28650
TATN;5;20161206;155000;422.2000000;422.6000000;422.2000000;422.3000000;5930
TATN;5;20161206;155500;422.4500000;422.5000000;421.4000000;421.6500000;20970
TATN;5;20161206;160000;421.5500000;422.3500000;421.5500000;421.9500000;7990
TATN;5;20161206;160500;421.9500000;422.1500000;421.9500000;421.9500000;2320
TATN;5;20161206;161000;422.1500000;422.1500000;421.0500000;421.0500000;7350
TATN;5;20161206;161500;421.0500000;422.0000000;420.9500000;422.0000000;19290
TATN;5;20161206;162000;421.7500000;422.1500000;420.5000000;421.1000000;17230
TATN;5;20161206;162500;421.0500000;421.2000000;420.6000000;420.7000000;6930
TATN;5;20161206;163000;420.6500000;421.2000000;420.5000000;421.2000000;6880
TATN;5;20161206;163500;421.2000000;421.4500000;421.1500000;421.1500000;4090
TATN;5;20161206;164000;421.1500000;421.1500000;420.5500000;421.0000000;7270
TATN;5;20161206;164500;420.8500000;421.0500000;420.5500000;421.0500000;3040
TATN;5;20161206;165000;421.0500000;421.2500000;420.5500000;421.1500000;15950
TATN;5;20161206;165500;421.1500000;421.2500000;420.4500000;420.4500000;11300
TATN;5;20161206;170000;420.8000000;420.9500000;420.0000000;420.5000000;6470
TATN;5;20161206;170500;420.4000000;420.6000000;419.6000000;420.1000000;13230
TATN;5;20161206;171000;420.3500000;421.4500000;419.6500000;420.8000000;38500
TATN;5;20161206;171500;420.8500000;421.2500000;420.8500000;421.2500000;7320
TATN;5;20161206;172000;421.0000000;421.4500000;420.7500000;421.4500000;12600
TATN;5;20161206;172500;421.4500000;423.3500000;421.0500000;422.2500000;34190
TATN;5;20161206;173000;422.5500000;423.0500000;422.2500000;422.2500000;14260
TATN;5;20161206;173500;422.3500000;422.3500000;420.7500000;421.2000000;21200
TATN;5;20161206;174000;421.4000000;421.7000000;420.6500000;420.7000000;9470
TATN;5;20161206;174500;420.6500000;420.7000000;420.0000000;420.4500000;22630
TATN;5;20161206;175000;420.2000000;420.6000000;419.0000000;419.4000000;53890
TATN;5;20161206;175500;419.4000000;419.5500000;418.8000000;419.0000000;13740
TATN;5;20161206;180000;418.9500000;419.1000000;418.4000000;418.7500000;24260
TATN;5;20161206;180500;418.7000000;419.3500000;418.4500000;419.3500000;6520
TATN;5;20161206;181000;419.3500000;419.9500000;419.0000000;419.6000000;7050
TATN;5;20161206;181500;419.6000000;421.4500000;419.6000000;421.4500000;14940
TATN;5;20161206;182000;421.4000000;421.4000000;420.0000000;420.6000000;20240
TATN;5;20161206;182500;420.7000000;421.1500000;420.1000000;420.1000000;9400
TATN;5;20161206;183000;420.2500000;420.6500000;418.2500000;419.1000000;66080
TATN;5;20161206;183500;419.0500000;421.7500000;418.7000000;421.7500000;39730
TATN;5;20161206;184000;421.5000000;423.1000000;421.1500000;423.1000000;124010
TATN;5;20161206;185000;422.9500000;422.9500000;422.9500000;422.9500000;41310
TATN;5;20161207;100500;421.9500000;425.9000000;420.1000000;424.8500000;29010
TATN;5;20161207;101000;424.6000000;425.5000000;422.8500000;424.8500000;21860
TATN;5;20161207;101500;424.5500000;424.9000000;422.9500000;423.5500000;12110
TATN;5;20161207;102000;423.6000000;423.6000000;422.5000000;422.7500000;8960
TATN;5;20161207;102500;423.0500000;423.9000000;422.8500000;423.9000000;1310
TATN;5;20161207;103000;423.9000000;424.3500000;423.4500000;424.0000000;9260
TATN;5;20161207;103500;424.0500000;424.4000000;423.7000000;424.1000000;3240
TATN;5;20161207;104000;423.8500000;424.3500000;423.8000000;423.8000000;1240
TATN;5;20161207;104500;423.9500000;424.0000000;423.4000000;423.6000000;2480
TATN;5;20161207;105000;423.6000000;423.9000000;423.0000000;423.9000000;5430
TATN;5;20161207;105500;423.4500000;423.7500000;422.9000000;423.0500000;6530
TATN;5;20161207;110000;422.9000000;424.0000000;422.7500000;423.8500000;4240
TATN;5;20161207;110500;423.2000000;423.5000000;422.4000000;422.9000000;4300
TATN;5;20161207;111000;422.9500000;423.2000000;422.1500000;422.1500000;9260
TATN;5;20161207;111500;422.2500000;422.9000000;419.7500000;420.0000000;43510
TATN;5;20161207;112000;420.0000000;421.0000000;419.4500000;419.6500000;10750
TATN;5;20161207;112500;419.8000000;421.5000000;419.6500000;421.4000000;11920
TATN;5;20161207;113000;421.0000000;421.9000000;420.4500000;421.9000000;7180
TATN;5;20161207;113500;421.9000000;423.0000000;421.6500000;422.0500000;12510
TATN;5;20161207;114000;422.2500000;422.2500000;420.1000000;421.0000000;32950
TATN;5;20161207;114500;420.8000000;421.0000000;419.4000000;419.5500000;18940
TATN;5;20161207;115000;419.7500000;419.9000000;418.0000000;418.4500000;46720
TATN;5;20161207;115500;418.0500000;420.8500000;417.8000000;419.7000000;30410
TATN;5;20161207;120000;419.4500000;420.3000000;418.9000000;419.4000000;8290
TATN;5;20161207;120500;419.0500000;420.1000000;419.0500000;420.0000000;6140
TATN;5;20161207;121000;419.6000000;419.8500000;418.0500000;418.8000000;32800
TATN;5;20161207;121500;418.5500000;419.1000000;418.4500000;419.1000000;6790
TATN;5;20161207;122000;418.9000000;420.3500000;418.9000000;420.3500000;7630
TATN;5;20161207;122500;420.3500000;420.5500000;419.0500000;419.9000000;21610
TATN;5;20161207;123000;419.9000000;420.0500000;419.0000000;419.5500000;10790
TATN;5;20161207;123500;419.5000000;420.0000000;419.0500000;419.8000000;6970
TATN;5;20161207;124000;419.8000000;420.4500000;419.0000000;419.1000000;27770
TATN;5;20161207;124500;419.4500000;419.8500000;419.1500000;419.6500000;9430
TATN;5;20161207;125000;419.2500000;419.7500000;418.7500000;419.5000000;10890
TATN;5;20161207;125500;419.1500000;419.5000000;419.1500000;419.5000000;5510
TATN;5;20161207;130000;419.2500000;419.5000000;419.0000000;419.3000000;8650
TATN;5;20161207;130500;419.3000000;419.7500000;419.0000000;419.2500000;17550
TATN;5;20161207;131000;419.0500000;419.5000000;418.6500000;418.7000000;12010
TATN;5;20161207;131500;418.7000000;419.5500000;417.8000000;418.0000000;47900
TATN;5;20161207;132000;418.3500000;419.4500000;418.0000000;419.4500000;32070
TATN;5;20161207;132500;419.4500000;419.7500000;418.7500000;419.3000000;32150
TATN;5;20161207;133000;419.6000000;419.8000000;418.8000000;419.5500000;9410
TATN;5;20161207;133500;419.3000000;419.5500000;417.7000000;418.2000000;10670
TATN;5;20161207;134000;418.3000000;418.6500000;417.6500000;418.6500000;3940
TATN;5;20161207;134500;418.6500000;418.9500000;418.6000000;418.9500000;3740
TATN;5;20161207;135000;418.9000000;419.0000000;418.4500000;418.7000000;8920
TATN;5;20161207;135500;418.3500000;418.3500000;418.0500000;418.3500000;8650
TATN;5;20161207;140000;418.3000000;418.3000000;416.5000000;417.2000000;45610
TATN;5;20161207;140500;416.8000000;417.2500000;416.4500000;416.7500000;15520
TATN;5;20161207;141000;416.6000000;417.3000000;416.3500000;417.2500000;13370
TATN;5;20161207;141500;416.8500000;416.9500000;416.5500000;416.9500000;5430
TATN;5;20161207;142000;416.9000000;417.9000000;416.4500000;416.9000000;30630
TATN;5;20161207;142500;416.5000000;417.1000000;416.4500000;417.0000000;16280
TATN;5;20161207;143000;416.7500000;417.1500000;416.5000000;416.8000000;19030
TATN;5;20161207;143500;416.7500000;416.9500000;416.2500000;416.7000000;16970
TATN;5;20161207;144000;416.7500000;417.5000000;416.3500000;417.3000000;19740
TATN;5;20161207;144500;417.2500000;417.4000000;416.6500000;417.1000000;6780
TATN;5;20161207;145000;417.0500000;417.4500000;416.8000000;417.4000000;10510
TATN;5;20161207;145500;417.4000000;417.5000000;416.8000000;416.8500000;12960
TATN;5;20161207;150000;416.8500000;417.2500000;416.8000000;416.8000000;7820
TATN;5;20161207;150500;416.7500000;417.6000000;416.7500000;417.0500000;30400
TATN;5;20161207;151000;417.4500000;417.4500000;416.7000000;416.8500000;7720
TATN;5;20161207;151500;416.8500000;417.2000000;416.6500000;416.8000000;9990
TATN;5;20161207;152000;416.8000000;417.1500000;416.6000000;416.6000000;11010
TATN;5;20161207;152500;416.6000000;416.9500000;416.4000000;416.5000000;12530
TATN;5;20161207;153000;416.5000000;416.8000000;416.4500000;416.5500000;6320
TATN;5;20161207;153500;416.5000000;417.0000000;416.4500000;416.5000000;12330
TATN;5;20161207;154000;416.4500000;416.9000000;416.4500000;416.6500000;14580
TATN;5;20161207;154500;416.6500000;417.0000000;416.6000000;416.6000000;7450
TATN;5;20161207;155000;416.6000000;417.1500000;416.6000000;416.9000000;8360
TATN;5;20161207;155500;416.7500000;418.6000000;416.7500000;418.3000000;36430
TATN;5;20161207;160000;418.3000000;418.3000000;417.8500000;417.9000000;7870
TATN;5;20161207;160500;418.1000000;418.5000000;417.9000000;418.0000000;12960
TATN;5;20161207;161000;418.2000000;418.3000000;417.8500000;417.9000000;6390
TATN;5;20161207;161500;417.9500000;418.4000000;417.8500000;418.4000000;4530
TATN;5;20161207;162000;418.4000000;418.4500000;417.5500000;418.1500000;8610
TATN;5;20161207;162500;418.3500000;418.4500000;417.8500000;417.8500000;10760
TATN;5;20161207;163000;417.8500000;418.6500000;417.6500000;418.0500000;25830
TATN;5;20161207;163500;418.2000000;418.7000000;418.2000000;418.4000000;6580
TATN;5;20161207;164000;418.4500000;419.2000000;418.3000000;418.6000000;14470
TATN;5;20161207;164500;418.6000000;419.4000000;418.5000000;418.5500000;19230
TATN;5;20161207;165000;418.7500000;419.0000000;418.3000000;418.8000000;15650
TATN;5;20161207;165500;418.8000000;419.6500000;418.6000000;419.5000000;6480
TATN;5;20161207;170000;419.5000000;420.4000000;419.3500000;420.2500000;10770
TATN;5;20161207;170500;420.4000000;421.0000000;420.3500000;420.9000000;18260
TATN;5;20161207;171000;420.8500000;421.3000000;420.5000000;421.0000000;28080
TATN;5;20161207;171500;421.0000000;421.0000000;418.9000000;419.6000000;21110
TATN;5;20161207;172000;419.8000000;420.1000000;419.5000000;419.7000000;5580
TATN;5;20161207;172500;419.7000000;420.3500000;419.7000000;419.7500000;37250
TATN;5;20161207;173000;419.8500000;419.8500000;418.0500000;418.5000000;16060
TATN;5;20161207;173500;418.6500000;418.9500000;418.6500000;418.7500000;3900
TATN;5;20161207;174000;418.7500000;419.3000000;418.4500000;419.3000000;11400
TATN;5;20161207;174500;419.3000000;419.3000000;418.0500000;418.3500000;12300
TATN;5;20161207;175000;418.4000000;419.0000000;418.0500000;418.9500000;10850
TATN;5;20161207;175500;418.9500000;420.0000000;418.7500000;420.0000000;20340
TATN;5;20161207;180000;419.8500000;421.2000000;419.7500000;421.0000000;11640
TATN;5;20161207;180500;421.0000000;421.2000000;419.4500000;420.8000000;10600
TATN;5;20161207;181000;420.8000000;421.7000000;420.8000000;421.7000000;13690
TATN;5;20161207;181500;421.7000000;422.0000000;421.5000000;422.0000000;21360
TATN;5;20161207;182000;422.0000000;423.4500000;421.9000000;421.9000000;33370
TATN;5;20161207;182500;422.7000000;422.8000000;421.5000000;421.5000000;10030
TATN;5;20161207;183000;422.0500000;423.1000000;421.3500000;422.8500000;31420
TATN;5;20161207;183500;422.8000000;423.2500000;421.5500000;422.2000000;41590
TATN;5;20161207;184000;422.6000000;422.8000000;421.5500000;422.3000000;56080
TATN;5;20161207;185000;423.5000000;423.5000000;423.5000000;423.5000000;65490
TATN;5;20161208;100500;422.5000000;423.4500000;421.7500000;422.8000000;16620
TATN;5;20161208;101000;422.3000000;424.0500000;422.2500000;423.6500000;3230
TATN;5;20161208;101500;423.5500000;423.9500000;422.9000000;423.5500000;4440
TATN;5;20161208;102000;423.8000000;424.5000000;422.9000000;424.2000000;10720
TATN;5;20161208;102500;423.8000000;424.3000000;423.5500000;423.6000000;5300
TATN;5;20161208;103000;423.9000000;423.9000000;422.7000000;422.7000000;5550
TATN;5;20161208;103500;422.8000000;423.8000000;422.8000000;423.4000000;7010
TATN;5;20161208;104000;423.4500000;425.8500000;423.4500000;424.8000000;41320
TATN;5;20161208;104500;424.5000000;425.0000000;424.1500000;424.5500000;9670
TATN;5;20161208;105000;424.7000000;425.3500000;424.1500000;425.3500000;6780
TATN;5;20161208;105500;425.3500000;425.6500000;424.8500000;424.8500000;7000
TATN;5;20161208;110000;425.2500000;425.2500000;424.6500000;425.0000000;3970
TATN;5;20161208;110500;424.5500000;425.2000000;424.3000000;425.2000000;13770
TATN;5;20161208;111000;425.0000000;425.0000000;423.0000000;423.0500000;19180
TATN;5;20161208;111500;423.3500000;423.4500000;421.7000000;422.5000000;43630
TATN;5;20161208;112000;422.5500000;422.5500000;420.7000000;420.9000000;16930
TATN;5;20161208;112500;420.9000000;421.2500000;420.1500000;421.0000000;22310
TATN;5;20161208;113000;421.2000000;422.0000000;421.2000000;421.5000000;7340
TATN;5;20161208;113500;421.8000000;422.1500000;421.6000000;422.1000000;1980
TATN;5;20161208;114000;422.1500000;422.1500000;420.7000000;421.2000000;12100
TATN;5;20161208;114500;420.9500000;421.3000000;420.7000000;421.0500000;6520
TATN;5;20161208;115000;421.2500000;421.3000000;420.5000000;421.0000000;10490
TATN;5;20161208;115500;420.9000000;421.5000000;420.9000000;421.3500000;14000
TATN;5;20161208;120000;421.0000000;421.1000000;419.3500000;419.5500000;27120
TATN;5;20161208;120500;419.4500000;419.9500000;419.3500000;419.4500000;5130
TATN;5;20161208;121000;419.4500000;419.6000000;419.3000000;419.6000000;5950
TATN;5;20161208;121500;419.6000000;419.6000000;418.5000000;418.5000000;22670
TATN;5;20161208;122000;418.9000000;418.9000000;418.3000000;418.3500000;10620
TATN;5;20161208;122500;418.6000000;418.7500000;417.6500000;418.7500000;34500
TATN;5;20161208;123000;418.8000000;418.9000000;418.2500000;418.2500000;6080
TATN;5;20161208;123500;418.3000000;418.3000000;417.9500000;418.2000000;18430
TATN;5;20161208;124000;418.1500000;419.8500000;418.1500000;419.8500000;26040
TATN;5;20161208;124500;419.1500000;419.9500000;418.1000000;419.0500000;39420
TATN;5;20161208;125000;419.0000000;419.2000000;418.6000000;418.9000000;8310
TATN;5;20161208;125500;419.2000000;419.2000000;418.9500000;418.9500000;2750
TATN;5;20161208;130000;419.0500000;419.2000000;418.4500000;418.5500000;8380
TATN;5;20161208;130500;418.9500000;418.9500000;418.4500000;418.7500000;1410
TATN;5;20161208;131000;418.8000000;418.9500000;418.3500000;418.4000000;3310
TATN;5;20161208;131500;418.4000000;418.6000000;417.4500000;418.6000000;56330
TATN;5;20161208;132000;418.9500000;419.5500000;418.1500000;419.1500000;7240
TATN;5;20161208;132500;419.1500000;419.7000000;419.0000000;419.1000000;6890
TATN;5;20161208;133000;419.1000000;419.4500000;419.0000000;419.3000000;5550
TATN;5;20161208;133500;419.0000000;419.0500000;418.3500000;418.7500000;4520
TATN;5;20161208;134000;419.3000000;419.8500000;419.3000000;419.8500000;2560
TATN;5;20161208;134500;419.9500000;420.2000000;419.3000000;419.8500000;13770
TATN;5;20161208;135000;420.1000000;420.3500000;419.5500000;419.5500000;9400
TATN;5;20161208;135500;419.7500000;420.1000000;419.7500000;419.8500000;580
TATN;5;20161208;140000;419.8000000;419.8000000;419.0500000;419.5000000;12420
TATN;5;20161208;140500;419.8000000;419.8000000;419.1000000;419.2500000;4400
TATN;5;20161208;141000;419.6000000;419.6500000;419.0500000;419.5000000;6230
TATN;5;20161208;141500;419.5500000;419.5500000;418.4500000;419.0000000;8900
TATN;5;20161208;142000;418.9500000;419.2000000;418.6000000;418.6500000;4020
TATN;5;20161208;142500;419.1500000;419.4500000;418.6000000;419.1500000;7130
TATN;5;20161208;143000;418.9500000;418.9500000;418.4000000;418.5000000;5540
TATN;5;20161208;143500;418.5500000;418.6500000;417.8000000;417.8500000;18380
TATN;5;20161208;144000;417.9000000;418.3000000;417.8000000;418.0500000;4280
TATN;5;20161208;144500;418.2500000;418.3000000;417.8000000;418.3000000;7620
TATN;5;20161208;145000;418.0500000;419.0500000;417.9000000;418.6000000;12600
TATN;5;20161208;145500;418.5500000;419.3500000;418.5000000;418.7500000;13270
TATN;5;20161208;150000;418.7500000;418.7500000;418.3000000;418.5000000;6150
TATN;5;20161208;150500;418.6000000;418.9000000;418.4500000;418.4500000;7120
TATN;5;20161208;151000;418.4500000;419.0000000;418.4500000;418.7000000;15020
TATN;5;20161208;151500;418.9000000;419.1000000;418.6500000;418.6500000;7020
TATN;5;20161208;152000;419.1000000;419.3500000;418.8000000;418.8000000;6250
TATN;5;20161208;152500;418.8500000;419.6000000;418.8500000;419.2500000;4190
TATN;5;20161208;153000;419.5000000;419.7000000;419.1500000;419.6000000;7380
TATN;5;20161208;153500;419.3000000;419.3000000;418.5000000;418.5000000;8380
TATN;5;20161208;154000;418.5000000;418.9000000;418.3500000;418.7500000;8200
TATN;5;20161208;154500;418.5500000;418.7000000;418.1000000;418.3000000;7460
TATN;5;20161208;155000;418.3500000;419.5000000;417.9500000;419.5000000;22300
TATN;5;20161208;155500;418.7000000;419.4500000;418.5500000;419.1000000;8600
TATN;5;20161208;160000;419.1000000;420.1500000;419.1000000;420.1500000;20360
TATN;5;20161208;160500;419.9000000;421.0000000;419.7000000;420.6000000;31000
TATN;5;20161208;161000;420.6000000;421.0000000;419.9500000;420.0000000;44820
TATN;5;20161208;161500;420.0500000;420.2000000;419.2500000;419.2500000;18150
TATN;5;20161208;162000;419.8000000;420.3500000;419.4500000;419.7000000;12360
TATN;5;20161208;162500;420.0000000;420.2500000;419.5500000;419.5500000;11950
TATN;5;20161208;163000;419.4500000;419.8000000;419.2000000;419.8000000;5080
TATN;5;20161208;163500;419.9500000;420.1000000;419.8500000;419.9000000;9760
TATN;5;20161208;164000;420.2500000;420.2500000;418.3500000;418.4500000;18400
TATN;5;20161208;164500;418.7500000;418.8500000;418.2500000;418.4000000;7880
TATN;5;20161208;165000;418.5500000;419.1000000;418.3500000;418.3500000;10780
TATN;5;20161208;165500;418.3500000;418.7500000;418.3500000;418.6000000;5590
TATN;5;20161208;170000;418.7500000;418.8500000;418.3500000;418.5500000;9940
TATN;5;20161208;170500;418.7500000;418.7500000;418.2500000;418.3500000;14390
TATN;5;20161208;171000;418.3500000;418.7000000;417.9500000;418.2500000;28620
TATN;5;20161208;171500;418.1000000;418.1500000;417.7000000;418.0000000;13920
TATN;5;20161208;172000;417.7000000;418.2000000;417.5500000;417.8000000;12530
TATN;5;20161208;172500;418.3500000;418.3500000;416.0500000;416.3500000;47890
TATN;5;20161208;173000;416.1500000;416.3500000;415.2500000;415.6500000;30080
TATN;5;20161208;173500;415.6500000;416.8000000;415.5500000;416.3000000;17520
TATN;5;20161208;174000;416.0500000;417.0000000;416.0500000;416.8000000;9720
TATN;5;20161208;174500;417.0000000;417.7000000;416.6000000;417.7000000;7390
TATN;5;20161208;175000;417.5000000;418.0000000;417.4000000;418.0000000;5720
TATN;5;20161208;175500;418.1000000;418.5500000;418.1000000;418.1500000;8440
TATN;5;20161208;180000;418.1500000;418.1500000;415.9500000;416.2500000;18670
TATN;5;20161208;180500;416.2000000;417.2500000;416.1500000;416.9000000;15290
TATN;5;20161208;181000;417.2000000;418.6500000;417.0000000;417.9000000;26190
TATN;5;20161208;181500;417.9000000;419.0500000;417.9000000;417.9500000;35600
TATN;5;20161208;182000;417.8500000;418.6000000;417.0500000;417.7500000;89200
TATN;5;20161208;182500;417.7500000;419.5000000;417.0500000;417.3000000;90700
TATN;5;20161208;183000;417.3000000;418.7500000;416.7000000;418.7500000;30930
TATN;5;20161208;183500;418.7000000;418.9500000;417.4000000;418.8500000;28020
TATN;5;20161208;184000;418.9000000;419.9000000;417.9000000;417.9000000;123650
TATN;5;20161208;185000;417.8000000;417.8000000;417.8000000;417.8000000;62410
TATN;5;20161209;100500;419.8000000;421.0000000;419.1000000;420.7500000;27430
TATN;5;20161209;101000;420.7500000;423.0000000;420.6000000;421.7500000;51500
TATN;5;20161209;101500;421.7000000;422.5000000;420.9000000;422.5000000;18070
TATN;5;20161209;102000;422.3000000;422.5000000;418.0000000;418.7500000;41640
TATN;5;20161209;102500;419.0500000;420.8000000;417.3500000;420.8000000;22320
TATN;5;20161209;103000;420.2000000;420.8000000;417.3500000;419.5000000;19600
TATN;5;20161209;103500;419.1000000;419.5500000;417.3500000;418.1500000;25040
TATN;5;20161209;104000;418.0000000;418.2000000;417.3500000;417.4000000;5580
TATN;5;20161209;104500;417.9000000;418.9000000;417.4000000;417.4000000;4480
TATN;5;20161209;105000;417.4500000;418.4500000;417.3500000;418.4500000;3810
TATN;5;20161209;105500;418.1000000;418.6000000;417.9000000;418.1000000;1360
TATN;5;20161209;110000;418.0000000;419.9000000;418.0000000;419.7000000;13820
TATN;5;20161209;110500;419.7000000;419.9000000;419.1500000;419.6000000;9100
TATN;5;20161209;111000;419.5000000;419.6500000;417.7500000;417.7500000;7680
TATN;5;20161209;111500;418.2500000;418.3500000;417.6000000;418.3500000;4840
TATN;5;20161209;112000;418.1000000;418.1500000;417.1000000;417.4500000;11760
TATN;5;20161209;112500;417.1500000;417.4000000;416.0500000;416.8000000;21270
TATN;5;20161209;113000;416.8500000;417.7500000;416.5500000;417.7500000;8490
TATN;5;20161209;113500;417.5500000;418.0000000;416.9500000;417.4000000;13150
TATN;5;20161209;114000;416.7500000;417.6500000;416.7000000;417.3500000;3740
TATN;5;20161209;114500;417.5500000;417.6500000;416.1000000;416.3500000;6150
TATN;5;20161209;115000;416.5500000;417.0500000;416.3500000;416.6500000;1430
TATN;5;20161209;115500;416.9000000;417.6000000;416.9000000;417.4000000;2470
TATN;5;20161209;120000;417.4000000;417.9000000;416.5000000;416.5000000;8930
TATN;5;20161209;120500;416.5000000;416.8000000;416.0500000;416.8000000;9950
TATN;5;20161209;121000;416.3000000;416.5000000;415.6500000;416.0000000;20560
TATN;5;20161209;121500;415.8000000;416.0000000;415.6000000;416.0000000;2940
TATN;5;20161209;122000;415.8500000;416.2000000;415.8500000;416.2000000;4520
TATN;5;20161209;122500;416.1000000;416.6500000;416.0000000;416.2500000;6300
TATN;5;20161209;123000;415.8500000;416.5000000;415.5000000;415.7500000;11310
TATN;5;20161209;123500;415.9000000;415.9000000;415.6000000;415.8500000;1610
TATN;5;20161209;124000;416.2000000;416.2000000;415.8500000;415.8500000;60
TATN;5;20161209;124500;415.7500000;415.9500000;415.5000000;415.5500000;1920
TATN;5;20161209;125000;415.8500000;415.9000000;415.5500000;415.9000000;1390
TATN;5;20161209;125500;415.8500000;415.9000000;415.2500000;415.6000000;6630
TATN;5;20161209;130000;415.5000000;415.6500000;415.4000000;415.6500000;720
TATN;5;20161209;130500;415.6500000;416.0500000;415.3000000;416.0500000;4370
TATN;5;20161209;131000;415.6500000;416.0000000;414.4000000;416.0000000;26760
TATN;5;20161209;131500;416.0000000;416.5000000;416.0000000;416.5000000;2710
TATN;5;20161209;132000;416.5500000;417.0000000;416.5500000;417.0000000;1250
TATN;5;20161209;132500;417.0000000;417.0000000;416.3000000;416.8000000;7630
TATN;5;20161209;133000;417.0500000;417.1000000;416.7500000;417.1000000;1150
TATN;5;20161209;133500;417.1500000;417.5000000;417.1500000;417.3000000;1660
TATN;5;20161209;134000;417.4000000;417.7000000;417.4000000;417.7000000;2100
TATN;5;20161209;134500;417.7000000;417.7000000;417.0000000;417.0000000;870
TATN;5;20161209;135000;417.0000000;417.0000000;417.0000000;417.0000000;140
TATN;5;20161209;135500;416.9500000;417.7000000;416.9500000;417.1500000;11200
TATN;5;20161209;140000;417.3000000;417.5000000;417.1000000;417.4500000;3080
TATN;5;20161209;140500;417.2000000;417.2000000;417.2000000;417.2000000;1100
TATN;5;20161209;141000;417.3500000;417.4000000;416.8000000;417.0000000;7760
TATN;5;20161209;141500;416.8000000;416.8000000;416.4500000;416.4500000;1290
TATN;5;20161209;142000;416.5000000;417.4000000;416.2500000;417.4000000;6920
TATN;5;20161209;142500;417.2500000;417.5000000;417.2500000;417.5000000;1330
TATN;5;20161209;143000;417.5000000;417.6000000;417.3500000;417.6000000;590
TATN;5;20161209;143500;417.2500000;417.5500000;417.1000000;417.1000000;520
TATN;5;20161209;144000;417.3000000;417.4000000;417.3000000;417.3000000;720
TATN;5;20161209;144500;417.1000000;417.4000000;416.8000000;416.8000000;3770
TATN;5;20161209;145000;416.9000000;417.4000000;416.8500000;417.3000000;3170
TATN;5;20161209;145500;417.2000000;417.2500000;416.8500000;417.2500000;1510
TATN;5;20161209;150000;416.8500000;417.2000000;416.8500000;417.1000000;890
TATN;5;20161209;150500;417.2000000;417.5500000;417.0500000;417.0500000;2150
TATN;5;20161209;151000;417.0500000;417.0500000;417.0500000;417.0500000;610
TATN;5;20161209;151500;417.1500000;417.1500000;416.7500000;416.8000000;3200
TATN;5;20161209;152000;416.8500000;417.1500000;416.8000000;416.9500000;3150
TATN;5;20161209;152500;417.1500000;417.2500000;416.9500000;416.9500000;510
TATN;5;20161209;153000;417.2500000;417.5500000;417.0000000;417.5500000;720
TATN;5;20161209;153500;417.5000000;417.5500000;416.8500000;417.2500000;3340
TATN;5;20161209;154000;416.9500000;417.4000000;416.7500000;417.4000000;6300
TATN;5;20161209;154500;417.4000000;417.6000000;417.1500000;417.1500000;5630
TATN;5;20161209;155000;417.2000000;417.9000000;417.0000000;417.9000000;4490
TATN;5;20161209;155500;417.8500000;417.9000000;417.4500000;417.8000000;3470
TATN;5;20161209;160000;417.6000000;417.9500000;417.5000000;417.6500000;3240
TATN;5;20161209;160500;417.4000000;417.9500000;417.2500000;417.4000000;2120
TATN;5;20161209;161000;417.4000000;417.9500000;417.4000000;417.5000000;3120
TATN;5;20161209;161500;417.9000000;417.9000000;417.6500000;417.9000000;1170
TATN;5;20161209;162000;417.7000000;417.8000000;417.4000000;417.8000000;620
TATN;5;20161209;162500;417.6500000;417.7000000;417.6000000;417.6000000;1100
TATN;5;20161209;163000;417.6000000;417.8000000;417.4000000;417.4000000;1820
TATN;5;20161209;163500;417.4000000;417.5500000;417.1500000;417.4000000;2440
TATN;5;20161209;164000;417.4000000;417.4000000;417.0000000;417.0000000;6050
TATN;5;20161209;164500;417.0000000;417.4000000;416.7500000;417.4000000;5160
TATN;5;20161209;165000;417.1000000;417.1500000;416.7500000;416.7500000;8600
TATN;5;20161209;165500;416.7500000;416.7500000;416.0500000;416.0500000;12020
TATN;5;20161209;170000;416.0500000;416.1500000;415.6000000;415.6000000;7310
TATN;5;20161209;170500;415.6500000;416.5500000;415.6500000;416.3000000;3990
TATN;5;20161209;171000;416.3000000;416.5000000;416.0500000;416.0500000;6840
TATN;5;20161209;171500;416.0500000;416.6500000;415.9000000;416.6500000;5520
TATN;5;20161209;172000;416.3500000;417.2000000;416.3500000;416.4000000;4710
TATN;5;20161209;172500;416.4000000;416.8000000;416.3000000;416.5500000;3350
TATN;5;20161209;173000;416.5000000;416.9500000;415.1500000;415.1500000;20290
TATN;5;20161209;173500;415.2000000;415.7000000;415.0000000;415.1000000;19270
TATN;5;20161209;174000;415.1000000;415.8000000;415.1000000;415.3000000;3870
TATN;5;20161209;174500;415.2500000;416.0000000;415.2500000;415.7000000;5170
TATN;5;20161209;175000;415.7500000;416.1500000;415.4500000;415.6500000;16510
TATN;5;20161209;175500;415.6500000;415.8000000;414.6000000;414.7500000;40430
TATN;5;20161209;180000;414.7500000;414.7500000;414.2500000;414.3500000;14560
TATN;5;20161209;180500;414.3500000;414.7500000;414.2000000;414.3500000;10560
TATN;5;20161209;181000;414.3500000;414.9500000;414.0000000;414.5000000;7590
TATN;5;20161209;181500;414.5000000;414.5000000;414.1000000;414.1000000;6200
TATN;5;20161209;182000;414.1000000;414.4000000;413.7500000;413.8000000;15190
TATN;5;20161209;182500;413.8000000;414.0000000;413.0000000;413.1500000;17400
TATN;5;20161209;183000;413.1500000;413.4000000;412.8000000;412.9500000;15670
TATN;5;20161209;183500;412.9500000;416.4000000;412.9500000;415.9000000;42340
TATN;5;20161209;184000;415.9000000;417.4000000;414.0500000;414.0500000;99170
TATN;5;20161209;185000;417.3000000;417.3000000;417.3000000;417.3000000;151440
TATN;5;20161212;100500;422.0000000;423.7500000;418.2000000;423.4000000;56590
TATN;5;20161212;101000;423.4500000;423.5000000;422.0500000;422.7000000;15580
TATN;5;20161212;101500;422.7000000;423.0000000;421.6500000;421.6500000;3950
TATN;5;20161212;102000;421.7500000;422.2500000;421.5500000;421.9000000;8120
TATN;5;20161212;102500;422.1500000;422.6000000;422.1000000;422.5500000;5870
TATN;5;20161212;103000;422.5000000;423.4500000;422.5000000;423.2500000;11860
TATN;5;20161212;103500;423.2500000;423.7000000;422.7000000;423.7000000;9220
TATN;5;20161212;104000;423.7000000;426.0000000;423.7000000;424.8000000;38210
TATN;5;20161212;104500;424.4000000;425.9500000;424.3500000;425.9500000;30750
TATN;5;20161212;105000;425.9500000;427.6500000;425.0000000;426.4500000;31890
TATN;5;20161212;105500;426.9500000;427.4500000;425.5500000;425.5500000;21700
TATN;5;20161212;110000;425.5000000;426.2500000;424.4500000;425.0000000;13590
TATN;5;20161212;110500;424.7000000;424.7000000;418.3000000;419.3000000;128030
TATN;5;20161212;111000;419.3000000;419.9000000;415.0500000;415.1000000;214110
TATN;5;20161212;111500;415.0500000;416.4000000;415.0500000;415.6500000;42470
TATN;5;20161212;112000;415.6500000;415.6500000;413.1500000;413.8000000;53180
TATN;5;20161212;112500;413.9000000;414.6000000;413.3000000;413.7500000;26380
TATN;5;20161212;113000;413.9500000;414.2000000;411.6500000;411.9000000;58400
TATN;5;20161212;113500;411.5500000;412.8000000;411.5000000;412.4000000;31670
TATN;5;20161212;114000;412.3500000;412.5000000;411.7000000;411.8000000;20780
TATN;5;20161212;114500;412.0500000;412.4000000;405.5000000;407.3500000;187760
TATN;5;20161212;115000;407.8500000;408.4000000;406.1000000;407.5000000;48910
TATN;5;20161212;115500;407.5000000;408.1500000;406.5500000;407.0500000;22840
TATN;5;20161212;120000;407.0500000;407.2500000;406.3000000;407.0000000;23780
TATN;5;20161212;120500;407.0500000;407.2500000;405.5500000;407.2500000;68700
TATN;5;20161212;121000;406.9000000;408.1500000;406.7500000;408.1500000;13000
TATN;5;20161212;121500;408.3000000;408.8500000;406.8000000;406.9000000;26690
TATN;5;20161212;122000;407.2500000;407.8000000;404.5500000;405.3500000;41830
TATN;5;20161212;122500;405.0500000;406.1000000;404.3000000;405.0000000;53990
TATN;5;20161212;123000;404.9500000;405.6500000;402.1000000;402.3500000;85810
TATN;5;20161212;123500;402.8000000;403.9500000;402.6500000;403.1500000;24960
TATN;5;20161212;124000;403.0500000;403.0500000;402.4000000;402.6500000;13920
TATN;5;20161212;124500;402.5000000;402.8000000;402.1000000;402.1000000;11050
TATN;5;20161212;125000;402.5000000;402.6500000;401.6500000;402.2000000;17630
TATN;5;20161212;125500;402.0000000;402.4500000;401.5500000;401.8500000;15780
TATN;5;20161212;130000;401.5500000;401.8500000;400.8500000;400.9000000;30190
TATN;5;20161212;130500;401.2000000;401.7000000;400.7500000;401.2500000;17840
TATN;5;20161212;131000;401.7000000;401.8500000;401.1000000;401.4500000;16750
TATN;5;20161212;131500;401.8000000;401.8500000;401.2000000;401.6000000;15670
TATN;5;20161212;132000;401.7500000;402.4500000;401.4500000;401.9500000;37750
TATN;5;20161212;132500;401.8500000;402.3500000;401.5500000;402.1000000;18970
TATN;5;20161212;133000;401.9500000;402.8000000;401.9500000;402.8000000;21700
TATN;5;20161212;133500;402.8500000;402.9500000;402.1000000;402.1000000;12000
TATN;5;20161212;134000;402.1500000;402.6500000;401.5500000;401.5500000;34090
TATN;5;20161212;134500;401.5000000;402.9000000;401.5000000;401.5000000;34210
TATN;5;20161212;135000;401.5000000;401.6000000;400.2000000;400.3500000;87720
TATN;5;20161212;135500;400.7000000;401.1500000;400.1000000;400.4500000;38220
TATN;5;20161212;140000;400.9000000;401.1500000;400.5000000;400.8000000;14590
TATN;5;20161212;140500;400.8000000;401.0500000;400.6000000;401.0500000;3660
TATN;5;20161212;141000;401.0000000;401.1000000;400.6000000;401.0000000;9780
TATN;5;20161212;141500;401.0000000;401.3500000;400.6000000;400.6000000;8540
TATN;5;20161212;142000;400.9000000;401.0000000;400.4000000;400.4500000;6260
TATN;5;20161212;142500;400.8500000;400.8500000;400.2500000;400.3000000;2770
TATN;5;20161212;143000;400.5000000;400.8500000;400.0500000;400.2000000;50310
TATN;5;20161212;143500;400.2000000;400.5000000;397.6000000;397.6000000;74740
TATN;5;20161212;144000;397.8500000;398.0000000;396.3000000;397.0500000;64570
TATN;5;20161212;144500;397.2500000;397.2500000;396.3500000;396.6500000;23990
TATN;5;20161212;145000;396.6500000;396.8500000;396.0000000;396.1500000;31430
TATN;5;20161212;145500;396.4000000;396.5500000;395.8500000;396.1500000;47330
TATN;5;20161212;150000;396.2000000;396.3500000;394.4000000;395.2500000;79070
TATN;5;20161212;150500;394.9500000;395.5500000;392.4000000;393.0000000;60080
TATN;5;20161212;151000;393.1500000;393.5000000;393.0000000;393.5000000;17940
TATN;5;20161212;151500;393.4500000;393.4500000;392.5000000;393.3500000;60280
TATN;5;20161212;152000;393.3500000;393.5500000;392.2500000;392.6000000;24140
TATN;5;20161212;152500;392.6500000;393.2000000;392.4500000;392.9000000;37250
TATN;5;20161212;153000;392.9000000;393.1500000;392.6500000;392.7500000;27240
TATN;5;20161212;153500;393.0000000;393.1500000;392.6500000;392.8000000;19750
TATN;5;20161212;154000;392.7500000;392.9000000;392.5000000;392.8000000;11360
TATN;5;20161212;154500;392.6500000;393.3000000;392.6000000;392.6000000;14400
TATN;5;20161212;155000;392.8500000;392.9000000;391.1500000;391.4500000;56910
TATN;5;20161212;155500;391.4500000;391.7000000;390.8000000;391.2500000;66950
TATN;5;20161212;160000;391.0500000;391.4500000;390.8000000;391.2500000;15770
TATN;5;20161212;160500;391.2500000;392.5000000;391.2500000;392.1000000;21230
TATN;5;20161212;161000;392.3500000;393.3000000;392.2000000;392.8000000;28580
TATN;5;20161212;161500;393.0500000;393.1500000;390.3500000;390.3500000;36660
TATN;5;20161212;162000;390.2500000;391.6000000;390.2000000;390.7500000;32140
TATN;5;20161212;162500;390.9500000;391.0000000;390.3000000;390.3000000;10550
TATN;5;20161212;163000;390.7000000;390.7000000;390.0000000;390.3500000;20830
TATN;5;20161212;163500;390.2500000;390.2500000;388.7000000;389.6000000;38920
TATN;5;20161212;164000;389.1000000;390.0500000;388.9000000;389.9000000;12970
TATN;5;20161212;164500;389.5500000;390.8000000;389.5500000;390.3000000;15750
TATN;5;20161212;165000;390.3000000;390.3000000;389.6000000;390.0000000;6950
TATN;5;20161212;165500;389.7000000;391.7000000;389.6000000;391.7000000;19530
TATN;5;20161212;170000;391.7000000;393.0500000;391.6000000;393.0000000;27380
TATN;5;20161212;170500;392.7500000;393.7500000;391.9500000;393.7500000;42760
TATN;5;20161212;171000;393.7000000;394.3500000;393.3000000;393.8000000;26780
TATN;5;20161212;171500;394.0500000;394.8500000;393.9000000;394.5000000;16150
TATN;5;20161212;172000;394.5000000;394.5000000;393.4000000;393.7000000;30990
TATN;5;20161212;172500;394.0000000;394.0000000;392.5000000;392.5000000;9460
TATN;5;20161212;173000;392.5500000;393.2000000;392.1500000;392.7000000;10860
TATN;5;20161212;173500;392.7000000;394.2500000;392.2500000;394.0500000;8860
TATN;5;20161212;174000;394.3000000;395.5500000;393.8500000;395.2000000;15500
TATN;5;20161212;174500;395.1500000;398.1500000;394.9500000;398.1000000;69360
TATN;5;20161212;175000;397.9500000;399.0000000;397.7500000;398.6000000;16410
TATN;5;20161212;175500;398.6000000;399.8500000;398.4000000;399.8500000;37060
TATN;5;20161212;180000;399.8500000;402.4000000;399.5000000;400.4500000;63730
TATN;5;20161212;180500;399.9500000;402.5000000;399.9500000;401.6000000;22330
TATN;5;20161212;181000;401.6000000;402.4500000;398.4000000;398.7000000;34480
TATN;5;20161212;181500;398.7000000;398.7500000;397.3000000;398.0500000;13580
TATN;5;20161212;182000;398.0000000;398.0000000;396.7000000;396.7500000;9710
TATN;5;20161212;182500;396.7000000;397.1500000;396.2000000;396.6500000;5700
TATN;5;20161212;183000;396.2000000;396.6500000;393.5500000;395.4500000;28170
TATN;5;20161212;183500;393.7000000;396.5500000;393.7000000;395.2500000;42350
TATN;5;20161212;184000;394.7500000;395.8000000;394.0000000;394.0000000;50040
TATN;5;20161212;185000;394.0000000;394.0000000;394.0000000;394.0000000;67700
TATN;5;20161213;100500;394.8500000;397.9500000;394.8500000;396.4000000;19370
TATN;5;20161213;101000;396.2500000;397.0000000;395.2500000;397.0000000;12890
TATN;5;20161213;101500;397.0000000;397.9000000;396.6000000;397.6000000;18780
TATN;5;20161213;102000;397.2000000;399.0000000;396.9000000;397.5500000;34210
TATN;5;20161213;102500;397.5500000;398.5000000;397.0500000;397.6500000;18800
TATN;5;20161213;103000;397.9500000;398.3500000;397.7500000;398.3000000;6920
TATN;5;20161213;103500;398.3000000;399.4000000;398.3000000;399.4000000;15660
TATN;5;20161213;104000;399.0500000;399.8500000;398.1000000;398.7000000;26630
TATN;5;20161213;104500;398.6000000;398.7000000;397.7000000;397.7000000;8340
TATN;5;20161213;105000;397.8000000;398.6500000;397.4000000;398.0500000;7230
TATN;5;20161213;105500;397.9500000;398.3500000;397.7500000;398.3500000;2830
TATN;5;20161213;110000;398.5000000;398.5500000;397.8500000;398.1000000;1050
TATN;5;20161213;110500;397.8000000;400.3500000;397.7500000;400.3500000;14640
TATN;5;20161213;111000;400.0000000;402.0000000;399.1000000;402.0000000;56570
TATN;5;20161213;111500;401.9000000;401.9000000;401.2000000;401.9000000;5480
TATN;5;20161213;112000;401.7500000;401.8000000;398.6500000;398.6500000;47400
TATN;5;20161213;112500;398.9000000;399.4000000;398.7000000;399.1000000;4270
TATN;5;20161213;113000;399.3000000;401.5000000;399.0500000;401.5000000;9490
TATN;5;20161213;113500;401.5000000;401.9500000;400.6500000;400.9500000;13730
TATN;5;20161213;114000;401.1500000;401.9500000;400.6500000;401.5500000;7430
TATN;5;20161213;114500;401.5000000;401.5000000;400.0000000;400.3000000;18570
TATN;5;20161213;115000;400.9000000;401.9000000;400.6500000;401.4500000;20100
TATN;5;20161213;115500;401.5500000;401.7000000;399.0000000;399.0000000;5440
TATN;5;20161213;120000;398.9500000;400.1500000;398.5500000;399.4500000;11110
TATN;5;20161213;120500;399.7000000;399.8000000;398.6000000;399.4500000;9590
TATN;5;20161213;121000;399.1500000;399.7500000;397.9000000;397.9000000;19020
TATN;5;20161213;121500;397.9000000;398.7500000;397.6000000;398.0000000;21410
TATN;5;20161213;122000;397.7000000;398.0000000;396.5500000;396.9000000;10540
TATN;5;20161213;122500;396.9000000;397.0500000;395.2500000;395.3000000;40390
TATN;5;20161213;123000;395.5500000;395.8000000;394.4000000;395.4500000;29700
TATN;5;20161213;123500;395.2000000;395.5500000;393.2500000;393.5500000;22630
TATN;5;20161213;124000;393.5000000;393.6500000;392.6000000;393.4500000;12380
TATN;5;20161213;124500;393.1000000;393.7500000;392.2000000;392.5000000;22890
TATN;5;20161213;125000;392.7000000;393.3000000;392.0000000;392.2500000;13050
TATN;5;20161213;125500;392.4000000;392.4500000;391.3000000;391.5000000;15780
TATN;5;20161213;130000;391.7000000;391.9500000;390.9500000;391.9500000;21750
TATN;5;20161213;130500;392.0000000;392.0000000;390.9000000;391.3000000;6700
TATN;5;20161213;131000;391.1500000;391.1500000;390.2000000;390.7500000;22770
TATN;5;20161213;131500;390.8000000;391.6000000;390.8000000;391.4500000;14110
TATN;5;20161213;132000;391.4500000;392.1000000;391.3000000;391.3500000;25790
TATN;5;20161213;132500;391.2500000;391.7000000;390.6000000;391.6000000;13790
TATN;5;20161213;133000;391.7000000;392.5000000;391.2500000;391.6000000;31690
TATN;5;20161213;133500;391.6500000;391.9500000;391.0500000;391.9000000;28740
TATN;5;20161213;134000;391.6000000;392.0000000;391.3500000;392.0000000;6950
TATN;5;20161213;134500;391.8000000;392.0500000;390.7500000;391.1000000;21780
TATN;5;20161213;135000;391.4000000;391.5500000;390.2000000;391.3500000;40740
TATN;5;20161213;135500;391.6500000;391.8000000;390.8000000;391.8000000;10000
TATN;5;20161213;140000;391.7500000;392.9500000;391.3000000;392.8000000;6130
TATN;5;20161213;140500;392.8000000;395.3000000;392.5000000;394.3500000;11840
TATN;5;20161213;141000;394.7000000;397.1000000;394.2500000;394.4500000;41790
TATN;5;20161213;141500;395.1500000;395.1500000;394.0000000;394.9000000;13090
TATN;5;20161213;142000;395.0500000;396.7000000;395.0500000;396.3000000;34880
TATN;5;20161213;142500;396.3000000;397.0500000;396.2000000;396.8500000;23060
TATN;5;20161213;143000;396.7500000;397.0000000;396.5500000;396.6000000;5180
TATN;5;20161213;143500;396.8500000;396.9500000;396.1000000;396.2000000;26270
TATN;5;20161213;144000;396.3500000;397.6000000;395.9000000;397.6000000;16430
TATN;5;20161213;144500;397.6000000;398.0000000;397.2000000;397.9000000;7330
TATN;5;20161213;145000;397.9000000;397.9000000;396.6500000;396.8000000;4520
TATN;5;20161213;145500;397.0500000;397.9500000;396.6000000;397.8500000;10150
TATN;5;20161213;150000;397.9000000;399.3500000;397.9000000;399.3500000;17750
TATN;5;20161213;150500;399.3000000;399.9500000;398.3000000;399.5500000;12500
TATN;5;20161213;151000;399.8500000;401.3000000;399.8000000;400.0000000;17100
TATN;5;20161213;151500;400.2000000;400.2500000;396.7500000;397.2000000;25380
TATN;5;20161213;152000;397.2500000;397.5000000;397.2000000;397.4500000;10690
TATN;5;20161213;152500;397.4500000;397.9000000;397.0500000;397.7500000;11950
TATN;5;20161213;153000;397.7500000;397.7500000;396.0000000;397.0500000;24630
TATN;5;20161213;153500;397.0500000;397.8000000;396.6500000;397.8000000;6280
TATN;5;20161213;154000;397.8000000;398.8500000;397.7500000;398.8500000;37300
TATN;5;20161213;154500;398.7000000;399.3000000;397.3500000;398.0000000;12650
TATN;5;20161213;155000;398.2500000;398.7500000;398.0000000;398.2000000;13200
TATN;5;20161213;155500;398.2000000;399.0500000;397.9000000;399.0500000;9610
TATN;5;20161213;160000;398.8500000;399.4500000;397.2000000;397.6000000;15260
TATN;5;20161213;160500;397.6000000;397.9500000;397.4000000;397.6000000;7500
TATN;5;20161213;161000;397.9500000;398.3500000;397.5000000;398.2000000;11610
TATN;5;20161213;161500;398.2000000;399.0000000;397.5500000;399.0000000;7710
TATN;5;20161213;162000;399.0000000;399.0000000;397.5500000;398.6000000;12000
TATN;5;20161213;162500;398.6000000;398.7000000;397.6500000;397.8500000;9720
TATN;5;20161213;163000;398.1500000;398.8000000;397.4000000;398.8000000;10050
TATN;5;20161213;163500;398.8500000;398.8500000;396.3500000;396.9500000;23250
TATN;5;20161213;164000;397.0500000;398.3000000;396.9000000;398.3000000;8800
TATN;5;20161213;164500;398.3000000;398.3000000;397.6500000;398.1000000;4960
TATN;5;20161213;165000;398.2000000;398.6000000;396.0000000;396.1000000;23750
TATN;5;20161213;165500;396.4000000;397.1000000;396.1000000;396.8000000;22840
TATN;5;20161213;170000;396.8000000;396.8000000;395.7000000;396.7000000;18900
TATN;5;20161213;170500;396.3000000;397.3000000;396.3000000;396.7000000;15360
TATN;5;20161213;171000;397.1000000;397.1000000;396.2000000;396.4000000;4500
TATN;5;20161213;171500;396.3000000;397.1500000;396.0500000;397.1000000;4080
TATN;5;20161213;172000;396.8500000;396.9500000;396.0000000;396.0000000;7070
TATN;5;20161213;172500;396.0500000;396.7500000;396.0000000;396.5000000;5070
TATN;5;20161213;173000;396.5000000;397.2500000;396.1000000;396.7000000;10530
TATN;5;20161213;173500;396.9000000;397.2000000;396.3000000;396.5000000;40240
TATN;5;20161213;174000;396.7500000;396.9000000;396.2500000;396.7500000;10080
TATN;5;20161213;174500;396.9000000;399.7000000;396.9000000;399.7000000;33340
TATN;5;20161213;175000;399.8000000;402.8500000;399.5000000;402.7000000;62640
TATN;5;20161213;175500;402.8500000;403.7500000;402.3000000;403.6000000;59210
TATN;5;20161213;180000;403.6500000;404.9500000;403.6500000;404.7000000;41530
TATN;5;20161213;180500;404.8000000;405.6000000;404.5000000;405.1500000;40810
TATN;5;20161213;181000;404.9500000;404.9500000;403.2000000;403.8500000;51840
TATN;5;20161213;181500;403.8000000;404.4500000;402.9500000;403.5000000;47420
TATN;5;20161213;182000;403.5500000;404.9000000;403.4500000;404.9000000;30790
TATN;5;20161213;182500;404.9000000;405.3000000;404.0500000;405.3000000;33900
TATN;5;20161213;183000;405.3000000;406.0000000;404.9000000;405.6000000;51130
TATN;5;20161213;183500;405.6000000;406.1500000;403.0000000;403.8000000;58640
TATN;5;20161213;184000;404.1000000;406.4500000;403.6000000;406.3000000;107860
TATN;5;20161213;185000;405.9500000;405.9500000;405.9500000;405.9500000;34230
TATN;5;20161214;100500;407.4000000;408.6000000;404.6000000;405.1500000;32850
TATN;5;20161214;101000;405.1500000;409.2000000;405.1500000;408.7000000;32330
TATN;5;20161214;101500;409.2500000;409.9500000;407.3000000;407.7000000;19930
TATN;5;20161214;102000;407.8500000;408.0500000;406.4500000;407.0000000;17160
TATN;5;20161214;102500;406.9000000;406.9000000;405.1500000;405.7500000;12780
TATN;5;20161214;103000;405.4500000;406.4000000;405.4500000;406.4000000;2190
TATN;5;20161214;103500;406.5000000;409.1000000;406.5000000;409.1000000;8140
TATN;5;20161214;104000;409.0000000;409.7500000;407.6000000;408.0000000;8290
TATN;5;20161214;104500;407.4000000;408.7500000;407.2500000;407.2500000;1730
TATN;5;20161214;105000;407.2500000;408.5000000;407.2500000;408.4500000;11390
TATN;5;20161214;105500;408.2500000;409.3000000;407.7500000;409.2000000;14360
TATN;5;20161214;110000;409.2000000;409.2000000;406.8000000;407.6000000;15510
TATN;5;20161214;110500;407.4000000;407.4000000;402.6500000;403.2500000;71750
TATN;5;20161214;111000;403.2500000;403.6000000;399.6500000;402.4500000;65230
TATN;5;20161214;111500;402.6000000;404.5500000;402.1500000;403.6000000;39450
TATN;5;20161214;112000;403.6000000;405.4500000;402.6500000;404.7000000;25850
TATN;5;20161214;112500;404.5000000;406.5500000;404.1000000;405.3500000;15220
TATN;5;20161214;113000;406.2500000;406.5500000;403.0000000;404.3500000;14610
TATN;5;20161214;113500;404.3000000;406.1500000;404.0000000;406.1000000;21270
TATN;5;20161214;114000;405.4500000;405.9500000;403.1500000;403.1500000;15930
TATN;5;20161214;114500;403.0500000;404.7000000;402.9000000;404.0000000;10140
TATN;5;20161214;115000;404.3000000;404.6000000;403.6000000;403.9000000;11550
TATN;5;20161214;115500;404.1000000;404.1000000;403.3000000;403.5000000;6570
TATN;5;20161214;120000;403.1000000;405.4500000;403.1000000;405.4500000;26020
TATN;5;20161214;120500;405.0000000;406.3000000;404.8500000;405.6000000;22140
TATN;5;20161214;121000;405.1000000;405.1000000;403.0000000;403.8500000;10410
TATN;5;20161214;121500;403.7500000;404.5000000;403.6500000;404.3000000;1640
TATN;5;20161214;122000;404.6500000;404.7000000;403.1000000;403.1000000;11690
TATN;5;20161214;122500;403.2000000;404.4000000;402.8500000;403.9500000;24310
TATN;5;20161214;123000;404.5500000;404.7500000;403.9000000;404.4500000;9750
TATN;5;20161214;123500;404.1500000;405.2500000;403.5000000;405.2500000;11100
TATN;5;20161214;124000;405.2000000;406.0000000;404.9500000;405.6500000;6180
TATN;5;20161214;124500;405.4500000;406.1500000;404.7000000;405.5000000;19810
TATN;5;20161214;125000;405.5000000;405.5000000;402.5500000;404.4500000;14970
TATN;5;20161214;125500;404.4000000;404.4500000;401.1000000;401.1000000;26460
TATN;5;20161214;130000;401.0000000;401.0000000;398.4000000;400.7500000;32980
TATN;5;20161214;130500;400.9500000;401.4000000;400.2500000;401.3500000;8960
TATN;5;20161214;131000;401.3500000;401.8500000;400.3500000;400.3500000;8610
TATN;5;20161214;131500;400.3000000;400.5000000;400.1000000;400.3000000;4690
TATN;5;20161214;132000;400.0500000;401.5500000;400.0500000;401.0000000;14120
TATN;5;20161214;132500;401.4000000;401.4500000;399.9000000;400.9500000;9150
TATN;5;20161214;133000;401.0500000;402.0500000;400.3000000;401.6500000;11330
TATN;5;20161214;133500;401.5000000;401.5000000;400.7000000;400.8000000;10030
TATN;5;20161214;134000;400.7500000;401.0000000;400.4500000;400.4500000;8580
TATN;5;20161214;134500;400.4500000;400.8500000;400.2500000;400.2500000;2380
TATN;5;20161214;135000;400.8000000;401.0000000;400.2000000;401.0000000;11850
TATN;5;20161214;135500;401.2000000;401.2500000;400.7500000;401.2500000;2820
TATN;5;20161214;140000;400.9500000;401.3000000;400.5000000;401.3000000;11130
TATN;5;20161214;140500;401.3000000;401.6000000;401.3000000;401.6000000;1020
TATN;5;20161214;141000;401.7000000;401.8000000;400.9000000;401.0500000;12510
TATN;5;20161214;141500;401.2500000;401.3000000;400.6500000;400.7000000;7940
TATN;5;20161214;142000;400.7000000;400.7000000;399.0000000;399.6000000;32120
TATN;5;20161214;142500;399.5500000;401.2000000;398.8000000;400.4500000;27420
TATN;5;20161214;143000;400.1500000;400.1500000;399.2000000;399.4500000;8510
TATN;5;20161214;143500;399.6000000;399.8500000;399.2500000;399.7500000;2700
TATN;5;20161214;144000;400.0000000;400.0000000;399.4000000;399.4000000;5810
TATN;5;20161214;144500;399.4000000;399.6000000;399.0500000;399.1000000;7340
TATN;5;20161214;145000;399.2000000;399.2000000;398.6000000;398.6500000;4650
TATN;5;20161214;145500;398.8500000;399.4500000;398.4500000;399.4500000;28530
TATN;5;20161214;150000;399.5000000;399.5000000;399.0500000;399.1000000;3740
TATN;5;20161214;150500;399.2500000;399.8000000;398.9000000;399.2000000;14470
TATN;5;20161214;151000;399.4500000;399.4500000;398.5000000;398.7000000;9150
TATN;5;20161214;151500;398.7000000;398.7500000;398.4000000;398.4000000;9030
TATN;5;20161214;152000;398.3000000;398.8000000;398.3000000;398.8000000;8110
TATN;5;20161214;152500;398.8000000;399.3000000;398.3500000;398.3500000;23400
TATN;5;20161214;153000;398.7000000;399.4500000;398.5000000;399.4500000;2460
TATN;5;20161214;153500;399.4500000;400.1000000;399.4500000;400.1000000;5040
TATN;5;20161214;154000;400.3000000;400.3000000;399.8500000;400.3000000;6670
TATN;5;20161214;154500;400.0000000;400.3000000;399.3000000;399.7000000;6680
TATN;5;20161214;155000;400.0000000;400.5500000;400.0000000;400.5500000;6420
TATN;5;20161214;155500;400.6000000;400.6500000;399.8500000;400.6500000;3550
TATN;5;20161214;160000;400.3500000;400.7000000;400.0500000;400.7000000;9180
TATN;5;20161214;160500;400.7500000;400.8500000;399.6000000;399.6000000;4650
TATN;5;20161214;161000;399.8500000;399.9000000;399.4500000;399.8500000;7280
TATN;5;20161214;161500;399.6000000;399.6500000;398.7500000;399.2000000;19850
TATN;5;20161214;162000;399.2000000;399.2000000;398.6000000;398.7500000;6900
TATN;5;20161214;162500;398.7500000;398.9000000;398.2500000;398.2500000;6130
TATN;5;20161214;163000;398.4500000;398.5000000;398.1500000;398.4000000;9780
TATN;5;20161214;163500;398.4500000;400.1500000;398.4000000;400.1500000;10070
TATN;5;20161214;164000;400.2000000;403.4500000;400.1000000;402.7500000;44350
TATN;5;20161214;164500;402.4000000;402.4000000;401.9000000;401.9500000;5950
TATN;5;20161214;165000;402.3500000;403.2500000;402.3500000;402.4500000;4910
TATN;5;20161214;165500;402.4500000;403.4000000;401.7500000;402.5500000;14480
TATN;5;20161214;170000;402.7000000;403.4000000;402.5000000;403.1500000;2740
TATN;5;20161214;170500;403.2500000;403.4500000;402.7000000;403.2000000;4810
TATN;5;20161214;171000;403.2000000;404.3000000;403.2000000;403.8000000;15700
TATN;5;20161214;171500;403.7500000;405.0000000;403.5000000;404.8000000;16050
TATN;5;20161214;172000;404.8500000;405.4000000;403.8000000;404.2000000;10990
TATN;5;20161214;172500;404.2000000;404.3000000;401.1000000;401.1000000;67920
TATN;5;20161214;173000;401.1500000;402.4500000;400.3000000;401.0500000;79860
TATN;5;20161214;173500;401.0500000;402.3000000;400.3500000;402.3000000;34780
TATN;5;20161214;174000;402.3000000;403.0000000;401.4000000;402.7500000;71210
TATN;5;20161214;174500;402.8000000;402.9500000;402.1000000;402.5500000;10850
TATN;5;20161214;175000;402.7500000;404.1000000;402.2500000;403.2500000;26210
TATN;5;20161214;175500;403.3500000;404.1000000;403.1000000;403.9500000;7650
TATN;5;20161214;180000;403.9500000;403.9500000;403.4500000;403.4500000;3440
TATN;5;20161214;180500;403.4500000;403.7000000;403.0500000;403.4000000;7430
TATN;5;20161214;181000;403.0000000;403.2500000;402.2000000;402.2000000;11740
TATN;5;20161214;181500;402.5000000;402.5000000;399.6000000;399.9000000;57850
TATN;5;20161214;182000;399.7000000;400.2500000;399.0500000;399.2500000;59610
TATN;5;20161214;182500;399.5500000;399.9000000;398.6500000;399.3500000;54770
TATN;5;20161214;183000;399.0500000;399.4500000;398.2000000;398.2000000;63080
TATN;5;20161214;183500;398.6000000;402.1000000;398.2000000;401.6000000;58580
TATN;5;20161214;184000;401.5500000;402.1500000;385.0000000;385.0000000;354810
TATN;5;20161214;185000;395.0000000;395.0000000;395.0000000;395.0000000;113450
TATN;5;20161215;100500;393.2500000;393.3000000;388.1500000;391.3000000;22300
TATN;5;20161215;101000;390.1000000;391.7000000;389.0500000;391.0000000;12220
TATN;5;20161215;101500;390.8500000;391.2000000;387.8000000;388.4500000;38440
TATN;5;20161215;102000;388.6000000;389.1000000;388.2000000;388.3500000;20480
TATN;5;20161215;102500;388.4000000;391.7500000;388.3500000;391.7000000;7430
TATN;5;20161215;103000;391.3500000;392.5500000;390.5500000;390.5500000;11360
TATN;5;20161215;103500;390.5000000;391.3000000;388.4500000;388.5000000;19900
TATN;5;20161215;104000;388.5000000;393.8500000;388.3000000;392.0000000;71730
TATN;5;20161215;104500;392.0000000;393.3500000;389.6500000;389.7000000;21420
TATN;5;20161215;105000;390.0000000;391.5500000;389.0000000;391.2000000;46690
TATN;5;20161215;105500;391.2000000;391.3500000;389.9500000;391.3500000;7670
TATN;5;20161215;110000;391.3000000;393.5500000;390.7500000;393.5500000;23460
TATN;5;20161215;110500;393.7500000;395.9000000;393.4000000;395.4500000;64540
TATN;5;20161215;111000;395.4500000;396.2500000;394.0000000;394.0000000;17780
TATN;5;20161215;111500;393.9500000;395.4000000;393.5500000;394.1000000;14230
TATN;5;20161215;112000;394.7000000;395.2000000;392.8000000;393.8000000;18710
TATN;5;20161215;112500;394.1500000;396.3000000;394.0000000;396.3000000;37840
TATN;5;20161215;113000;396.3000000;396.7000000;395.3000000;396.4500000;17120
TATN;5;20161215;113500;396.4500000;396.7000000;395.9000000;396.0500000;15810
TATN;5;20161215;114000;396.2000000;396.4500000;395.4500000;395.8500000;13180
TATN;5;20161215;114500;395.8500000;397.2500000;395.8500000;396.1000000;13640
TATN;5;20161215;115000;396.1000000;396.1000000;395.5500000;395.6500000;7950
TATN;5;20161215;115500;395.9000000;396.6500000;395.7000000;396.0000000;6580
TATN;5;20161215;120000;396.5500000;396.7000000;396.1000000;396.7000000;6350
TATN;5;20161215;120500;396.7000000;396.9500000;395.5500000;395.5500000;11420
TATN;5;20161215;121000;395.5500000;395.8500000;394.3000000;394.4500000;9500
TATN;5;20161215;121500;394.9000000;395.2500000;394.0500000;394.8500000;7600
TATN;5;20161215;122000;395.3000000;395.3000000;394.4500000;394.5000000;3350
TATN;5;20161215;122500;394.3000000;394.6500000;392.9000000;392.9000000;14590
TATN;5;20161215;123000;392.9000000;394.0000000;392.2000000;393.4500000;7760
TATN;5;20161215;123500;393.4000000;394.3000000;393.3500000;393.7500000;10840
TATN;5;20161215;124000;394.1000000;395.3000000;393.8000000;395.3000000;14450
TATN;5;20161215;124500;395.4000000;395.6500000;395.0000000;395.5500000;7370
TATN;5;20161215;125000;395.1500000;395.6500000;394.5500000;394.5500000;9140
TATN;5;20161215;125500;394.6000000;396.0000000;394.3000000;395.7500000;7640
TATN;5;20161215;130000;395.7500000;395.9500000;395.0500000;395.4500000;8760
TATN;5;20161215;130500;395.0500000;395.6500000;394.8000000;394.8000000;8130
TATN;5;20161215;131000;394.8500000;395.3000000;394.1500000;394.8000000;7910
TATN;5;20161215;131500;394.3500000;396.0000000;394.3500000;395.2500000;11360
TATN;5;20161215;132000;396.3000000;397.0000000;395.3000000;397.0000000;8420
TATN;5;20161215;132500;396.9000000;397.4500000;396.1000000;397.1500000;11180
TATN;5;20161215;133000;397.4000000;397.6000000;396.6000000;397.0000000;7280
TATN;5;20161215;133500;396.8500000;397.9500000;396.8000000;397.5500000;6800
TATN;5;20161215;134000;397.6500000;398.2000000;397.5000000;398.2000000;9690
TATN;5;20161215;134500;398.2500000;399.5000000;397.9000000;398.8500000;11970
TATN;5;20161215;135000;398.8500000;399.2500000;398.2500000;398.2500000;4500
TATN;5;20161215;135500;398.1000000;398.5000000;397.8500000;398.0500000;7820
TATN;5;20161215;140000;398.4500000;398.7500000;397.9000000;397.9000000;1390
TATN;5;20161215;140500;397.8000000;397.8000000;397.2000000;397.5500000;2930
TATN;5;20161215;141000;397.8500000;398.5000000;396.9500000;397.1000000;13180
TATN;5;20161215;141500;397.1000000;397.1000000;395.7500000;395.9000000;12750
TATN;5;20161215;142000;395.8000000;397.2500000;395.8000000;396.1000000;10940
TATN;5;20161215;142500;395.9500000;397.3000000;393.7500000;394.5000000;34720
TATN;5;20161215;143000;394.5000000;396.9000000;394.3000000;394.7500000;101720
TATN;5;20161215;143500;394.7000000;398.0500000;393.2000000;398.0500000;38870
TATN;5;20161215;144000;398.0500000;398.4000000;395.5500000;397.3500000;33210
TATN;5;20161215;144500;397.3500000;397.9000000;396.8000000;397.9000000;11080
TATN;5;20161215;145000;397.9000000;399.2500000;397.9000000;398.8000000;25740
TATN;5;20161215;145500;398.5000000;399.3000000;397.1000000;397.5500000;27740
TATN;5;20161215;150000;397.5500000;397.9000000;395.6000000;395.9500000;24160
TATN;5;20161215;150500;395.7000000;396.5500000;395.2500000;396.0500000;111610
TATN;5;20161215;151000;396.0500000;398.2000000;395.6000000;397.1500000;164350
TATN;5;20161215;151500;397.4500000;398.5000000;397.1500000;397.8500000;169880
TATN;5;20161215;152000;397.9000000;398.9000000;397.7000000;397.8500000;103050
TATN;5;20161215;152500;397.9000000;399.8500000;397.9000000;399.3500000;149600
TATN;5;20161215;153000;399.6000000;399.6500000;398.5000000;398.9000000;140100
TATN;5;20161215;153500;399.2500000;400.5000000;398.8500000;400.4000000;123450
TATN;5;20161215;154000;400.3500000;400.9000000;399.6500000;400.9000000;128030
TATN;5;20161215;154500;400.9000000;401.0000000;400.3000000;400.9000000;127160
TATN;5;20161215;155000;400.6000000;401.4000000;400.0000000;400.0500000;106660
TATN;5;20161215;155500;400.3500000;401.2500000;400.1000000;400.7500000;107280
TATN;5;20161215;160000;400.9000000;402.3000000;400.6000000;402.0500000;120900
TATN;5;20161215;160500;401.8000000;402.1500000;401.4000000;401.4000000;1800
TATN;5;20161215;161000;401.6000000;401.7000000;399.5000000;399.6000000;21000
TATN;5;20161215;161500;399.9500000;401.3500000;399.6000000;400.5000000;26430
TATN;5;20161215;162000;400.3500000;400.9000000;399.8000000;400.0000000;10990
TATN;5;20161215;162500;399.9500000;400.3500000;399.3000000;399.5000000;28850
TATN;5;20161215;163000;399.5500000;399.7000000;398.4000000;398.6500000;7370
TATN;5;20161215;163500;398.8000000;399.1500000;396.9500000;398.5000000;46710
TATN;5;20161215;164000;398.9000000;399.1000000;398.4000000;398.8000000;580
TATN;5;20161215;164500;399.0000000;399.0000000;398.4000000;399.0000000;8210
TATN;5;20161215;165000;399.2000000;399.2000000;398.4000000;398.6500000;19330
TATN;5;20161215;165500;398.7500000;399.0000000;398.5000000;398.9500000;1860
TATN;5;20161215;170000;398.9000000;399.0500000;398.4000000;399.0500000;3830
TATN;5;20161215;170500;399.0500000;399.0500000;398.1000000;398.6000000;8710
TATN;5;20161215;171000;398.5000000;400.0000000;398.1000000;399.8500000;16690
TATN;5;20161215;171500;399.8500000;400.7000000;399.8500000;400.1000000;10420
TATN;5;20161215;172000;400.3000000;400.3500000;398.7500000;398.8000000;7790
TATN;5;20161215;172500;399.1000000;399.1000000;398.2500000;398.9000000;2550
TATN;5;20161215;173000;398.9000000;398.9000000;398.0000000;398.3500000;5370
TATN;5;20161215;173500;398.7500000;398.7500000;397.2500000;398.7500000;14440
TATN;5;20161215;174000;398.7500000;399.4500000;398.7500000;399.3000000;2080
TATN;5;20161215;174500;399.3500000;399.3500000;398.1000000;399.1000000;9220
TATN;5;20161215;175000;399.1500000;400.8000000;399.1000000;400.8000000;11090
TATN;5;20161215;175500;400.8000000;401.4000000;400.7500000;401.2500000;12620
TATN;5;20161215;180000;401.3500000;401.5000000;400.7000000;401.5000000;10770
TATN;5;20161215;180500;401.5000000;401.8500000;401.2000000;401.8500000;4820
TATN;5;20161215;181000;401.8500000;402.0000000;401.0000000;401.6000000;6680
TATN;5;20161215;181500;401.7500000;402.4000000;401.2500000;401.9000000;16890
TATN;5;20161215;182000;401.9000000;402.9500000;401.9000000;402.5000000;18410
TATN;5;20161215;182500;402.5000000;403.7000000;402.5000000;403.1500000;28800
TATN;5;20161215;183000;403.4500000;403.9500000;403.2500000;403.3500000;18030
TATN;5;20161215;183500;403.7000000;407.5000000;403.4500000;405.9000000;147690
TATN;5;20161215;184000;406.2500000;407.8000000;406.0500000;406.1500000;175690
TATN;5;20161215;185000;405.0000000;405.0000000;405.0000000;405.0000000;88670
TATN;5;20161216;100500;407.8000000;408.5500000;405.0000000;405.2500000;25450
TATN;5;20161216;101000;405.1000000;406.4500000;403.4000000;403.4000000;44270
TATN;5;20161216;101500;403.5000000;403.8000000;401.1500000;401.6500000;21750
TATN;5;20161216;102000;401.5000000;403.1000000;401.4000000;401.5000000;13640
TATN;5;20161216;102500;401.5000000;402.3500000;401.1500000;402.1500000;6960
TATN;5;20161216;103000;401.9000000;402.5000000;401.7000000;402.0500000;7520
TATN;5;20161216;103500;402.4000000;403.0000000;402.1500000;402.6500000;4710
TATN;5;20161216;104000;402.6000000;403.0000000;402.0500000;402.5000000;3460
TATN;5;20161216;104500;402.4500000;402.5000000;402.2500000;402.3500000;320
TATN;5;20161216;105000;402.4000000;403.6500000;402.3500000;403.6000000;11520
TATN;5;20161216;105500;403.6000000;404.8000000;402.9000000;403.6000000;14180
TATN;5;20161216;110000;403.5000000;404.0500000;402.6500000;402.7500000;4380
TATN;5;20161216;110500;402.6000000;404.3500000;401.2500000;401.2500000;40110
TATN;5;20161216;111000;401.8000000;402.7500000;398.8500000;399.4000000;57500
TATN;5;20161216;111500;399.2000000;400.2000000;398.5000000;399.7500000;42750
TATN;5;20161216;112000;399.7500000;400.1500000;398.3000000;398.3000000;39410
TATN;5;20161216;112500;398.4500000;398.5000000;397.1500000;397.1500000;36380
TATN;5;20161216;113000;397.1000000;399.2000000;397.0000000;398.0000000;85370
TATN;5;20161216;113500;398.4000000;400.5500000;398.3000000;399.7000000;38190
TATN;5;20161216;114000;400.0500000;401.0000000;400.0000000;401.0000000;9450
TATN;5;20161216;114500;401.0000000;401.7000000;400.5500000;401.6500000;16830
TATN;5;20161216;115000;401.6500000;401.6500000;400.1500000;400.1500000;10930
TATN;5;20161216;115500;400.2000000;401.5500000;400.1500000;400.8500000;13120
TATN;5;20161216;120000;400.9000000;402.3000000;400.6000000;402.1000000;12400
TATN;5;20161216;120500;402.2500000;402.6500000;400.8000000;400.9500000;18230
TATN;5;20161216;121000;401.2000000;401.8000000;400.7500000;400.8500000;17080
TATN;5;20161216;121500;401.2000000;401.3500000;400.5000000;401.3500000;11790
TATN;5;20161216;122000;401.5000000;401.5000000;400.0500000;400.1000000;15630
TATN;5;20161216;122500;400.1500000;401.5500000;399.9500000;400.2500000;17520
TATN;5;20161216;123000;400.2500000;401.5000000;400.2500000;401.0000000;13850
TATN;5;20161216;123500;401.3500000;401.3500000;400.4500000;401.3500000;8970
TATN;5;20161216;124000;401.1000000;401.4000000;401.0500000;401.4000000;2710
TATN;5;20161216;124500;400.9000000;401.5000000;400.4500000;401.4000000;10600
TATN;5;20161216;125000;400.9000000;401.4000000;400.6500000;401.3500000;3980
TATN;5;20161216;125500;401.3500000;401.6000000;400.6000000;401.1000000;5570
TATN;5;20161216;130000;401.1000000;401.4500000;400.8000000;401.4500000;1040
TATN;5;20161216;130500;401.4500000;401.8000000;400.9000000;401.5500000;10470
TATN;5;20161216;131000;401.7000000;401.7000000;400.9000000;401.4000000;8650
TATN;5;20161216;131500;401.1000000;401.2000000;400.5000000;401.1000000;5280
TATN;5;20161216;132000;400.9000000;401.1000000;400.7500000;401.1000000;2150
TATN;5;20161216;132500;401.0000000;401.2000000;400.6000000;401.1500000;3500
TATN;5;20161216;133000;401.2000000;401.2000000;400.4500000;400.9500000;3750
TATN;5;20161216;133500;400.9000000;400.9000000;400.6500000;400.8500000;2120
TATN;5;20161216;134000;400.8500000;401.1000000;400.4500000;401.0000000;6070
TATN;5;20161216;134500;401.0000000;401.2000000;399.8000000;400.0000000;36460
TATN;5;20161216;135000;400.0000000;400.5000000;399.9000000;400.5000000;14200
TATN;5;20161216;135500;400.6000000;400.6000000;399.1000000;399.6000000;20710
TATN;5;20161216;140000;399.3000000;399.7500000;399.0500000;399.7500000;14280
TATN;5;20161216;140500;399.9000000;400.2500000;399.6000000;400.1500000;7340
TATN;5;20161216;141000;400.0000000;400.0000000;399.5000000;399.8000000;5570
TATN;5;20161216;141500;399.5000000;400.0000000;399.2500000;400.0000000;13400
TATN;5;20161216;142000;399.9500000;400.0000000;399.6000000;399.9500000;6390
TATN;5;20161216;142500;399.8000000;399.9500000;399.0500000;399.0500000;7120
TATN;5;20161216;143000;399.0500000;399.3000000;398.8500000;399.0000000;8580
TATN;5;20161216;143500;399.0000000;401.0000000;399.0000000;400.9000000;24390
TATN;5;20161216;144000;400.6000000;401.5000000;400.5500000;401.1500000;12570
TATN;5;20161216;144500;401.0500000;401.4000000;400.9500000;401.4000000;6320
TATN;5;20161216;145000;401.4500000;402.3000000;401.3500000;402.3000000;16010
TATN;5;20161216;145500;402.4500000;402.7000000;401.8500000;402.6500000;11120
TATN;5;20161216;150000;402.4500000;403.0000000;402.1500000;402.4500000;6570
TATN;5;20161216;150500;402.0000000;402.4000000;401.3500000;401.8000000;5360
TATN;5;20161216;151000;401.4500000;401.4500000;400.8000000;401.2500000;6520
TATN;5;20161216;151500;400.8500000;401.4000000;400.4000000;400.4500000;6230
TATN;5;20161216;152000;400.7500000;401.3500000;400.5000000;400.8500000;5050
TATN;5;20161216;152500;400.8500000;401.4500000;400.6500000;400.8500000;4460
TATN;5;20161216;153000;400.8500000;401.7500000;400.8000000;401.0000000;4610
TATN;5;20161216;153500;401.0000000;401.0000000;400.3500000;400.7500000;2940
TATN;5;20161216;154000;400.5000000;400.7000000;400.2000000;400.2000000;2290
TATN;5;20161216;154500;400.2000000;400.6500000;400.1000000;400.6500000;1980
TATN;5;20161216;155000;400.3000000;400.6000000;399.8000000;400.0500000;2890
TATN;5;20161216;155500;400.0000000;400.0000000;399.1000000;399.2000000;9290
TATN;5;20161216;160000;399.2000000;399.4500000;398.8000000;399.4500000;8360
TATN;5;20161216;160500;399.2500000;399.6500000;398.4000000;398.6500000;34550
TATN;5;20161216;161000;398.5000000;398.9000000;398.4000000;398.8500000;3510
TATN;5;20161216;161500;398.6000000;399.0000000;398.5000000;398.5500000;2860
TATN;5;20161216;162000;398.5000000;399.0000000;398.4500000;399.0000000;5830
TATN;5;20161216;162500;398.7000000;399.0000000;398.4500000;398.8000000;2690
TATN;5;20161216;163000;398.7000000;399.0000000;398.5500000;399.0000000;11100
TATN;5;20161216;163500;398.8500000;399.0000000;398.4500000;398.6500000;25100
TATN;5;20161216;164000;398.7000000;399.4500000;398.6500000;399.1500000;17580
TATN;5;20161216;164500;399.1500000;399.5000000;399.0500000;399.3000000;530
TATN;5;20161216;165000;399.3500000;400.9000000;399.2000000;400.8500000;8670
TATN;5;20161216;165500;400.5000000;400.5500000;399.2500000;400.1000000;9470
TATN;5;20161216;170000;399.9000000;399.9000000;399.0500000;399.3000000;14470
TATN;5;20161216;170500;399.3000000;399.4500000;398.5000000;398.8000000;12570
TATN;5;20161216;171000;398.5000000;398.6500000;397.7500000;398.2000000;37860
TATN;5;20161216;171500;397.9500000;398.9000000;397.5000000;398.5500000;43530
TATN;5;20161216;172000;398.3000000;398.6500000;397.8500000;398.6500000;16820
TATN;5;20161216;172500;398.2000000;399.2000000;398.0000000;399.1000000;26460
TATN;5;20161216;173000;398.6500000;399.0000000;397.5000000;397.6500000;21320
TATN;5;20161216;173500;397.6500000;398.8000000;397.3500000;398.7500000;15680
TATN;5;20161216;174000;398.3000000;399.2000000;398.1000000;398.6000000;14800
TATN;5;20161216;174500;398.1500000;398.3000000;397.1500000;397.7000000;18960
TATN;5;20161216;175000;397.3000000;398.1000000;397.1500000;397.8500000;18670
TATN;5;20161216;175500;397.5500000;400.4500000;397.1500000;400.4000000;54160
TATN;5;20161216;180000;399.9000000;401.7500000;399.9000000;401.4500000;26840
TATN;5;20161216;180500;401.5000000;402.2000000;398.5000000;399.2500000;43500
TATN;5;20161216;181000;398.7500000;401.7000000;398.5000000;401.3500000;98600
TATN;5;20161216;181500;401.1500000;402.6000000;401.1500000;402.0000000;90420
TATN;5;20161216;182000;402.4000000;403.9000000;401.0500000;401.7000000;158340
TATN;5;20161216;182500;401.7000000;401.9500000;400.0000000;400.7000000;136450
TATN;5;20161216;183000;400.7500000;401.4000000;399.8000000;400.6000000;172090
TATN;5;20161216;183500;400.3500000;403.8500000;400.3500000;402.2500000;105980
TATN;5;20161216;184000;402.0500000;405.7000000;400.0000000;405.7000000;845210
TATN;5;20161216;185000;403.3500000;403.3500000;403.3500000;403.3500000;176580
TATN;5;20161219;100500;405.0000000;405.0000000;399.3000000;399.3500000;18130
TATN;5;20161219;101000;399.3000000;400.6000000;399.0000000;399.8000000;9290
TATN;5;20161219;101500;400.3000000;400.7500000;399.6000000;400.1000000;7900
TATN;5;20161219;102000;400.3500000;400.6500000;399.9500000;399.9500000;9610
TATN;5;20161219;102500;400.0000000;400.6500000;399.8000000;400.2000000;16700
TATN;5;20161219;103000;400.0500000;400.8500000;399.3000000;399.9500000;17260
TATN;5;20161219;103500;399.9500000;400.8500000;399.3500000;400.8000000;17190
TATN;5;20161219;104000;400.6500000;401.0500000;400.4500000;400.6000000;1590
TATN;5;20161219;104500;400.4500000;400.6000000;399.9000000;399.9500000;2570
TATN;5;20161219;105000;399.9500000;400.2500000;399.5500000;400.2500000;4180
TATN;5;20161219;105500;400.3000000;400.7000000;400.3000000;400.5500000;990
TATN;5;20161219;110000;400.6500000;400.6500000;399.8500000;400.2500000;4700
TATN;5;20161219;110500;400.3000000;405.0000000;400.3000000;403.6000000;101460
TATN;5;20161219;111000;404.0000000;404.3000000;402.8000000;402.9500000;8070
TATN;5;20161219;111500;403.4500000;404.5500000;402.9000000;403.6000000;11750
TATN;5;20161219;112000;403.4500000;403.9000000;403.1500000;403.5500000;8900
TATN;5;20161219;112500;403.4500000;404.1000000;402.5500000;404.1000000;15160
TATN;5;20161219;113000;403.7500000;405.9500000;403.4500000;405.8500000;29440
TATN;5;20161219;113500;405.8500000;406.0000000;405.3000000;405.6000000;3720
TATN;5;20161219;114000;405.5000000;405.6000000;404.3000000;404.5000000;2430
TATN;5;20161219;114500;404.4000000;405.4500000;404.4000000;404.7000000;5420
TATN;5;20161219;115000;405.0500000;405.1500000;404.6000000;404.8000000;560
TATN;5;20161219;115500;404.8500000;405.4500000;404.2500000;404.6000000;6610
TATN;5;20161219;120000;404.8500000;405.3500000;404.3000000;404.3000000;4260
TATN;5;20161219;120500;404.7500000;405.2500000;404.5000000;405.2500000;2580
TATN;5;20161219;121000;404.4500000;405.0500000;404.3000000;404.5000000;4780
TATN;5;20161219;121500;404.4000000;404.9000000;403.9500000;404.5500000;8630
TATN;5;20161219;122000;403.9500000;404.7000000;403.2000000;403.8000000;10490
TATN;5;20161219;122500;403.2000000;404.0500000;403.0000000;404.0500000;6300
TATN;5;20161219;123000;403.4000000;403.4500000;403.4000000;403.4500000;260
TATN;5;20161219;123500;403.8500000;404.0500000;403.0000000;403.0500000;3840
TATN;5;20161219;124000;403.6500000;404.2000000;403.0500000;403.5000000;2670
TATN;5;20161219;124500;403.9500000;403.9500000;403.5500000;403.7000000;2110
TATN;5;20161219;125000;403.5500000;404.3000000;403.0500000;403.3500000;5840
TATN;5;20161219;125500;403.7000000;404.2500000;403.7000000;403.8000000;1550
TATN;5;20161219;130000;403.8000000;404.3500000;403.5500000;404.3500000;2280
TATN;5;20161219;130500;404.0000000;404.3500000;403.3500000;403.5000000;7270
TATN;5;20161219;131000;403.9500000;404.3500000;403.2500000;403.8500000;3050
TATN;5;20161219;131500;403.5000000;404.7500000;403.4000000;403.9500000;5010
TATN;5;20161219;132000;404.2500000;404.7500000;403.8500000;403.9000000;2120
TATN;5;20161219;132500;403.8500000;404.3000000;403.4000000;403.4500000;2940
TATN;5;20161219;133000;403.7500000;404.5000000;403.7500000;404.1500000;2040
TATN;5;20161219;133500;403.8500000;404.3000000;402.9500000;404.1500000;47190
TATN;5;20161219;134000;404.1500000;405.7000000;404.1500000;405.2500000;10730
TATN;5;20161219;134500;405.1000000;405.5500000;404.4500000;405.5500000;3660
TATN;5;20161219;135000;405.2500000;405.4000000;404.9000000;405.0000000;1160
TATN;5;20161219;135500;404.9500000;405.4500000;404.9500000;405.4500000;260
TATN;5;20161219;140000;405.0000000;405.0000000;403.8000000;403.8000000;1460
TATN;5;20161219;140500;403.7000000;403.9000000;403.4000000;403.4500000;980
TATN;5;20161219;141000;403.4000000;404.1500000;403.0500000;403.4000000;1770
TATN;5;20161219;141500;403.6500000;404.0500000;403.2000000;403.6500000;2090
TATN;5;20161219;142000;403.6000000;404.3000000;403.6000000;403.9500000;290
TATN;5;20161219;142500;404.3000000;404.4500000;404.0500000;404.4500000;950
TATN;5;20161219;143000;404.1000000;404.1000000;403.4000000;403.8000000;900
TATN;5;20161219;143500;404.0500000;404.1000000;403.6500000;403.8000000;1000
TATN;5;20161219;144000;403.8000000;404.0500000;403.4000000;403.9500000;1560
TATN;5;20161219;144500;403.9000000;404.1500000;403.1500000;403.3000000;14520
TATN;5;20161219;145000;403.7500000;403.8500000;402.9500000;403.6500000;10600
TATN;5;20161219;145500;403.6000000;403.8000000;403.3000000;403.4500000;2680
TATN;5;20161219;150000;403.4500000;403.5000000;402.3000000;402.3000000;4910
TATN;5;20161219;150500;402.6500000;402.7500000;400.9500000;400.9500000;7730
TATN;5;20161219;151000;400.9500000;402.4000000;400.5500000;402.2500000;12720
TATN;5;20161219;151500;402.2500000;402.3000000;401.9000000;401.9000000;310
TATN;5;20161219;152000;401.9500000;402.3500000;401.9000000;401.9000000;1730
TATN;5;20161219;152500;402.4500000;402.5000000;401.8000000;401.8000000;4810
TATN;5;20161219;153000;401.8000000;402.7000000;401.8000000;402.7000000;6590
TATN;5;20161219;153500;402.4000000;402.9000000;401.2500000;401.2500000;8540
TATN;5;20161219;154000;401.7000000;401.9500000;400.9500000;401.6000000;2900
TATN;5;20161219;154500;401.5500000;402.0000000;401.5500000;402.0000000;610
TATN;5;20161219;155000;401.6500000;401.8500000;401.0500000;401.0500000;2920
TATN;5;20161219;155500;401.6500000;401.9000000;400.9000000;400.9000000;6050
TATN;5;20161219;160000;400.9000000;401.3500000;400.7000000;400.7000000;2850
TATN;5;20161219;160500;400.6500000;401.3000000;400.6500000;400.7500000;2000
TATN;5;20161219;161000;400.6500000;401.4500000;400.6500000;400.9000000;2970
TATN;5;20161219;161500;401.0000000;401.3000000;400.9500000;401.3000000;1250
TATN;5;20161219;162000;401.1000000;401.1500000;400.3500000;400.5500000;11730
TATN;5;20161219;162500;400.9500000;401.1000000;400.6000000;400.6000000;2560
TATN;5;20161219;163000;400.9500000;401.7500000;400.8500000;401.7500000;2790
TATN;5;20161219;163500;401.9000000;402.0000000;401.2000000;401.2000000;6080
TATN;5;20161219;164000;401.4500000;402.0000000;400.9500000;402.0000000;6720
TATN;5;20161219;164500;401.9500000;401.9500000;401.1000000;401.6000000;1400
TATN;5;20161219;165000;401.6000000;401.9000000;401.3500000;401.9000000;830
TATN;5;20161219;165500;401.6500000;401.9000000;401.5500000;401.8000000;300
TATN;5;20161219;170000;401.8000000;402.5500000;401.7000000;402.1500000;3630
TATN;5;20161219;170500;402.2000000;402.6000000;402.2000000;402.6000000;1350
TATN;5;20161219;171000;402.2000000;402.9000000;402.2000000;402.9000000;1840
TATN;5;20161219;171500;402.9500000;403.3500000;402.5000000;402.5000000;3560
TATN;5;20161219;172000;402.5000000;403.0000000;402.5000000;403.0000000;1620
TATN;5;20161219;172500;403.1000000;403.7500000;402.8500000;403.7500000;3170
TATN;5;20161219;173000;403.7500000;404.0000000;403.7500000;404.0000000;2160
TATN;5;20161219;173500;404.0000000;404.5000000;403.5000000;403.9000000;6350
TATN;5;20161219;174000;403.5500000;404.5500000;403.5500000;404.4000000;10770
TATN;5;20161219;174500;404.4000000;404.5000000;404.0500000;404.0500000;2240
TATN;5;20161219;175000;403.9000000;403.9000000;402.0500000;402.0500000;5230
TATN;5;20161219;175500;402.1000000;403.0000000;402.0000000;403.0000000;4390
TATN;5;20161219;180000;403.0000000;403.0000000;402.3000000;402.3000000;2150
TATN;5;20161219;180500;402.5500000;402.8500000;402.0000000;402.0000000;6830
TATN;5;20161219;181000;402.0000000;402.1000000;400.6000000;400.9500000;17130
TATN;5;20161219;181500;400.9500000;401.1000000;400.2500000;400.2500000;18810
TATN;5;20161219;182000;400.2500000;400.2500000;399.3500000;399.7000000;14030
TATN;5;20161219;182500;399.7000000;400.0500000;399.0000000;399.3000000;22440
TATN;5;20161219;183000;399.3000000;400.4000000;399.2500000;399.8500000;25840
TATN;5;20161219;183500;399.8500000;400.5000000;399.5000000;399.5000000;30710
TATN;5;20161219;184000;399.5000000;400.4000000;399.5000000;399.5000000;43100
TATN;5;20161219;185000;398.8000000;398.8000000;398.8000000;398.8000000;93610
TATN;5;20161220;100500;398.1500000;399.1500000;396.5000000;398.4000000;13960
TATN;5;20161220;101000;398.1000000;398.5000000;397.8000000;397.8000000;2070
TATN;5;20161220;101500;397.8000000;398.0000000;397.5000000;397.6000000;4520
TATN;5;20161220;102000;397.7000000;398.0000000;397.5000000;397.5000000;2210
TATN;5;20161220;102500;397.5000000;397.9000000;397.0000000;397.3000000;9440
TATN;5;20161220;103000;397.6000000;398.0500000;397.4500000;398.0500000;420
TATN;5;20161220;103500;398.1500000;398.4000000;398.1500000;398.2500000;580
TATN;5;20161220;104000;398.2500000;398.3500000;397.6500000;397.7000000;1260
TATN;5;20161220;104500;397.7000000;399.0000000;397.7000000;398.7000000;8920
TATN;5;20161220;105000;398.8500000;399.0000000;398.4000000;398.8500000;1640
TATN;5;20161220;105500;398.9000000;399.4500000;398.7500000;398.7500000;1430
TATN;5;20161220;110000;398.9500000;398.9500000;398.1000000;398.6500000;2120
TATN;5;20161220;110500;398.7500000;400.1000000;398.1000000;398.5500000;25790
TATN;5;20161220;111000;398.5500000;400.0000000;398.2000000;398.9000000;16260
TATN;5;20161220;111500;399.3500000;399.6000000;398.2000000;398.2000000;6980
TATN;5;20161220;112000;398.2000000;399.1500000;398.1000000;398.4500000;29840
TATN;5;20161220;112500;398.9000000;398.9000000;398.8500000;398.8500000;70
TATN;5;20161220;113000;399.1000000;399.5500000;399.1000000;399.3000000;1410
TATN;5;20161220;113500;399.6000000;399.7000000;398.6500000;398.7000000;3310
TATN;5;20161220;114000;398.7500000;399.0000000;398.4500000;399.0000000;2570
TATN;5;20161220;114500;399.3000000;400.4000000;399.1500000;400.4000000;13150
TATN;5;20161220;115000;400.4000000;400.7500000;400.0500000;400.7500000;2840
TATN;5;20161220;115500;400.8000000;401.5000000;400.3500000;401.4500000;3310
TATN;5;20161220;120000;401.4000000;401.7000000;401.0000000;401.5000000;4230
TATN;5;20161220;120500;401.4000000;401.7000000;401.3000000;401.7000000;2780
TATN;5;20161220;121000;401.7000000;401.8500000;401.3000000;401.8500000;5510
TATN;5;20161220;121500;401.8500000;402.6500000;401.6500000;402.6000000;30190
TATN;5;20161220;122000;402.5000000;402.5500000;400.7500000;401.1500000;20770
TATN;5;20161220;122500;401.1500000;402.0000000;401.0500000;401.6500000;6140
TATN;5;20161220;123000;401.7500000;401.7500000;401.0500000;401.6500000;4980
TATN;5;20161220;123500;401.5500000;403.0000000;401.5500000;403.0000000;14050
TATN;5;20161220;124000;403.0000000;403.0000000;402.3000000;403.0000000;2260
TATN;5;20161220;124500;403.0000000;403.5000000;402.8500000;403.4000000;9290
TATN;5;20161220;125000;403.4000000;403.8500000;403.2000000;403.8500000;7300
TATN;5;20161220;125500;403.8500000;404.7500000;403.3000000;404.7500000;11620
TATN;5;20161220;130000;404.7500000;404.7500000;404.4500000;404.4500000;3810
TATN;5;20161220;130500;404.4000000;404.7000000;403.5000000;404.0000000;2960
TATN;5;20161220;131000;404.0000000;404.2500000;403.3000000;404.2500000;3100
TATN;5;20161220;131500;404.2500000;404.5500000;404.1500000;404.5000000;5590
TATN;5;20161220;132000;404.5500000;404.5500000;404.1000000;404.1000000;380
TATN;5;20161220;132500;404.4000000;404.8000000;404.2500000;404.4000000;1840
TATN;5;20161220;133000;404.7500000;404.7500000;404.3500000;404.4500000;430
TATN;5;20161220;133500;404.7000000;405.3500000;404.4500000;405.3500000;13490
TATN;5;20161220;134000;405.3500000;405.8000000;404.9000000;404.9500000;7480
TATN;5;20161220;134500;405.2000000;405.2500000;404.6500000;404.7500000;1610
TATN;5;20161220;135000;404.7500000;404.7500000;404.7500000;404.7500000;250
TATN;5;20161220;135500;404.5500000;404.5500000;404.4500000;404.5000000;2780
TATN;5;20161220;140000;404.5000000;404.6000000;404.1500000;404.1500000;6210
TATN;5;20161220;140500;404.5000000;404.5000000;404.1500000;404.1500000;130
TATN;5;20161220;141000;404.1000000;404.7000000;404.1000000;404.7000000;1700
TATN;5;20161220;141500;404.7000000;404.9000000;404.7000000;404.9000000;1550
TATN;5;20161220;142000;404.9000000;405.7500000;404.7000000;405.7500000;11350
TATN;5;20161220;142500;405.7000000;405.9500000;405.4000000;405.7000000;3760
TATN;5;20161220;143000;405.8000000;405.8000000;404.4500000;404.9000000;7450
TATN;5;20161220;143500;404.9500000;405.6000000;404.9000000;405.5000000;3230
TATN;5;20161220;144000;405.7000000;406.2500000;405.6000000;406.2000000;16280
TATN;5;20161220;144500;406.2500000;406.5000000;405.8500000;405.9000000;3090
TATN;5;20161220;145000;405.8500000;406.2500000;405.7000000;406.2500000;880
TATN;5;20161220;145500;405.7500000;406.0000000;404.9500000;405.9500000;7900
TATN;5;20161220;150000;405.6000000;406.6500000;405.6000000;405.9500000;12250
TATN;5;20161220;150500;406.0000000;406.1500000;405.8500000;406.1500000;430
TATN;5;20161220;151000;406.1500000;406.2500000;405.5500000;405.5500000;940
TATN;5;20161220;151500;405.3500000;405.9000000;405.3000000;405.9000000;530
TATN;5;20161220;152000;405.7500000;405.7500000;405.1000000;405.2500000;3150
TATN;5;20161220;152500;405.6500000;406.0000000;405.6500000;405.6500000;1860
TATN;5;20161220;153000;406.0000000;406.0000000;405.0000000;405.5000000;2100
TATN;5;20161220;153500;405.5500000;405.5500000;405.0000000;405.0000000;4510
TATN;5;20161220;154000;405.4500000;406.0000000;405.4500000;405.6500000;1980
TATN;5;20161220;154500;405.9000000;406.2500000;405.6500000;406.2500000;5190
TATN;5;20161220;155000;406.3000000;406.3000000;405.7500000;405.8500000;4580
TATN;5;20161220;155500;405.8500000;406.1500000;405.7000000;406.1500000;1990
TATN;5;20161220;160000;406.1500000;407.2500000;405.9000000;407.0500000;24560
TATN;5;20161220;160500;407.3000000;408.3500000;407.3000000;408.3000000;10410
TATN;5;20161220;161000;408.0500000;408.0500000;407.0500000;408.0000000;11750
TATN;5;20161220;161500;408.0000000;408.2000000;407.8000000;407.8000000;910
TATN;5;20161220;162000;407.8000000;408.4000000;407.8000000;407.9000000;10700
TATN;5;20161220;162500;407.9000000;408.2500000;406.8500000;406.9500000;6200
TATN;5;20161220;163000;406.8500000;407.9500000;405.9500000;407.4000000;11920
TATN;5;20161220;163500;407.6000000;408.3000000;407.3500000;408.1000000;5390
TATN;5;20161220;164000;407.8000000;408.1000000;407.5000000;407.6500000;3780
TATN;5;20161220;164500;407.6500000;409.0000000;407.6500000;408.9500000;28560
TATN;5;20161220;165000;409.0000000;409.0000000;408.2000000;408.2000000;7180
TATN;5;20161220;165500;408.5500000;409.2000000;408.4500000;409.1500000;11430
TATN;5;20161220;170000;409.0000000;409.1500000;408.1000000;408.1000000;7040
TATN;5;20161220;170500;408.4000000;408.4000000;407.4000000;408.2000000;9770
TATN;5;20161220;171000;408.2000000;408.3500000;407.7500000;408.0000000;15560
TATN;5;20161220;171500;408.4500000;408.6000000;408.0500000;408.0500000;670
TATN;5;20161220;172000;408.4000000;408.4000000;407.7000000;408.2000000;2920
TATN;5;20161220;172500;408.2000000;408.3000000;407.8000000;407.8000000;1030
TATN;5;20161220;173000;407.9500000;408.0500000;407.5500000;408.0500000;11260
TATN;5;20161220;173500;408.0500000;408.0500000;407.5500000;407.7000000;6960
TATN;5;20161220;174000;408.0000000;409.5500000;407.7000000;409.3500000;23310
TATN;5;20161220;174500;409.4000000;409.6000000;408.7000000;409.4500000;9590
TATN;5;20161220;175000;409.1500000;410.4000000;409.1500000;409.8500000;48680
TATN;5;20161220;175500;409.4500000;410.2000000;409.4000000;409.9500000;13750
TATN;5;20161220;180000;410.0000000;410.0000000;409.2500000;409.8000000;28200
TATN;5;20161220;180500;409.6000000;409.8000000;409.3500000;409.5000000;1910
TATN;5;20161220;181000;409.5000000;409.8000000;408.6500000;408.6500000;7100
TATN;5;20161220;181500;408.6500000;409.1500000;408.2000000;408.7500000;9160
TATN;5;20161220;182000;409.0000000;409.4500000;408.2000000;408.3500000;11560
TATN;5;20161220;182500;408.2000000;409.5000000;408.1500000;408.9000000;19540
TATN;5;20161220;183000;409.0000000;409.4500000;408.7500000;408.9000000;6970
TATN;5;20161220;183500;409.2500000;410.0000000;409.2500000;409.7000000;26090
TATN;5;20161220;184000;409.7000000;409.9500000;408.7500000;409.9500000;64280
TATN;5;20161220;185000;410.0000000;410.0000000;410.0000000;410.0000000;14650
TATN;5;20161221;100500;408.5000000;409.9000000;407.0500000;408.3500000;15700
TATN;5;20161221;101000;407.0500000;408.4000000;406.6500000;407.9500000;10350
TATN;5;20161221;101500;407.7000000;408.2000000;407.0500000;407.1500000;5640
TATN;5;20161221;102000;407.1500000;408.2500000;407.1500000;407.2500000;5650
TATN;5;20161221;102500;407.6000000;408.0000000;407.1000000;407.5000000;3950
TATN;5;20161221;103000;407.7000000;408.2000000;407.5500000;407.9000000;3500
TATN;5;20161221;103500;408.0500000;408.1000000;407.6500000;407.6500000;4050
TATN;5;20161221;104000;407.8000000;408.5000000;407.6000000;408.5000000;7230
TATN;5;20161221;104500;408.4500000;408.5000000;407.6500000;407.7000000;3870
TATN;5;20161221;105000;407.7500000;408.0000000;407.6500000;407.7500000;530
TATN;5;20161221;105500;407.7500000;408.1500000;407.7500000;407.9000000;4390
TATN;5;20161221;110000;407.9000000;408.2500000;407.9000000;407.9000000;2700
TATN;5;20161221;110500;407.7500000;407.9500000;407.6000000;407.7500000;19040
TATN;5;20161221;111000;407.7000000;408.8000000;407.6000000;408.8000000;15400
TATN;5;20161221;111500;408.5500000;408.9000000;408.5000000;408.5000000;2800
TATN;5;20161221;112000;408.4000000;408.6500000;408.2500000;408.5500000;2430
TATN;5;20161221;112500;408.4500000;408.5000000;407.8500000;408.2500000;2100
TATN;5;20161221;113000;408.2500000;408.5000000;408.2000000;408.5000000;2050
TATN;5;20161221;113500;408.5000000;408.5000000;408.3000000;408.4500000;1030
TATN;5;20161221;114000;408.3000000;408.5000000;408.3000000;408.3000000;3790
TATN;5;20161221;114500;408.2000000;408.5000000;407.9500000;408.2000000;1700
TATN;5;20161221;115000;408.2000000;408.5000000;408.1500000;408.1500000;570
TATN;5;20161221;115500;408.1500000;408.3000000;407.8000000;408.1000000;14470
TATN;5;20161221;120000;408.1000000;408.8500000;407.9000000;408.4500000;11730
TATN;5;20161221;120500;408.5000000;408.9000000;407.9000000;408.3500000;7310
TATN;5;20161221;121000;408.8500000;408.9000000;408.5000000;408.5000000;390
TATN;5;20161221;121500;408.5000000;408.9000000;408.4000000;408.4500000;1540
TATN;5;20161221;122000;408.4500000;408.4500000;408.1500000;408.4000000;1390
TATN;5;20161221;122500;408.4000000;408.8500000;408.3000000;408.8000000;1950
TATN;5;20161221;123000;408.5500000;408.9000000;408.3500000;408.9000000;590
TATN;5;20161221;123500;408.6500000;409.0000000;408.5500000;408.9500000;1020
TATN;5;20161221;124000;408.6000000;409.0000000;408.3500000;408.9500000;1950
TATN;5;20161221;124500;408.6000000;410.0000000;408.5000000;410.0000000;23180
TATN;5;20161221;125000;410.0000000;411.3500000;409.0500000;409.8500000;61470
TATN;5;20161221;125500;409.8000000;409.8000000;409.2500000;409.5000000;4440
TATN;5;20161221;130000;409.5000000;409.7000000;408.8000000;409.0000000;2070
TATN;5;20161221;130500;409.0000000;409.1000000;407.7000000;407.8500000;12100
TATN;5;20161221;131000;407.8500000;408.2000000;407.6000000;407.7500000;9810
TATN;5;20161221;131500;408.1500000;409.3500000;407.7500000;408.9500000;17500
TATN;5;20161221;132000;409.4000000;409.5500000;408.8500000;408.8500000;2160
TATN;5;20161221;132500;409.1500000;409.3000000;408.7500000;408.7500000;2210
TATN;5;20161221;133000;408.5000000;408.9000000;408.2000000;408.9000000;3070
TATN;5;20161221;133500;408.4500000;408.6500000;408.4000000;408.6500000;670
TATN;5;20161221;134000;408.9000000;408.9000000;408.4500000;408.5500000;460
TATN;5;20161221;134500;408.5500000;409.1000000;408.5500000;408.7000000;1400
TATN;5;20161221;135000;408.7000000;409.1000000;408.6000000;408.6000000;860
TATN;5;20161221;135500;408.5500000;408.9500000;408.0000000;408.9500000;11840
TATN;5;20161221;140000;408.9000000;408.9000000;408.0500000;408.8000000;1710
TATN;5;20161221;140500;408.7000000;408.9000000;408.5500000;408.9000000;140
TATN;5;20161221;141000;408.5500000;409.4500000;408.5500000;409.4500000;3440
TATN;5;20161221;141500;409.4500000;409.4500000;409.4500000;409.4500000;10
TATN;5;20161221;142000;409.4000000;409.4000000;408.7500000;408.7500000;770
TATN;5;20161221;143000;408.8500000;408.8500000;408.7000000;408.7000000;390
TATN;5;20161221;143500;408.5500000;408.8500000;408.0000000;408.4500000;6150
TATN;5;20161221;144000;408.8000000;408.8000000;408.0000000;408.3500000;17210
TATN;5;20161221;144500;408.0500000;408.4000000;407.7000000;408.4000000;4360
TATN;5;20161221;145000;408.3500000;408.8500000;407.8000000;408.6000000;11620
TATN;5;20161221;145500;408.6000000;408.9000000;407.8500000;407.8500000;1990
TATN;5;20161221;150000;407.8500000;409.4000000;407.8000000;409.4000000;12690
TATN;5;20161221;150500;409.3500000;410.9500000;409.0000000;409.9500000;11550
TATN;5;20161221;151000;410.2500000;411.0000000;408.6000000;410.1000000;48750
TATN;5;20161221;151500;410.2500000;410.9000000;410.2500000;410.8500000;4300
TATN;5;20161221;152000;410.6000000;411.5000000;410.4000000;410.9000000;18040
TATN;5;20161221;152500;410.7500000;410.7500000;409.8500000;410.5000000;7220
TATN;5;20161221;153000;410.1500000;410.7500000;410.1500000;410.7500000;520
TATN;5;20161221;153500;410.5000000;410.5000000;410.2000000;410.2000000;980
TATN;5;20161221;154000;410.2000000;410.5000000;409.9000000;409.9000000;1710
TATN;5;20161221;154500;410.2500000;410.2500000;409.7500000;409.8500000;8510
TATN;5;20161221;155000;410.1000000;410.2500000;409.7500000;409.8500000;5000
TATN;5;20161221;155500;409.8500000;410.2500000;409.7500000;410.2500000;550
TATN;5;20161221;160000;410.0000000;410.2000000;409.8000000;410.2000000;350
TATN;5;20161221;160500;410.2500000;411.2500000;410.2500000;410.5000000;10230
TATN;5;20161221;161000;410.5000000;411.0000000;410.2000000;411.0000000;1890
TATN;5;20161221;161500;410.6500000;411.0000000;410.6500000;411.0000000;160
TATN;5;20161221;162000;410.7500000;411.0000000;410.4000000;410.8500000;4920
TATN;5;20161221;162500;411.0000000;411.0000000;410.4000000;410.4500000;1270
TATN;5;20161221;163000;410.4500000;410.5000000;410.2000000;410.2000000;1270
TATN;5;20161221;163500;410.2000000;410.5500000;410.1500000;410.2000000;1260
TATN;5;20161221;164000;410.4500000;410.4500000;409.7500000;409.9500000;6570
TATN;5;20161221;164500;409.9500000;410.0000000;409.7500000;409.8000000;910
TATN;5;20161221;165000;409.8000000;410.4500000;409.4000000;409.8500000;6190
TATN;5;20161221;165500;410.0000000;410.3500000;409.8500000;410.2000000;1250
TATN;5;20161221;170000;409.9000000;410.0500000;409.6500000;409.8000000;1400
TATN;5;20161221;170500;409.7000000;410.2000000;409.6500000;410.2000000;1570
TATN;5;20161221;171000;410.0000000;410.0000000;410.0000000;410.0000000;300
TATN;5;20161221;171500;410.1500000;410.4500000;410.1500000;410.4500000;1700
TATN;5;20161221;172000;410.0500000;410.0500000;409.4000000;409.4000000;3650
TATN;5;20161221;172500;409.4000000;409.6000000;409.0000000;409.0000000;3460
TATN;5;20161221;173000;409.0000000;409.0000000;408.0500000;408.9500000;10800
TATN;5;20161221;173500;408.7000000;409.1500000;408.0000000;408.5000000;6420
TATN;5;20161221;174000;408.3000000;409.8500000;408.1500000;409.8000000;13250
TATN;5;20161221;174500;409.4000000;410.3000000;409.2500000;410.1500000;3090
TATN;5;20161221;175000;409.9500000;410.6500000;409.8000000;410.2500000;14120
TATN;5;20161221;175500;410.5500000;411.1000000;410.2000000;410.7500000;13640
TATN;5;20161221;180000;410.9500000;412.5000000;410.6500000;411.7000000;38430
TATN;5;20161221;180500;412.1000000;413.3000000;412.0000000;412.5500000;27890
TATN;5;20161221;181000;412.5500000;412.9500000;412.0000000;412.9500000;11940
TATN;5;20161221;181500;412.9500000;413.2000000;412.0000000;412.0000000;10840
TATN;5;20161221;182000;412.0000000;412.2000000;409.8500000;410.1000000;43130
TATN;5;20161221;182500;409.5500000;411.1500000;407.8500000;407.8500000;62790
TATN;5;20161221;183000;407.9000000;409.0500000;407.6000000;408.1500000;76830
TATN;5;20161221;183500;408.2000000;408.3500000;405.6500000;407.5000000;60480
TATN;5;20161221;184000;407.3000000;409.4000000;405.9000000;408.9000000;144250
TATN;5;20161221;185000;410.9500000;410.9500000;410.9500000;410.9500000;62250
TATN;5;20161222;100500;408.5500000;409.1000000;406.6000000;407.0000000;36060
TATN;5;20161222;101000;407.5500000;407.6000000;406.9000000;407.2500000;8680
TATN;5;20161222;101500;407.1500000;407.3000000;406.2000000;406.2000000;10680
TATN;5;20161222;102000;406.5000000;406.7000000;403.7500000;403.8500000;20170
TATN;5;20161222;102500;403.5500000;403.7500000;402.4000000;403.0500000;15020
TATN;5;20161222;103000;403.6000000;403.7000000;402.7000000;403.2000000;9430
TATN;5;20161222;103500;403.1500000;404.1500000;403.1500000;403.5500000;4270
TATN;5;20161222;104000;403.5500000;404.1500000;403.2000000;403.2500000;4020
TATN;5;20161222;104500;403.6000000;403.6000000;402.7000000;402.8000000;6000
TATN;5;20161222;105000;402.7000000;403.2000000;402.4000000;402.4000000;9120
TATN;5;20161222;105500;402.4000000;402.8500000;402.4000000;402.5000000;2870
TATN;5;20161222;110000;402.5000000;402.9500000;402.1000000;402.2500000;6110
TATN;5;20161222;110500;402.5500000;404.5500000;402.2500000;403.8500000;7040
TATN;5;20161222;111000;404.1000000;404.5000000;403.4500000;404.2000000;3770
TATN;5;20161222;111500;404.2000000;407.8000000;404.0000000;407.5000000;20960
TATN;5;20161222;112000;407.4500000;408.1500000;406.4500000;406.8000000;11510
TATN;5;20161222;112500;406.7500000;408.9500000;406.7500000;408.4500000;9830
TATN;5;20161222;113000;408.3000000;409.0000000;407.9500000;408.5000000;4880
TATN;5;20161222;113500;408.0500000;408.9000000;407.7500000;407.9000000;4260
TATN;5;20161222;114000;407.9500000;408.0000000;407.2000000;408.0000000;2990
TATN;5;20161222;114500;407.7500000;408.3500000;406.4500000;407.3000000;8340
TATN;5;20161222;115000;407.3500000;407.7000000;406.8500000;406.9000000;11290
TATN;5;20161222;115500;406.9500000;406.9500000;404.5500000;404.9500000;13280
TATN;5;20161222;120000;404.5500000;405.2500000;404.3000000;404.6000000;6130
TATN;5;20161222;120500;404.6000000;405.3000000;402.6000000;403.8000000;16970
TATN;5;20161222;121000;403.9500000;404.2000000;403.4500000;403.5500000;6640
TATN;5;20161222;121500;403.9500000;404.6500000;403.9500000;404.0500000;7060
TATN;5;20161222;122000;404.0500000;404.3000000;402.6500000;402.7000000;26570
TATN;5;20161222;122500;402.6500000;403.9000000;402.3000000;403.0000000;47320
TATN;5;20161222;123000;403.0000000;403.2500000;402.3000000;402.5000000;9060
TATN;5;20161222;123500;402.7500000;403.6000000;402.5000000;403.6000000;6800
TATN;5;20161222;124000;403.3000000;404.0500000;403.3000000;403.3500000;11710
TATN;5;20161222;124500;403.4000000;403.6000000;403.1000000;403.3500000;17140
TATN;5;20161222;125000;403.3500000;403.7000000;402.9000000;402.9000000;3920
TATN;5;20161222;125500;402.9000000;403.1500000;402.6500000;402.6500000;2320
TATN;5;20161222;130000;402.7000000;403.0000000;402.3000000;402.5500000;8930
TATN;5;20161222;130500;402.5500000;403.2000000;402.5500000;402.8500000;4740
TATN;5;20161222;131000;402.8500000;403.2000000;402.8500000;403.1500000;640
TATN;5;20161222;131500;403.2000000;403.5500000;403.0500000;403.4500000;2670
TATN;5;20161222;132000;403.4000000;403.4500000;402.3500000;402.8500000;14150
TATN;5;20161222;132500;402.6000000;403.0000000;402.4000000;402.4000000;6890
TATN;5;20161222;133000;402.4000000;402.5500000;401.7000000;401.7000000;18200
TATN;5;20161222;133500;401.7500000;402.4500000;401.7000000;402.1000000;5700
TATN;5;20161222;134000;402.1000000;402.7500000;402.1000000;402.4500000;2530
TATN;5;20161222;134500;402.7500000;402.8500000;401.1500000;401.2000000;13330
TATN;5;20161222;135000;401.1500000;401.6500000;400.1000000;401.1000000;58640
TATN;5;20161222;135500;401.2000000;401.3000000;401.1500000;401.1500000;740
TATN;5;20161222;140000;401.0000000;401.0500000;399.4000000;399.9000000;52860
TATN;5;20161222;140500;399.9000000;400.3000000;398.0000000;398.4000000;34460
TATN;5;20161222;141000;398.5500000;399.4500000;398.4500000;398.9000000;8920
TATN;5;20161222;141500;399.3000000;399.4500000;398.9000000;399.1000000;1260
TATN;5;20161222;142000;399.1000000;399.8000000;399.1000000;399.3000000;2440
TATN;5;20161222;142500;399.3000000;399.8000000;399.1500000;399.2000000;420
TATN;5;20161222;143000;399.3000000;399.6000000;399.3000000;399.6000000;130
TATN;5;20161222;143500;399.7000000;400.2500000;399.7000000;400.1500000;270
TATN;5;20161222;144000;400.2000000;400.7500000;400.2000000;400.7500000;680
TATN;5;20161222;144500;400.7500000;401.3000000;400.5500000;400.5500000;3060
TATN;5;20161222;145000;400.4000000;400.4000000;400.2000000;400.3000000;1570
TATN;5;20161222;145500;400.3500000;400.6500000;400.3500000;400.5000000;220
TATN;5;20161222;150000;400.6500000;400.7500000;400.1500000;400.2500000;2030
TATN;5;20161222;150500;400.2000000;400.2000000;400.0500000;400.0500000;1360
TATN;5;20161222;151000;400.0500000;400.0500000;399.7500000;399.7500000;2660
TATN;5;20161222;151500;399.7500000;401.0500000;399.6000000;400.6500000;3620
TATN;5;20161222;152000;400.6000000;400.6500000;400.3000000;400.5500000;800
TATN;5;20161222;152500;400.5500000;400.5500000;399.7000000;399.7000000;2140
TATN;5;20161222;153000;399.7000000;399.7000000;399.0000000;399.0000000;6620
TATN;5;20161222;153500;399.0000000;399.1500000;398.3500000;398.4000000;7140
TATN;5;20161222;154000;398.4000000;398.5500000;398.1000000;398.2000000;7790
TATN;5;20161222;154500;398.2000000;399.4000000;398.1000000;398.7000000;14600
TATN;5;20161222;155000;398.7000000;399.1500000;398.2000000;398.2000000;6310
TATN;5;20161222;155500;398.2500000;398.5500000;398.1000000;398.1000000;7040
TATN;5;20161222;160000;398.1000000;398.8000000;398.1000000;398.1500000;4330
TATN;5;20161222;160500;398.4000000;399.4500000;398.2500000;398.8500000;14150
TATN;5;20161222;161000;398.5500000;399.7000000;398.5500000;399.3000000;3990
TATN;5;20161222;161500;399.3000000;399.8000000;399.2000000;399.4000000;1540
TATN;5;20161222;162000;399.4000000;400.3500000;399.4000000;399.7000000;5250
TATN;5;20161222;162500;399.7500000;400.0000000;399.0000000;399.0500000;5560
TATN;5;20161222;163000;399.0500000;399.4000000;399.0000000;399.1000000;1650
TATN;5;20161222;163500;399.1000000;399.5000000;398.2000000;398.6500000;7610
TATN;5;20161222;164000;398.2000000;398.4000000;397.0000000;397.0000000;22480
TATN;5;20161222;164500;396.9500000;397.2500000;395.4000000;397.0500000;26930
TATN;5;20161222;165000;396.9000000;397.2500000;396.6000000;396.9000000;4420
TATN;5;20161222;165500;396.9000000;397.5000000;396.7000000;397.2000000;3830
TATN;5;20161222;170000;397.2000000;397.8500000;396.3500000;396.5500000;11740
TATN;5;20161222;170500;396.9000000;398.3500000;396.6500000;398.0500000;5030
TATN;5;20161222;171000;398.0500000;398.7000000;398.0500000;398.5500000;1070
TATN;5;20161222;171500;398.5500000;399.0000000;397.6500000;398.0000000;9640
TATN;5;20161222;172000;397.7500000;398.1500000;397.4500000;397.7500000;9820
TATN;5;20161222;172500;397.8500000;398.5500000;397.8500000;398.5500000;3990
TATN;5;20161222;173000;398.4000000;398.8500000;397.8000000;398.8500000;5640
TATN;5;20161222;173500;398.4000000;399.0000000;398.2000000;399.0000000;3730
TATN;5;20161222;174000;398.7500000;399.0000000;398.0500000;398.4000000;1300
TATN;5;20161222;174500;398.4000000;399.0500000;398.4000000;398.7500000;900
TATN;5;20161222;175000;398.8000000;399.4000000;398.8000000;399.3000000;2030
TATN;5;20161222;175500;398.8000000;399.2500000;398.7500000;399.0000000;830
TATN;5;20161222;180000;399.0000000;399.6000000;397.7000000;398.6500000;14060
TATN;5;20161222;180500;398.6000000;399.3000000;398.4500000;398.5000000;3140
TATN;5;20161222;181000;398.5000000;399.0000000;397.8500000;399.0000000;5860
TATN;5;20161222;181500;398.2000000;398.8000000;397.8500000;398.2000000;3880
TATN;5;20161222;182000;398.2500000;399.4500000;398.1000000;398.4500000;24580
TATN;5;20161222;182500;398.4500000;398.8000000;397.9500000;397.9500000;3430
TATN;5;20161222;183000;397.9500000;398.8500000;397.3500000;398.0500000;12950
TATN;5;20161222;183500;398.0500000;398.8500000;398.0500000;398.8500000;4610
TATN;5;20161222;184000;398.8500000;399.7500000;398.5500000;399.7500000;31580
TATN;5;20161222;185000;399.8500000;399.8500000;399.8500000;399.8500000;32870
TATN;5;20161223;100500;399.9500000;400.0000000;399.0500000;399.3500000;3870
TATN;5;20161223;101000;399.6000000;401.6500000;399.0500000;401.4500000;33900
TATN;5;20161223;101500;401.3000000;401.9000000;401.3000000;401.6500000;5360
TATN;5;20161223;102000;401.6500000;401.6500000;401.4000000;401.4000000;10740
TATN;5;20161223;102500;401.6000000;401.7500000;401.6000000;401.7000000;720
TATN;5;20161223;103000;401.6500000;401.7000000;401.4000000;401.4000000;2920
TATN;5;20161223;103500;401.4500000;402.0000000;401.4000000;401.6000000;4240
TATN;5;20161223;104000;402.0000000;402.9000000;401.5500000;402.9000000;3270
TATN;5;20161223;104500;402.2500000;402.2500000;401.6000000;401.7500000;920
TATN;5;20161223;105000;401.6500000;401.7500000;401.4000000;401.7000000;4020
TATN;5;20161223;105500;401.7500000;401.7500000;400.9500000;401.6000000;9510
TATN;5;20161223;110000;401.7500000;403.0000000;401.7500000;402.9000000;13240
TATN;5;20161223;110500;402.9500000;404.0000000;402.9500000;403.6500000;22440
TATN;5;20161223;111000;404.0000000;404.8000000;403.8000000;403.8000000;10720
TATN;5;20161223;111500;403.6000000;404.9500000;403.4500000;404.9500000;9670
TATN;5;20161223;112000;404.6000000;405.4000000;404.3000000;405.0000000;6640
TATN;5;20161223;112500;405.0000000;406.0000000;405.0000000;405.2500000;11420
TATN;5;20161223;113000;405.4500000;405.5500000;403.6500000;403.6500000;2890
TATN;5;20161223;113500;403.8000000;405.7500000;403.6500000;405.7000000;14350
TATN;5;20161223;114000;405.6000000;405.6000000;404.2500000;405.2500000;4670
TATN;5;20161223;114500;405.1000000;405.3000000;404.5000000;404.5000000;2980
TATN;5;20161223;115000;404.1500000;404.1500000;403.3000000;404.1000000;3620
TATN;5;20161223;115500;404.1000000;405.4500000;404.1000000;404.8000000;6210
TATN;5;20161223;120000;404.9000000;404.9000000;403.7000000;404.1500000;4130
TATN;5;20161223;120500;404.1500000;405.0000000;404.0500000;404.0500000;2880
TATN;5;20161223;121000;404.4000000;405.5000000;403.5000000;405.5000000;10580
TATN;5;20161223;121500;405.5000000;406.0000000;404.8500000;405.8500000;8720
TATN;5;20161223;122000;405.8500000;406.8500000;405.7000000;405.8500000;10680
TATN;5;20161223;122500;405.5000000;405.9000000;403.7500000;404.1500000;9720
TATN;5;20161223;123000;403.9500000;404.8500000;402.2000000;402.2000000;11040
TATN;5;20161223;123500;402.2000000;402.2000000;401.2000000;401.5500000;8280
TATN;5;20161223;124000;401.5000000;404.9500000;401.5000000;403.5000000;14090
TATN;5;20161223;124500;403.7000000;404.2000000;403.7000000;403.7500000;4220
TATN;5;20161223;125000;403.6000000;403.6000000;401.1000000;401.1000000;12490
TATN;5;20161223;125500;401.0000000;401.7000000;399.6500000;401.5500000;18230
TATN;5;20161223;130000;401.3000000;402.8500000;401.1000000;402.5500000;5790
TATN;5;20161223;130500;402.5000000;402.7500000;401.9000000;402.1000000;510
TATN;5;20161223;131000;402.1000000;403.4000000;402.1000000;402.2000000;2220
TATN;5;20161223;131500;402.9500000;403.2000000;402.9000000;403.1500000;940
TATN;5;20161223;132000;402.4000000;402.8000000;402.1500000;402.7500000;710
TATN;5;20161223;132500;402.6000000;403.0000000;402.0000000;402.5000000;5320
TATN;5;20161223;133000;402.6500000;402.8500000;400.0500000;400.4000000;32740
TATN;5;20161223;133500;400.0500000;400.1500000;397.8000000;397.9500000;29840
TATN;5;20161223;134000;398.0500000;398.8000000;397.8500000;398.6000000;9520
TATN;5;20161223;134500;398.5000000;399.0500000;397.4500000;397.4500000;12210
TATN;5;20161223;135000;397.7500000;398.4000000;397.0500000;397.9000000;10340
TATN;5;20161223;135500;397.5000000;397.8500000;396.5500000;396.8500000;8640
TATN;5;20161223;140000;396.9000000;397.6000000;396.8500000;397.6000000;10710
TATN;5;20161223;140500;397.7500000;399.0000000;397.7500000;398.5000000;2550
TATN;5;20161223;141000;398.1000000;398.1000000;396.3500000;396.4500000;12440
TATN;5;20161223;141500;396.3500000;396.6000000;394.1500000;394.4000000;32290
TATN;5;20161223;142000;394.4000000;395.4000000;394.0000000;395.3500000;15060
TATN;5;20161223;142500;395.0000000;396.8500000;394.9000000;396.8500000;6820
TATN;5;20161223;143000;396.7000000;396.8500000;395.5000000;396.1500000;4080
TATN;5;20161223;143500;396.0000000;396.8500000;396.0000000;396.8500000;2600
TATN;5;20161223;144000;396.9500000;397.8000000;396.7000000;397.4500000;2170
TATN;5;20161223;144500;397.4500000;397.7500000;397.2000000;397.3500000;160
TATN;5;20161223;145000;397.3000000;397.5000000;396.2000000;396.9500000;8790
TATN;5;20161223;145500;396.6500000;397.1000000;396.3000000;396.3000000;3800
TATN;5;20161223;150000;396.3000000;396.9000000;394.9500000;396.8000000;5810
TATN;5;20161223;150500;396.8500000;396.8500000;396.0500000;396.7500000;6720
TATN;5;20161223;151000;396.6500000;396.9000000;395.8500000;396.7500000;3260
TATN;5;20161223;151500;396.3000000;396.5000000;396.2000000;396.5000000;2650
TATN;5;20161223;152000;395.9500000;396.8000000;395.8000000;396.6000000;2480
TATN;5;20161223;152500;396.4500000;396.4500000;395.6500000;395.9500000;1500
TATN;5;20161223;153000;395.9500000;396.5000000;395.5500000;396.1000000;8500
TATN;5;20161223;153500;396.6000000;396.6000000;394.7000000;394.7000000;11170
TATN;5;20161223;154000;395.1000000;395.2500000;394.5500000;394.7000000;21580
TATN;5;20161223;154500;394.9500000;395.6000000;394.9500000;395.1500000;4000
TATN;5;20161223;155000;395.0500000;395.3000000;393.2500000;393.4500000;7290
TATN;5;20161223;155500;393.9000000;394.8000000;393.6000000;394.8000000;2360
TATN;5;20161223;160000;394.7500000;395.0500000;394.7500000;395.0500000;1880
TATN;5;20161223;160500;394.8000000;395.5500000;394.8000000;395.0000000;4450
TATN;5;20161223;161000;395.2000000;395.8000000;395.1000000;395.8000000;12560
TATN;5;20161223;161500;396.0000000;396.2000000;395.3500000;395.6500000;2810
TATN;5;20161223;162000;395.2000000;395.2000000;395.2000000;395.2000000;40
TATN;5;20161223;162500;395.3000000;395.5500000;395.3000000;395.5500000;200
TATN;5;20161223;163000;395.0500000;395.0500000;394.0000000;394.0500000;2810
TATN;5;20161223;163500;394.0000000;394.0000000;394.0000000;394.0000000;290
TATN;5;20161223;164000;394.0000000;394.0000000;393.4000000;393.4000000;4360
TATN;5;20161223;164500;393.3500000;393.7000000;393.3000000;393.3500000;2070
TATN;5;20161223;165000;393.6000000;393.6000000;393.4000000;393.4000000;1090
TATN;5;20161223;165500;393.5500000;394.3000000;393.5500000;394.3000000;2380
TATN;5;20161223;170000;394.5500000;394.6500000;394.1500000;394.4500000;1200
TATN;5;20161223;170500;394.4500000;394.4500000;394.2000000;394.2000000;750
TATN;5;20161223;171000;394.2500000;395.8500000;394.2000000;395.8500000;3100
TATN;5;20161223;171500;395.2000000;396.3500000;395.2000000;396.2000000;3320
TATN;5;20161223;172000;395.9500000;396.1000000;395.2000000;396.1000000;3860
TATN;5;20161223;172500;395.6500000;395.9500000;395.3500000;395.3500000;470
TATN;5;20161223;173000;395.1500000;395.3500000;395.1500000;395.1500000;1400
TATN;5;20161223;173500;395.1000000;395.7000000;394.8500000;395.7000000;3970
TATN;5;20161223;174000;395.4000000;395.7000000;395.2000000;395.5000000;4320
TATN;5;20161223;174500;395.7000000;396.3500000;395.7000000;395.9000000;2940
TATN;5;20161223;175000;395.9000000;397.2500000;395.9000000;397.0000000;4680
TATN;5;20161223;175500;397.0000000;397.0000000;396.6500000;396.6500000;2800
TATN;5;20161223;180000;396.6000000;396.6000000;395.7000000;395.8500000;8590
TATN;5;20161223;180500;395.7500000;396.3500000;395.6500000;395.9500000;3870
TATN;5;20161223;181000;396.0000000;396.3500000;395.7000000;396.1000000;3900
TATN;5;20161223;181500;395.6500000;395.6500000;394.7500000;394.9000000;7340
TATN;5;20161223;182000;394.9500000;396.2500000;394.5500000;396.2500000;16140
TATN;5;20161223;182500;396.2000000;396.7500000;396.0500000;396.7000000;5700
TATN;5;20161223;183000;396.8000000;396.8000000;394.9500000;394.9500000;16160
TATN;5;20161223;183500;394.9500000;395.1500000;394.1500000;394.3000000;40060
TATN;5;20161223;184000;394.6000000;395.0500000;391.9000000;392.9000000;104730
TATN;5;20161223;185000;394.6500000;394.6500000;394.6500000;394.6500000;28260
TATN;5;20161226;100500;392.4000000;395.6500000;392.4000000;394.5000000;1810
TATN;5;20161226;101000;394.5000000;396.8500000;394.1000000;395.3000000;27500
TATN;5;20161226;101500;395.5500000;397.4000000;395.5000000;396.6000000;16750
TATN;5;20161226;102000;396.7000000;398.6500000;396.1000000;398.3500000;20980
TATN;5;20161226;102500;398.3500000;400.5500000;398.2000000;398.7000000;40400
TATN;5;20161226;103000;398.6500000;398.7000000;396.7500000;397.5500000;2730
TATN;5;20161226;103500;397.9000000;397.9000000;397.0000000;397.8000000;1860
TATN;5;20161226;104000;397.5000000;397.5000000;395.8500000;396.8500000;2710
TATN;5;20161226;104500;396.8500000;396.8500000;395.2000000;396.4500000;3960
TATN;5;20161226;105000;395.9000000;396.4000000;395.4000000;396.4000000;200
TATN;5;20161226;105500;395.9500000;397.0500000;395.8000000;397.0500000;2540
TATN;5;20161226;110000;397.0500000;397.6500000;396.4500000;397.6500000;6200
TATN;5;20161226;110500;397.3000000;397.3000000;396.2500000;396.2500000;1910
TATN;5;20161226;111000;396.6000000;396.6000000;396.6000000;396.6000000;370
TATN;5;20161226;111500;396.6500000;396.8000000;395.5500000;395.5500000;1250
TATN;5;20161226;112000;396.3000000;396.7500000;396.0000000;396.7500000;1920
TATN;5;20161226;112500;396.7000000;396.7000000;396.7000000;396.7000000;10
TATN;5;20161226;113500;396.7000000;397.0000000;396.3500000;396.4000000;2830
TATN;5;20161226;114000;396.3500000;396.8000000;396.1000000;396.8000000;1050
TATN;5;20161226;114500;396.8000000;397.0000000;396.8000000;397.0000000;300
TATN;5;20161226;115000;396.4000000;396.4000000;394.9000000;395.4500000;9310
TATN;5;20161226;115500;395.4500000;395.5000000;395.3500000;395.4500000;1490
TATN;5;20161226;120000;395.3500000;395.3500000;395.2500000;395.3000000;110
TATN;5;20161226;120500;395.5000000;395.5000000;395.3000000;395.3000000;1110
TATN;5;20161226;121500;395.3000000;395.3000000;395.3000000;395.3000000;160
TATN;5;20161226;122000;395.4000000;395.4000000;395.1000000;395.1000000;90
TATN;5;20161226;122500;395.1000000;395.5000000;395.0000000;395.0000000;5030
TATN;5;20161226;123000;395.4500000;395.5000000;395.0000000;395.5000000;3640
TATN;5;20161226;124000;395.3500000;395.5000000;395.3500000;395.5000000;140
TATN;5;20161226;124500;395.4500000;395.9500000;395.3500000;395.9500000;6870
TATN;5;20161226;125000;396.0000000;396.4500000;396.0000000;396.1500000;620
TATN;5;20161226;125500;395.8000000;397.0000000;395.7500000;397.0000000;2890
TATN;5;20161226;130000;397.0000000;397.0000000;397.0000000;397.0000000;150
TATN;5;20161226;131500;396.9500000;396.9500000;396.9500000;396.9500000;200
TATN;5;20161226;132500;396.9000000;396.9000000;396.0500000;396.0500000;190
TATN;5;20161226;133000;396.0500000;396.1000000;395.6000000;396.0000000;1710
TATN;5;20161226;133500;396.0000000;396.0000000;396.0000000;396.0000000;380
TATN;5;20161226;134000;396.0000000;396.2000000;396.0000000;396.2000000;2430
TATN;5;20161226;134500;396.0000000;396.0000000;395.5000000;395.5000000;590
TATN;5;20161226;135500;395.6500000;395.9500000;395.2500000;395.2500000;1990
TATN;5;20161226;140500;395.7500000;395.7500000;395.2000000;395.2000000;4580
TATN;5;20161226;141000;395.2000000;395.2000000;395.2000000;395.2000000;1000
TATN;5;20161226;142000;395.7000000;395.8000000;395.7000000;395.8000000;100
TATN;5;20161226;143500;395.4500000;395.4500000;395.4000000;395.4000000;40
TATN;5;20161226;144000;395.7000000;395.7500000;395.7000000;395.7500000;30
TATN;5;20161226;145000;395.9500000;396.0000000;395.9500000;396.0000000;1220
TATN;5;20161226;145500;395.7500000;395.7500000;395.7500000;395.7500000;40
TATN;5;20161226;150000;396.0000000;396.5000000;396.0000000;396.5000000;2340
TATN;5;20161226;150500;396.6500000;396.8500000;396.6500000;396.6500000;2310
TATN;5;20161226;151000;396.7000000;396.7000000;396.6500000;396.7000000;580
TATN;5;20161226;152000;396.7000000;396.7000000;396.4500000;396.4500000;80
TATN;5;20161226;153000;396.8500000;396.8500000;396.8500000;396.8500000;260
TATN;5;20161226;153500;396.8500000;397.0000000;396.8500000;397.0000000;950
TATN;5;20161226;155000;396.6500000;397.6500000;396.6500000;397.4000000;5150
TATN;5;20161226;155500;397.8500000;398.8500000;397.8500000;398.8500000;3130
TATN;5;20161226;160000;398.8500000;399.4000000;398.8500000;398.9000000;9160
TATN;5;20161226;160500;398.9000000;399.1000000;398.5000000;398.7000000;1850
TATN;5;20161226;161000;398.9500000;399.3500000;398.9000000;398.9000000;990
TATN;5;20161226;161500;399.4000000;399.4500000;398.9000000;398.9000000;2920
TATN;5;20161226;162000;398.5500000;398.9000000;398.4500000;398.9000000;430
TATN;5;20161226;162500;398.8500000;398.9000000;397.9000000;398.3500000;4650
TATN;5;20161226;163000;398.3500000;398.3500000;397.8000000;397.8000000;460
TATN;5;20161226;163500;398.1000000;398.1000000;398.1000000;398.1000000;10
TATN;5;20161226;164000;398.1000000;398.6500000;398.1000000;398.6500000;1410
TATN;5;20161226;164500;398.7500000;398.8000000;398.6500000;398.6500000;330
TATN;5;20161226;165000;398.2000000;398.2000000;398.0000000;398.0000000;2120
TATN;5;20161226;165500;398.0000000;398.0000000;397.6500000;397.6500000;270
TATN;5;20161226;170500;398.0000000;398.0000000;397.2000000;397.3000000;3260
TATN;5;20161226;171000;397.3000000;397.3000000;396.9000000;396.9000000;2940
TATN;5;20161226;172000;397.2000000;397.2500000;396.6500000;396.6500000;300
TATN;5;20161226;172500;397.0500000;397.0500000;397.0500000;397.0500000;20
TATN;5;20161226;173000;397.0500000;397.2000000;397.0500000;397.2000000;750
TATN;5;20161226;173500;396.6500000;397.1000000;396.6000000;396.6000000;4050
TATN;5;20161226;174000;396.9000000;396.9000000;396.4000000;396.6000000;900
TATN;5;20161226;174500;396.6000000;396.6000000;395.6500000;395.6500000;1560
TATN;5;20161226;175000;395.6500000;396.2500000;395.6500000;396.1000000;1160
TATN;5;20161226;175500;395.9500000;395.9500000;395.5000000;395.7000000;2710
TATN;5;20161226;180000;395.6000000;395.9000000;395.3000000;395.9000000;3430
TATN;5;20161226;180500;395.9000000;396.1000000;395.9000000;396.0500000;2780
TATN;5;20161226;181000;396.2000000;396.4000000;396.0000000;396.0000000;1990
TATN;5;20161226;181500;395.4000000;395.8500000;395.3000000;395.5500000;1760
TATN;5;20161226;182000;395.5500000;395.5500000;395.3000000;395.3000000;80
TATN;5;20161226;182500;395.3000000;395.3000000;394.9000000;395.2500000;3660
TATN;5;20161226;183000;395.5000000;396.5500000;395.5000000;396.5500000;2410
TATN;5;20161226;183500;396.6000000;397.2500000;396.6000000;397.0500000;2950
TATN;5;20161226;184000;397.0000000;397.8500000;397.0000000;397.6500000;5220
TATN;5;20161226;185000;397.5500000;397.5500000;397.5500000;397.5500000;5130
TATN;5;20161227;100500;398.1000000;399.0500000;396.9500000;398.5500000;4040
TATN;5;20161227;101000;398.1000000;398.3000000;397.7500000;397.8500000;2250
TATN;5;20161227;101500;398.1500000;399.8000000;398.1500000;399.1500000;8100
TATN;5;20161227;102000;399.2000000;399.9500000;398.3000000;399.8000000;9930
TATN;5;20161227;102500;399.8500000;400.4500000;398.9500000;399.6000000;3870
TATN;5;20161227;103000;399.8500000;400.4000000;398.6500000;399.2500000;4940
TATN;5;20161227;103500;399.3000000;400.4000000;398.9500000;398.9500000;3100
TATN;5;20161227;104000;399.1000000;399.6500000;398.7000000;399.5000000;2470
TATN;5;20161227;104500;399.6500000;399.6500000;399.3500000;399.6500000;1110
TATN;5;20161227;105000;399.6500000;399.7500000;398.5000000;399.4000000;2890
TATN;5;20161227;105500;399.0500000;400.1500000;398.8500000;399.3500000;3700
TATN;5;20161227;110000;399.5500000;399.8500000;399.0000000;399.1500000;3030
TATN;5;20161227;110500;399.0500000;399.6500000;398.3500000;398.3500000;2120
TATN;5;20161227;111000;398.7500000;399.7000000;398.6000000;399.6000000;3990
TATN;5;20161227;111500;399.2000000;399.3000000;399.2000000;399.3000000;150
TATN;5;20161227;112000;399.6000000;399.8500000;399.2500000;399.8500000;2850
TATN;5;20161227;112500;399.8500000;400.6000000;399.2500000;399.2500000;65990
TATN;5;20161227;113000;399.2500000;401.3000000;399.1500000;401.0500000;15410
TATN;5;20161227;113500;400.5500000;400.6500000;399.6000000;399.6500000;980
TATN;5;20161227;114000;399.7500000;399.8000000;399.5000000;399.6500000;1390
TATN;5;20161227;114500;399.7000000;400.3500000;398.6000000;399.1000000;13510
TATN;5;20161227;115000;398.8000000;398.8000000;398.8000000;398.8000000;90
TATN;5;20161227;115500;398.3500000;398.8000000;398.2500000;398.7500000;2080
TATN;5;20161227;120500;398.2000000;398.2000000;396.2500000;396.6500000;4570
TATN;5;20161227;121000;396.6500000;397.0500000;396.6500000;397.0500000;210
TATN;5;20161227;121500;397.1500000;397.6500000;397.1500000;397.6000000;790
TATN;5;20161227;122000;397.8000000;398.0500000;397.7500000;398.0500000;510
TATN;5;20161227;122500;397.6000000;397.7500000;397.2000000;397.2000000;150
TATN;5;20161227;123000;397.4500000;397.4500000;397.4500000;397.4500000;10
TATN;5;20161227;123500;397.4500000;398.1000000;396.9500000;398.1000000;2980
TATN;5;20161227;124500;398.4000000;398.6500000;398.2500000;398.3000000;1310
TATN;5;20161227;125000;397.8000000;398.5500000;397.8000000;398.5500000;4640
TATN;5;20161227;125500;398.5500000;398.5500000;398.1000000;398.1000000;1700
TATN;5;20161227;130000;398.2500000;398.2500000;398.2500000;398.2500000;50
TATN;5;20161227;131000;397.9000000;397.9000000;397.5500000;397.5500000;960
TATN;5;20161227;131500;397.4000000;397.4000000;397.0000000;397.0000000;800
TATN;5;20161227;132000;397.0000000;397.0000000;396.8000000;396.8000000;170
TATN;5;20161227;132500;397.1000000;397.6000000;397.1000000;397.6000000;790
TATN;5;20161227;133000;397.6500000;397.7000000;397.3000000;397.3000000;210
TATN;5;20161227;134000;397.3500000;397.3500000;397.3000000;397.3000000;250
TATN;5;20161227;134500;397.6000000;397.6000000;397.3000000;397.3000000;220
TATN;5;20161227;135000;397.4000000;397.4000000;396.7500000;396.8000000;570
TATN;5;20161227;135500;396.8500000;397.2500000;396.5500000;396.5500000;1940
TATN;5;20161227;140000;396.8500000;397.7000000;396.8500000;397.4500000;2600
TATN;5;20161227;142500;397.4000000;397.4000000;397.4000000;397.4000000;60
TATN;5;20161227;143000;397.4000000;397.6500000;397.4000000;397.6500000;520
TATN;5;20161227;143500;397.6000000;397.8500000;397.6000000;397.7000000;770
TATN;5;20161227;144000;397.5000000;397.5500000;397.2000000;397.2000000;260
TATN;5;20161227;144500;397.5500000;397.6500000;397.5500000;397.6500000;520
TATN;5;20161227;145500;397.8500000;397.8500000;397.8500000;397.8500000;10
TATN;5;20161227;150500;397.8000000;398.5000000;397.8000000;398.0500000;1940
TATN;5;20161227;151000;398.3000000;398.9500000;398.3000000;398.9500000;920
TATN;5;20161227;151500;398.7500000;398.7500000;398.6500000;398.6500000;180
TATN;5;20161227;152000;398.1000000;398.1000000;398.0500000;398.0500000;1590
TATN;5;20161227;152500;398.4500000;399.6000000;398.4500000;399.2500000;4030
TATN;5;20161227;153000;399.6500000;399.6500000;399.0500000;399.0500000;1690
TATN;5;20161227;153500;398.9500000;398.9500000;398.7500000;398.7500000;1020
TATN;5;20161227;154500;398.4000000;398.9500000;398.1500000;398.9500000;370
TATN;5;20161227;155000;398.7000000;399.6000000;398.2500000;399.6000000;4940
TATN;5;20161227;155500;399.5500000;399.6500000;399.3500000;399.3500000;870
TATN;5;20161227;160000;399.3500000;399.9500000;399.3500000;399.7000000;2070
TATN;5;20161227;160500;399.8500000;400.3000000;399.6000000;399.7500000;5030
TATN;5;20161227;161000;399.3500000;400.0000000;399.1000000;399.1000000;3640
TATN;5;20161227;161500;399.1500000;399.2000000;398.8000000;398.8000000;630
TATN;5;20161227;162500;398.8000000;399.1000000;398.7000000;399.1000000;1320
TATN;5;20161227;163500;398.6500000;398.6500000;398.4500000;398.4500000;330
TATN;5;20161227;164000;398.4500000;398.4500000;398.0500000;398.4500000;280
TATN;5;20161227;164500;398.3000000;398.6000000;398.3000000;398.6000000;470
TATN;5;20161227;165000;398.5000000;398.5000000;398.2500000;398.2500000;2200
TATN;5;20161227;165500;398.2500000;398.6500000;398.2500000;398.5500000;2390
TATN;5;20161227;170000;398.5500000;399.3000000;398.5000000;399.0500000;4720
TATN;5;20161227;170500;399.1000000;399.4500000;399.1000000;399.3500000;1080
TATN;5;20161227;171000;399.0000000;399.9000000;399.0000000;399.8000000;2180
TATN;5;20161227;171500;399.6000000;399.6000000;399.6000000;399.6000000;40
TATN;5;20161227;172000;399.3000000;399.3500000;399.3000000;399.3500000;90
TATN;5;20161227;172500;399.3500000;399.8500000;399.3500000;399.8500000;3110
TATN;5;20161227;173000;399.5000000;399.5000000;399.5000000;399.5000000;100
TATN;5;20161227;173500;399.8000000;400.6500000;399.8000000;400.1000000;8900
TATN;5;20161227;174000;400.1000000;400.6500000;400.1000000;400.4000000;3890
TATN;5;20161227;174500;400.4000000;401.1000000;400.4000000;400.4000000;4800
TATN;5;20161227;175000;400.3500000;401.2500000;400.3500000;400.9000000;6880
TATN;5;20161227;175500;401.1000000;401.5500000;401.1000000;401.4000000;4060
TATN;5;20161227;180000;401.4000000;401.9500000;401.3000000;401.6500000;8270
TATN;5;20161227;180500;401.8500000;401.9000000;401.5000000;401.5000000;1400
TATN;5;20161227;181000;401.6000000;401.7000000;401.2500000;401.2500000;1740
TATN;5;20161227;181500;401.3000000;401.3000000;400.7500000;400.7500000;560
TATN;5;20161227;182000;400.8500000;401.8500000;400.8500000;401.3500000;8290
TATN;5;20161227;182500;401.7000000;402.4000000;401.5000000;402.3500000;7350
TATN;5;20161227;183000;402.3500000;403.2000000;402.3000000;402.7000000;13880
TATN;5;20161227;183500;402.5500000;402.9000000;402.4000000;402.4000000;1470
TATN;5;20161227;184000;402.3500000;402.6000000;401.9500000;402.6000000;14010
TATN;5;20161227;185000;402.9500000;402.9500000;402.9500000;402.9500000;7230
TATN;5;20161228;100500;403.0000000;403.7500000;401.8000000;403.4500000;6760
TATN;5;20161228;101000;403.2500000;403.3000000;401.6500000;402.2000000;7090
TATN;5;20161228;101500;402.6500000;403.5000000;401.8000000;402.6500000;10220
TATN;5;20161228;102000;402.1500000;403.5500000;402.1500000;403.5500000;900
TATN;5;20161228;102500;403.5500000;403.7000000;403.0000000;403.5000000;3840
TATN;5;20161228;103000;403.5500000;403.5500000;402.7000000;403.2000000;980
TATN;5;20161228;103500;403.3500000;404.4000000;403.3500000;404.4000000;7150
TATN;5;20161228;104000;404.4000000;405.2000000;404.0500000;404.8500000;14770
TATN;5;20161228;104500;405.0000000;405.1500000;404.1000000;404.5000000;2190
TATN;5;20161228;105000;404.3000000;404.3000000;402.6500000;402.9500000;10330
TATN;5;20161228;105500;403.1000000;404.2000000;403.0500000;403.4000000;8220
TATN;5;20161228;110000;403.4500000;404.1000000;403.3000000;403.3000000;5070
TATN;5;20161228;110500;403.8000000;403.9500000;402.8500000;403.3000000;11910
TATN;5;20161228;111000;403.3500000;405.3000000;403.1000000;404.6000000;24750
TATN;5;20161228;111500;404.5000000;405.8000000;404.3500000;405.8000000;6500
TATN;5;20161228;112000;405.8000000;406.8000000;405.5000000;406.2000000;9150
TATN;5;20161228;112500;406.0000000;407.9000000;405.7000000;407.3000000;21740
TATN;5;20161228;113000;407.3500000;408.4000000;406.5000000;408.3000000;19240
TATN;5;20161228;113500;408.2500000;408.3500000;407.5000000;407.8000000;8470
TATN;5;20161228;114000;407.7000000;408.0000000;407.6500000;408.0000000;3340
TATN;5;20161228;114500;408.2000000;409.7000000;408.0000000;409.7000000;18870
TATN;5;20161228;115000;409.6500000;410.5000000;409.5000000;409.9000000;18180
TATN;5;20161228;115500;409.9000000;413.1500000;409.5500000;412.9500000;87330
TATN;5;20161228;120000;412.9500000;413.0000000;411.1500000;411.6500000;19400
TATN;5;20161228;120500;411.5500000;412.8500000;411.1500000;412.8500000;9900
TATN;5;20161228;121000;412.8500000;414.7000000;412.6000000;413.7000000;78770
TATN;5;20161228;121500;414.0000000;414.0000000;411.2500000;411.9000000;18780
TATN;5;20161228;122000;411.9000000;411.9500000;410.0500000;411.3500000;8740
TATN;5;20161228;122500;411.3000000;411.9000000;410.8000000;411.0000000;3800
TATN;5;20161228;123000;411.4500000;412.3500000;411.4500000;412.0500000;5550
TATN;5;20161228;123500;412.2000000;412.9000000;411.7500000;412.4000000;15420
TATN;5;20161228;124000;412.6000000;413.7000000;412.3500000;413.6500000;9710
TATN;5;20161228;124500;413.3500000;413.7000000;412.4000000;412.9500000;17680
TATN;5;20161228;125000;412.9000000;414.0000000;412.7500000;413.6500000;22900
TATN;5;20161228;125500;413.6500000;414.0000000;413.2000000;413.2000000;5250
TATN;5;20161228;130000;413.2000000;413.7500000;413.0000000;413.7500000;5500
TATN;5;20161228;130500;413.7500000;415.0000000;413.1000000;414.6500000;38850
TATN;5;20161228;131000;414.7000000;414.8500000;414.1000000;414.5000000;9750
TATN;5;20161228;131500;414.4500000;415.0000000;414.2000000;414.7000000;16610
TATN;5;20161228;132000;415.0000000;416.4500000;414.6500000;416.4000000;26430
TATN;5;20161228;132500;416.3500000;417.2500000;414.0000000;415.2000000;35540
TATN;5;20161228;133000;414.8500000;415.3000000;414.3000000;414.9000000;11120
TATN;5;20161228;133500;414.6000000;415.0000000;414.0000000;415.0000000;15250
TATN;5;20161228;134000;414.6500000;415.6000000;412.4500000;413.0000000;20340
TATN;5;20161228;134500;413.4000000;414.0000000;412.8500000;414.0000000;12180
TATN;5;20161228;135000;414.0000000;414.4500000;412.9500000;413.5000000;5300
TATN;5;20161228;135500;413.1000000;413.1000000;412.1500000;413.0000000;7350
TATN;5;20161228;140000;413.1000000;413.1500000;412.5000000;412.7000000;4220
TATN;5;20161228;140500;412.7500000;413.1000000;412.0500000;412.3500000;11400
TATN;5;20161228;141000;412.5000000;413.2000000;412.1000000;413.0500000;5970
TATN;5;20161228;141500;413.0500000;413.0500000;412.2000000;412.2000000;4770
TATN;5;20161228;142000;412.2500000;412.8500000;411.7000000;412.0000000;12990
TATN;5;20161228;142500;411.8000000;412.4500000;411.8000000;412.4500000;3140
TATN;5;20161228;143000;412.0500000;412.8500000;412.0000000;412.7000000;6670
TATN;5;20161228;143500;412.7500000;412.9000000;412.1500000;412.9000000;2900
TATN;5;20161228;144000;412.9000000;412.9000000;411.9500000;412.1500000;25130
TATN;5;20161228;144500;412.1500000;412.5500000;412.0000000;412.3000000;7450
TATN;5;20161228;145000;412.3000000;412.3000000;411.5500000;411.8500000;19830
TATN;5;20161228;145500;411.8500000;412.0000000;411.4000000;411.7000000;12440
TATN;5;20161228;150000;411.7500000;411.8500000;411.0000000;411.0000000;16200
TATN;5;20161228;150500;411.0500000;411.7000000;411.0500000;411.6500000;3170
TATN;5;20161228;151000;411.6500000;412.0500000;411.3000000;411.5500000;8190
TATN;5;20161228;151500;411.5000000;411.7500000;411.1500000;411.7500000;4750
TATN;5;20161228;152000;411.5000000;411.5500000;410.5500000;411.1500000;15510
TATN;5;20161228;152500;411.1000000;411.2000000;410.4500000;410.7500000;12860
TATN;5;20161228;153000;410.7500000;411.4000000;410.4500000;411.4000000;11940
TATN;5;20161228;153500;411.4000000;411.7500000;410.6500000;411.1500000;11950
TATN;5;20161228;154000;411.6000000;412.2000000;411.1500000;412.1500000;13850
TATN;5;20161228;154500;412.1500000;412.4500000;411.4500000;411.9500000;12800
TATN;5;20161228;155000;412.1500000;412.1500000;411.7500000;411.9500000;1870
TATN;5;20161228;155500;412.0500000;412.1500000;411.9500000;412.0000000;1080
TATN;5;20161228;160000;412.0000000;412.5000000;411.6000000;412.5000000;10310
TATN;5;20161228;160500;412.5000000;412.5000000;411.7500000;411.7500000;3650
TATN;5;20161228;161000;411.9500000;412.2000000;411.6000000;411.6000000;5640
TATN;5;20161228;161500;411.9500000;412.2000000;411.8500000;412.2000000;2250
TATN;5;20161228;162000;412.2000000;412.5000000;411.5500000;411.6500000;8670
TATN;5;20161228;162500;411.9500000;412.4000000;411.2000000;412.3000000;24460
TATN;5;20161228;163000;412.2500000;413.4000000;412.2500000;412.9000000;17080
TATN;5;20161228;163500;413.0000000;413.0000000;411.8500000;412.1500000;4350
TATN;5;20161228;164000;412.2000000;413.3000000;412.1500000;413.2000000;10370
TATN;5;20161228;164500;413.2000000;413.5500000;412.8000000;413.5500000;4670
TATN;5;20161228;165000;413.5500000;414.0000000;413.3500000;413.9000000;9220
TATN;5;20161228;165500;413.8500000;414.2500000;413.5000000;414.2500000;12200
TATN;5;20161228;170000;414.2500000;414.5500000;413.9000000;414.5000000;5890
TATN;5;20161228;170500;414.5000000;414.8000000;414.0000000;414.7000000;13000
TATN;5;20161228;171000;414.7500000;414.8000000;414.1500000;414.6500000;19810
TATN;5;20161228;171500;414.8000000;414.9000000;414.2000000;414.4500000;15880
TATN;5;20161228;172000;414.8000000;414.8500000;412.8500000;413.9500000;11160
TATN;5;20161228;172500;413.8500000;414.0500000;413.3000000;414.0500000;4980
TATN;5;20161228;173000;414.0500000;414.6000000;414.0500000;414.4000000;7050
TATN;5;20161228;173500;414.4500000;415.5500000;414.1500000;415.2500000;32220
TATN;5;20161228;174000;415.4000000;416.1000000;415.3500000;416.1000000;18340
TATN;5;20161228;174500;416.1000000;416.9000000;415.9000000;416.5000000;24190
TATN;5;20161228;175000;416.7500000;416.8000000;414.2000000;414.2000000;32860
TATN;5;20161228;175500;414.7500000;415.0000000;414.0500000;415.0000000;14930
TATN;5;20161228;180000;415.0000000;415.7000000;414.7000000;415.7000000;4940
TATN;5;20161228;180500;415.6000000;415.9000000;413.4000000;413.5000000;17340
TATN;5;20161228;181000;413.5000000;414.8000000;413.5000000;414.4500000;6910
TATN;5;20161228;181500;414.3500000;415.0500000;413.9500000;414.7000000;8740
TATN;5;20161228;182000;414.6500000;415.6500000;414.0000000;414.0000000;56490
TATN;5;20161228;182500;414.2500000;414.4000000;412.9500000;412.9500000;15160
TATN;5;20161228;183000;412.9500000;413.8500000;411.7500000;412.4000000;46720
TATN;5;20161228;183500;412.2500000;413.4500000;411.3500000;411.3500000;44470
TATN;5;20161228;184000;411.2500000;411.4500000;409.5500000;411.0000000;83640
TATN;5;20161228;185000;410.3000000;410.3000000;410.3000000;410.3000000;41980
TATN;5;20161229;100500;410.4000000;412.3000000;408.9500000;411.3500000;24880
TATN;5;20161229;101000;411.3500000;412.1500000;410.1500000;411.7500000;24020
TATN;5;20161229;101500;412.2000000;413.8000000;411.7500000;412.5000000;14260
TATN;5;20161229;102000;412.2500000;412.8000000;411.1000000;412.5000000;14580
TATN;5;20161229;102500;412.4000000;412.8000000;410.6500000;412.1000000;5320
TATN;5;20161229;103000;411.9500000;412.3500000;411.0500000;411.0500000;3520
TATN;5;20161229;103500;411.0000000;412.3500000;411.0000000;412.3500000;2340
TATN;5;20161229;104000;412.3500000;412.7000000;411.2500000;411.7000000;4260
TATN;5;20161229;104500;411.2500000;412.0500000;409.6500000;409.6500000;13020
TATN;5;20161229;105000;409.8500000;411.1500000;405.7500000;407.7500000;65660
TATN;5;20161229;105500;407.0500000;407.5500000;405.3500000;406.8000000;20750
TATN;5;20161229;110000;406.9000000;407.1000000;405.1000000;405.4000000;11950
TATN;5;20161229;110500;405.6500000;410.6000000;405.6500000;410.5000000;27030
TATN;5;20161229;111000;410.7000000;411.5500000;409.9500000;410.3500000;10920
TATN;5;20161229;111500;410.5500000;410.5500000;409.0000000;409.4500000;8910
TATN;5;20161229;112000;409.2000000;410.0000000;409.1500000;409.6500000;5550
TATN;5;20161229;112500;409.6000000;411.0500000;409.6000000;410.5000000;7890
TATN;5;20161229;113000;410.3500000;412.8000000;410.0500000;412.5000000;18300
TATN;5;20161229;113500;412.3500000;413.3500000;411.9000000;412.4000000;16540
TATN;5;20161229;114000;412.2000000;412.7500000;411.9000000;412.4000000;8230
TATN;5;20161229;114500;412.1000000;412.7000000;412.0000000;412.5000000;8870
TATN;5;20161229;115000;412.4000000;413.0000000;411.9000000;412.9500000;13860
TATN;5;20161229;115500;412.6000000;413.3500000;412.4500000;412.9500000;7510
TATN;5;20161229;120000;413.3000000;413.6500000;412.5000000;412.5000000;14980
TATN;5;20161229;120500;412.5000000;412.8000000;410.7500000;410.7500000;8570
TATN;5;20161229;121000;410.7500000;411.3000000;409.9000000;411.3000000;4700
TATN;5;20161229;121500;411.0500000;412.1500000;411.0000000;411.5000000;3520
TATN;5;20161229;122000;411.3000000;412.7500000;411.2500000;412.3000000;8280
TATN;5;20161229;122500;412.7000000;413.6000000;412.2500000;413.1500000;18290
TATN;5;20161229;123000;413.4000000;414.0000000;412.4500000;412.7500000;10950
TATN;5;20161229;123500;412.8000000;413.2000000;412.7500000;413.0500000;1080
TATN;5;20161229;124000;413.1000000;413.5500000;412.8500000;413.5500000;4850
TATN;5;20161229;124500;413.8000000;414.5000000;413.2000000;414.3000000;11010
TATN;5;20161229;125000;414.3000000;414.4000000;413.6500000;414.1000000;3870
TATN;5;20161229;125500;414.4000000;414.5500000;414.0000000;414.2000000;5230
TATN;5;20161229;130000;414.5000000;415.2500000;414.5000000;414.8000000;13470
TATN;5;20161229;130500;414.8000000;415.8000000;414.6500000;415.3000000;18590
TATN;5;20161229;131000;415.6000000;415.7500000;414.5500000;414.6500000;4210
TATN;5;20161229;131500;414.4500000;414.4500000;413.0000000;413.0000000;4580
TATN;5;20161229;132000;413.0000000;413.7000000;412.4500000;413.3000000;4600
TATN;5;20161229;132500;413.2500000;413.5000000;413.1000000;413.1000000;840
TATN;5;20161229;133000;413.6500000;414.4000000;413.6500000;414.4000000;1970
TATN;5;20161229;133500;414.4000000;415.3000000;414.0500000;414.4000000;8320
TATN;5;20161229;134000;414.4500000;414.5500000;414.1500000;414.1500000;2790
TATN;5;20161229;134500;414.1000000;414.3000000;413.6000000;414.0500000;7240
TATN;5;20161229;135000;413.7000000;413.8500000;413.4000000;413.5000000;1910
TATN;5;20161229;135500;413.5000000;413.8000000;413.1500000;413.2000000;1790
TATN;5;20161229;140000;413.6500000;414.0000000;413.3000000;413.4000000;2120
TATN;5;20161229;140500;413.4500000;413.9500000;413.4000000;413.9500000;420
TATN;5;20161229;141000;413.9000000;414.2000000;413.8000000;414.2000000;950
TATN;5;20161229;141500;413.9500000;414.1000000;413.6000000;413.6000000;1560
TATN;5;20161229;142000;413.6500000;413.7500000;412.7000000;412.7000000;2970
TATN;5;20161229;142500;412.7000000;413.6000000;412.5000000;413.0000000;7040
TATN;5;20161229;143000;413.1000000;413.5000000;413.1000000;413.2000000;1950
TATN;5;20161229;143500;413.4500000;414.0000000;413.4000000;414.0000000;1710
TATN;5;20161229;144000;413.6500000;413.6500000;413.0000000;413.1500000;3170
TATN;5;20161229;144500;413.1500000;414.1500000;412.5000000;414.1500000;9170
TATN;5;20161229;145000;414.1500000;414.4000000;413.9000000;414.2500000;2900
TATN;5;20161229;145500;414.3000000;414.5000000;413.9000000;414.2500000;2590
TATN;5;20161229;150000;414.2500000;414.5500000;414.0500000;414.5500000;4670
TATN;5;20161229;150500;414.5500000;414.5500000;414.3000000;414.3000000;820
TATN;5;20161229;151000;414.3000000;414.7000000;414.1500000;414.5500000;5060
TATN;5;20161229;151500;414.3000000;414.5000000;413.8500000;414.5000000;1060
TATN;5;20161229;152000;414.3500000;415.5000000;414.2500000;414.7500000;41750
TATN;5;20161229;152500;414.7500000;414.9000000;414.0000000;414.0000000;2650
TATN;5;20161229;153000;414.0500000;415.2500000;413.9500000;415.2500000;8560
TATN;5;20161229;153500;414.9500000;416.0000000;414.9000000;415.4000000;14670
TATN;5;20161229;154000;415.1000000;416.3500000;415.0500000;416.2500000;17130
TATN;5;20161229;154500;416.2500000;416.3000000;415.5500000;416.2500000;7440
TATN;5;20161229;155000;416.2000000;416.8000000;415.9000000;416.7500000;8100
TATN;5;20161229;155500;416.7500000;417.0000000;416.5500000;417.0000000;13360
TATN;5;20161229;160000;417.0000000;417.4000000;416.8000000;417.3500000;11400
TATN;5;20161229;160500;417.3500000;417.8000000;417.3000000;417.7500000;8980
TATN;5;20161229;161000;417.7500000;417.9000000;416.5000000;416.7000000;16110
TATN;5;20161229;161500;416.7000000;417.2000000;416.4000000;416.4000000;10440
TATN;5;20161229;162000;416.5500000;417.9000000;416.4000000;417.8500000;13270
TATN;5;20161229;162500;417.7000000;418.0000000;416.5000000;417.2000000;20800
TATN;5;20161229;163000;417.2000000;417.2000000;415.6000000;415.6000000;18630
TATN;5;20161229;163500;415.5500000;416.4500000;415.4000000;416.1000000;12260
TATN;5;20161229;164000;415.8000000;416.1500000;415.3500000;415.6000000;15970
TATN;5;20161229;164500;415.6000000;417.1500000;415.4500000;417.0000000;8620
TATN;5;20161229;165000;416.9500000;417.2000000;416.7000000;417.2000000;6830
TATN;5;20161229;165500;417.2000000;417.9500000;416.8500000;417.9000000;21400
TATN;5;20161229;170000;417.9000000;418.0000000;417.4500000;418.0000000;14610
TATN;5;20161229;170500;417.8000000;417.8000000;416.7500000;417.4000000;12250
TATN;5;20161229;171000;417.2500000;417.9000000;416.9500000;417.8000000;2410
TATN;5;20161229;171500;417.8000000;418.1000000;417.8000000;417.9000000;9240
TATN;5;20161229;172000;417.9500000;418.0000000;415.9000000;415.9000000;14250
TATN;5;20161229;172500;415.9000000;417.0000000;415.8000000;416.3500000;4010
TATN;5;20161229;173000;416.3500000;417.2500000;416.3000000;417.2000000;2160
TATN;5;20161229;173500;417.0000000;417.5000000;416.2000000;417.5000000;10820
TATN;5;20161229;174000;417.5000000;417.5000000;416.3000000;417.5000000;15030
TATN;5;20161229;174500;417.1500000;417.3500000;416.6000000;417.3500000;4400
TATN;5;20161229;175000;417.1500000;417.5500000;416.8500000;417.5500000;8440
TATN;5;20161229;175500;417.5000000;418.0000000;417.4000000;418.0000000;4070
TATN;5;20161229;180000;418.0000000;418.6500000;417.7000000;418.6500000;24960
TATN;5;20161229;180500;418.4000000;419.0000000;418.2500000;419.0000000;14360
TATN;5;20161229;181000;419.0000000;419.4500000;418.8500000;419.4000000;14690
TATN;5;20161229;181500;419.4500000;419.7500000;418.9000000;419.2000000;5660
TATN;5;20161229;182000;419.1500000;419.8500000;419.1000000;419.3500000;8300
TATN;5;20161229;182500;419.4000000;420.6000000;419.4000000;420.6000000;24860
TATN;5;20161229;183000;420.6000000;421.6000000;420.4000000;421.3500000;23300
TATN;5;20161229;183500;421.2000000;421.2500000;419.4000000;421.2500000;20450
TATN;5;20161229;184000;421.3000000;421.7500000;420.5500000;421.7000000;22740
TATN;5;20161229;185000;420.4000000;420.4000000;420.4000000;420.4000000;15420
TATN;5;20161230;100500;419.8500000;421.4500000;418.0000000;420.3000000;12470
TATN;5;20161230;101000;420.4500000;421.8000000;420.2500000;421.7000000;11500
TATN;5;20161230;101500;421.7500000;422.1500000;419.4000000;419.9500000;17700
TATN;5;20161230;102000;419.5500000;421.9500000;419.3000000;421.9000000;13280
TATN;5;20161230;102500;421.3000000;426.1000000;421.3000000;425.4500000;43400
TATN;5;20161230;103000;425.5500000;425.5500000;423.7000000;423.9000000;8890
TATN;5;20161230;103500;423.9000000;423.9000000;422.7500000;423.1500000;980
TATN;5;20161230;104000;423.5000000;424.0000000;423.1500000;423.7000000;1370
TATN;5;20161230;104500;423.6500000;424.9500000;423.4500000;423.4500000;4920
TATN;5;20161230;105000;423.4500000;423.7500000;422.6000000;422.6000000;2970
TATN;5;20161230;105500;422.8000000;424.2500000;422.6500000;423.6000000;2910
TATN;5;20161230;110000;423.8500000;423.8500000;421.9000000;422.7000000;2840
TATN;5;20161230;110500;422.5000000;423.0500000;421.7000000;423.0500000;2720
TATN;5;20161230;111000;422.9000000;422.9000000;421.4500000;421.4500000;1270
TATN;5;20161230;111500;421.9000000;422.9000000;421.4500000;422.4000000;6650
TATN;5;20161230;112000;422.4000000;422.4000000;421.4500000;422.1000000;2920
TATN;5;20161230;112500;422.1500000;422.5500000;421.7500000;421.7500000;1450
TATN;5;20161230;113000;421.6500000;421.6500000;419.0000000;419.8500000;25670
TATN;5;20161230;113500;420.3000000;421.0500000;416.4000000;417.3000000;155470
TATN;5;20161230;114000;417.6500000;418.7000000;417.0000000;417.7500000;27550
TATN;5;20161230;114500;418.0000000;418.0000000;416.7000000;417.0000000;18720
TATN;5;20161230;115000;417.0000000;417.0000000;415.4000000;415.5000000;30580
TATN;5;20161230;115500;415.5000000;416.4000000;415.3500000;415.6000000;14420
TATN;5;20161230;120000;416.1000000;416.1500000;415.5500000;415.8500000;3570
TATN;5;20161230;120500;415.8000000;417.4000000;415.8000000;416.6500000;6150
TATN;5;20161230;121000;416.8000000;416.9000000;416.4500000;416.9000000;1760
TATN;5;20161230;121500;416.8500000;416.8500000;415.1500000;415.6000000;6160
TATN;5;20161230;122000;415.6500000;416.4500000;415.2500000;416.4000000;9590
TATN;5;20161230;122500;416.4000000;416.4000000;415.3500000;415.6000000;6500
TATN;5;20161230;123000;415.6000000;416.5000000;415.6000000;416.2000000;4980
TATN;5;20161230;123500;416.0000000;418.5000000;416.0000000;418.2500000;8840
TATN;5;20161230;124000;418.0500000;419.0500000;417.6500000;418.4500000;12030
TATN;5;20161230;124500;418.9500000;419.0500000;417.9000000;418.6000000;11040
TATN;5;20161230;125000;418.4000000;418.9000000;418.2000000;418.8000000;4030
TATN;5;20161230;125500;418.6000000;418.6000000;418.2000000;418.2000000;300
TATN;5;20161230;130000;418.2000000;418.6000000;418.0500000;418.1500000;1650
TATN;5;20161230;130500;418.0500000;418.0500000;417.8000000;417.8000000;580
TATN;5;20161230;131000;417.8500000;419.5000000;417.8000000;419.5000000;13220
TATN;5;20161230;131500;419.2000000;419.4500000;417.9500000;418.2500000;8860
TATN;5;20161230;132000;417.9000000;418.4500000;417.7500000;418.3000000;9300
TATN;5;20161230;132500;418.3500000;418.5000000;417.7000000;418.0000000;4030
TATN;5;20161230;133000;418.0000000;418.2500000;417.6500000;418.0500000;2770
TATN;5;20161230;133500;417.9500000;417.9500000;417.5500000;417.5500000;1180
TATN;5;20161230;134000;417.8500000;418.6000000;417.8500000;418.1500000;8770
TATN;5;20161230;134500;418.3500000;419.3500000;418.1000000;419.2500000;7550
TATN;5;20161230;135000;418.7500000;419.1500000;418.7000000;418.7500000;1500
TATN;5;20161230;135500;418.7500000;420.0000000;418.7500000;419.9000000;9830
TATN;5;20161230;140000;419.9000000;419.9000000;418.9500000;418.9500000;1540
TATN;5;20161230;140500;418.9500000;419.1500000;418.2500000;418.2500000;2480
TATN;5;20161230;141000;418.1500000;418.4000000;418.1500000;418.4000000;710
TATN;5;20161230;141500;418.5500000;418.8500000;417.7500000;417.7500000;1720
TATN;5;20161230;142000;417.6000000;417.6000000;416.7500000;416.8500000;9760
TATN;5;20161230;142500;416.8500000;417.2000000;416.2000000;416.2000000;3370
TATN;5;20161230;143000;416.2000000;416.4000000;416.1000000;416.4000000;280
TATN;5;20161230;143500;416.4500000;417.3500000;416.4500000;416.9000000;5820
TATN;5;20161230;144000;416.8000000;417.3000000;416.8000000;417.2500000;1140
TATN;5;20161230;144500;417.2500000;417.2500000;416.8500000;416.8500000;660
TATN;5;20161230;145000;416.7500000;416.9500000;416.7500000;416.9500000;530
TATN;5;20161230;145500;416.9500000;417.3000000;416.8000000;416.9500000;2430
TATN;5;20161230;150000;417.2000000;417.9500000;416.5000000;416.5000000;13240
TATN;5;20161230;150500;416.7000000;417.0000000;416.6000000;417.0000000;1340
TATN;5;20161230;151000;417.1500000;417.2500000;416.8500000;417.1500000;3190
TATN;5;20161230;151500;417.0500000;417.1500000;416.3500000;416.6500000;4630
TATN;5;20161230;152000;416.7500000;417.2000000;415.7000000;416.3000000;7090
TATN;5;20161230;152500;416.4500000;417.4500000;416.4500000;417.4500000;3810
TATN;5;20161230;153000;417.1500000;417.9000000;416.8500000;417.6000000;6600
TATN;5;20161230;153500;417.5000000;418.0000000;417.5000000;417.8000000;320
TATN;5;20161230;154000;417.7000000;418.2500000;417.7000000;418.2500000;390
TATN;5;20161230;154500;418.2000000;420.0000000;418.1500000;420.0000000;14440
TATN;5;20161230;155000;419.9500000;420.0000000;419.3500000;419.6000000;2450
TATN;5;20161230;155500;419.8500000;420.0000000;419.7000000;419.8000000;3990
TATN;5;20161230;160000;419.8000000;421.1500000;419.7000000;420.4000000;39850
TATN;5;20161230;160500;420.2500000;421.6500000;419.8500000;420.5000000;8720
TATN;5;20161230;161000;420.5000000;421.3000000;420.4000000;420.8500000;3440
TATN;5;20161230;161500;420.8500000;421.6000000;420.1500000;420.6000000;15290
TATN;5;20161230;162000;420.5500000;420.8000000;419.8000000;419.9500000;3690
TATN;5;20161230;162500;419.9500000;420.4000000;419.4500000;419.9500000;29690
TATN;5;20161230;163000;419.8500000;420.1000000;418.4000000;418.8500000;4250
TATN;5;20161230;163500;418.6000000;418.9500000;418.5500000;418.8000000;510
TATN;5;20161230;164000;418.9500000;419.3500000;418.9500000;419.3000000;2060
TATN;5;20161230;164500;419.7000000;420.1500000;419.6000000;419.7000000;4730
TATN;5;20161230;165000;419.8000000;421.3500000;419.8000000;421.0000000;8110
TATN;5;20161230;165500;420.4500000;421.0000000;419.2500000;420.0500000;5850
TATN;5;20161230;170000;420.2000000;420.7000000;420.0500000;420.7000000;8210
TATN;5;20161230;170500;420.6500000;420.6500000;419.3500000;419.4500000;8980
TATN;5;20161230;171000;419.3500000;419.5500000;418.9500000;418.9500000;1880
TATN;5;20161230;171500;418.9500000;418.9500000;417.8500000;418.5000000;7220
TATN;5;20161230;172000;418.4000000;418.8500000;418.4000000;418.7000000;3460
TATN;5;20161230;172500;418.9000000;419.4500000;418.9000000;419.4000000;1510
TATN;5;20161230;173000;419.5000000;419.6000000;419.5000000;419.6000000;2010
TATN;5;20161230;173500;419.4500000;420.0000000;419.0500000;420.0000000;2400
TATN;5;20161230;174000;419.5500000;420.8000000;419.3500000;420.6000000;8220
TATN;5;20161230;174500;420.6500000;421.9000000;420.6500000;421.1500000;3540
TATN;5;20161230;175000;421.5500000;422.6500000;421.5500000;422.4500000;29740
TATN;5;20161230;175500;422.4000000;422.7500000;422.1500000;422.5000000;16660
TATN;5;20161230;180000;422.4500000;422.6000000;421.2500000;421.9500000;20050
TATN;5;20161230;180500;421.9500000;422.7500000;421.9500000;422.2500000;16700
TATN;5;20161230;181000;422.6000000;423.0000000;421.8500000;421.9500000;17600
TATN;5;20161230;181500;422.1500000;422.9500000;421.6500000;422.3500000;40650
TATN;5;20161230;182000;422.3500000;423.3000000;422.3500000;422.8000000;12740
TATN;5;20161230;182500;422.9500000;425.0500000;422.8000000;423.3500000;52350
TATN;5;20161230;183000;423.3500000;424.2000000;423.3000000;424.0000000;37790
TATN;5;20161230;183500;424.3000000;426.0500000;424.1000000;426.0500000;69080
TATN;5;20161230;184000;426.0500000;427.2000000;425.8000000;427.2000000;86120
TATN;5;20161230;185000;427.0000000;427.0000000;427.0000000;427.0000000;73950
